http://example.org/stkg/id/obs_rel_BTR80_K2BlackPanther_20260205T223632Z_1_c_d	http://www.w3.org/1999/02/22-rdf-syntax-ns#type	http://example.org/stkg/id/SpatialRelationObservation
http://example.org/stkg/id/obs_rel_BTR80_K2BlackPanther_20260205T223632Z_1_c_d	http://example.org/stkg/subjectEntity	http://example.org/stkg/id/platform_BTR80
http://example.org/stkg/id/obs_rel_BTR80_K2BlackPanther_20260205T223632Z_1_c_d	http://example.org/stkg/objectEntity	http://example.org/stkg/id/platform_K2BlackPanther
http://example.org/stkg/id/obs_rel_BTR80_K2BlackPanther_20260205T223632Z_1_c_d	http://example.org/stkg/relationType	http://example.org/stkg/id/relation_behind_of
http://example.org/stkg/id/obs_rel_BTR80_K2BlackPanther_20260205T223632Z_1_c_d	http://example.org/stkg/time	"2026-02-05T22:36:32Z"^^<http://www.w3.org/2001/XMLSchema#dateTime>
http://example.org/stkg/id/obs_rel_K2BlackPanther_BTR80_20260205T223632Z_1_d_c	http://www.w3.org/1999/02/22-rdf-syntax-ns#type	http://example.org/stkg/id/SpatialRelationObservation
http://example.org/stkg/id/obs_rel_K2BlackPanther_BTR80_20260205T223632Z_1_d_c	http://example.org/stkg/subjectEntity	http://example.org/stkg/id/platform_K2BlackPanther
http://example.org/stkg/id/obs_rel_K2BlackPanther_BTR80_20260205T223632Z_1_d_c	http://example.org/stkg/objectEntity	http://example.org/stkg/id/platform_BTR80
http://example.org/stkg/id/obs_rel_K2BlackPanther_BTR80_20260205T223632Z_1_d_c	http://example.org/stkg/relationType	http://example.org/stkg/id/relation_ahead_of
http://example.org/stkg/id/obs_rel_K2BlackPanther_BTR80_20260205T223632Z_1_d_c	http://example.org/stkg/time	"2026-02-05T22:36:32Z"^^<http://www.w3.org/2001/XMLSchema#dateTime>
http://example.org/stkg/id/obs_rel_K2BlackPanther_T90_20260205T223632Z_1_d_e	http://www.w3.org/1999/02/22-rdf-syntax-ns#type	http://example.org/stkg/id/SpatialRelationObservation
http://example.org/stkg/id/obs_rel_K2BlackPanther_T90_20260205T223632Z_1_d_e	http://example.org/stkg/subjectEntity	http://example.org/stkg/id/platform_K2BlackPanther
http://example.org/stkg/id/obs_rel_K2BlackPanther_T90_20260205T223632Z_1_d_e	http://example.org/stkg/objectEntity	http://example.org/stkg/id/platform_T90
http://example.org/stkg/id/obs_rel_K2BlackPanther_T90_20260205T223632Z_1_d_e	http://example.org/stkg/relationType	http://example.org/stkg/id/relation_behind_of
http://example.org/stkg/id/obs_rel_K2BlackPanther_T90_20260205T223632Z_1_d_e	http://example.org/stkg/time	"2026-02-05T22:36:32Z"^^<http://www.w3.org/2001/XMLSchema#dateTime>
http://example.org/stkg/id/obs_rel_T90_K2BlackPanther_20260205T223632Z_1_e_d	http://www.w3.org/1999/02/22-rdf-syntax-ns#type	http://example.org/stkg/id/SpatialRelationObservation
http://example.org/stkg/id/obs_rel_T90_K2BlackPanther_20260205T223632Z_1_e_d	http://example.org/stkg/subjectEntity	http://example.org/stkg/id/platform_T90
http://example.org/stkg/id/obs_rel_T90_K2BlackPanther_20260205T223632Z_1_e_d	http://example.org/stkg/objectEntity	http://example.org/stkg/id/platform_K2BlackPanther
http://example.org/stkg/id/obs_rel_T90_K2BlackPanther_20260205T223632Z_1_e_d	http://example.org/stkg/relationType	http://example.org/stkg/id/relation_ahead_of
http://example.org/stkg/id/obs_rel_T90_K2BlackPanther_20260205T223632Z_1_e_d	http://example.org/stkg/time	"2026-02-05T22:36:32Z"^^<http://www.w3.org/2001/XMLSchema#dateTime>
http://example.org/stkg/id/obs_rel_BTR80_T90_20260205T223632Z_1_c_e	http://www.w3.org/1999/02/22-rdf-syntax-ns#type	http://example.org/stkg/id/SpatialRelationObservation
http://example.org/stkg/id/obs_rel_BTR80_T90_20260205T223632Z_1_c_e	http://example.org/stkg/subjectEntity	http://example.org/stkg/id/platform_BTR80
http://example.org/stkg/id/obs_rel_BTR80_T90_20260205T223632Z_1_c_e	http://example.org/stkg/objectEntity	http://example.org/stkg/id/platform_T90
http://example.org/stkg/id/obs_rel_BTR80_T90_20260205T223632Z_1_c_e	http://example.org/stkg/relationType	http://example.org/stkg/id/relation_behind_of
http://example.org/stkg/id/obs_rel_BTR80_T90_20260205T223632Z_1_c_e	http://example.org/stkg/time	"2026-02-05T22:36:32Z"^^<http://www.w3.org/2001/XMLSchema#dateTime>
http://example.org/stkg/id/obs_rel_T90_BTR80_20260205T223632Z_1_e_c	http://www.w3.org/1999/02/22-rdf-syntax-ns#type	http://example.org/stkg/id/SpatialRelationObservation
http://example.org/stkg/id/obs_rel_T90_BTR80_20260205T223632Z_1_e_c	http://example.org/stkg/subjectEntity	http://example.org/stkg/id/platform_T90
http://example.org/stkg/id/obs_rel_T90_BTR80_20260205T223632Z_1_e_c	http://example.org/stkg/objectEntity	http://example.org/stkg/id/platform_BTR80
http://example.org/stkg/id/obs_rel_T90_BTR80_20260205T223632Z_1_e_c	http://example.org/stkg/relationType	http://example.org/stkg/id/relation_ahead_of
http://example.org/stkg/id/obs_rel_T90_BTR80_20260205T223632Z_1_e_c	http://example.org/stkg/time	"2026-02-05T22:36:32Z"^^<http://www.w3.org/2001/XMLSchema#dateTime>
http://example.org/stkg/id/obs_rel_BTR80_K2BlackPanther_20260205T223633Z_2_c_d	http://www.w3.org/1999/02/22-rdf-syntax-ns#type	http://example.org/stkg/id/SpatialRelationObservation
http://example.org/stkg/id/obs_rel_BTR80_K2BlackPanther_20260205T223633Z_2_c_d	http://example.org/stkg/subjectEntity	http://example.org/stkg/id/platform_BTR80
http://example.org/stkg/id/obs_rel_BTR80_K2BlackPanther_20260205T223633Z_2_c_d	http://example.org/stkg/objectEntity	http://example.org/stkg/id/platform_K2BlackPanther
http://example.org/stkg/id/obs_rel_BTR80_K2BlackPanther_20260205T223633Z_2_c_d	http://example.org/stkg/relationType	http://example.org/stkg/id/relation_behind_of
http://example.org/stkg/id/obs_rel_BTR80_K2BlackPanther_20260205T223633Z_2_c_d	http://example.org/stkg/time	"2026-02-05T22:36:33Z"^^<http://www.w3.org/2001/XMLSchema#dateTime>
http://example.org/stkg/id/obs_rel_K2BlackPanther_BTR80_20260205T223633Z_2_d_c	http://www.w3.org/1999/02/22-rdf-syntax-ns#type	http://example.org/stkg/id/SpatialRelationObservation
http://example.org/stkg/id/obs_rel_K2BlackPanther_BTR80_20260205T223633Z_2_d_c	http://example.org/stkg/subjectEntity	http://example.org/stkg/id/platform_K2BlackPanther
http://example.org/stkg/id/obs_rel_K2BlackPanther_BTR80_20260205T223633Z_2_d_c	http://example.org/stkg/objectEntity	http://example.org/stkg/id/platform_BTR80
http://example.org/stkg/id/obs_rel_K2BlackPanther_BTR80_20260205T223633Z_2_d_c	http://example.org/stkg/relationType	http://example.org/stkg/id/relation_ahead_of
http://example.org/stkg/id/obs_rel_K2BlackPanther_BTR80_20260205T223633Z_2_d_c	http://example.org/stkg/time	"2026-02-05T22:36:33Z"^^<http://www.w3.org/2001/XMLSchema#dateTime>
http://example.org/stkg/id/obs_rel_K2BlackPanther_T90_20260205T223633Z_2_d_e	http://www.w3.org/1999/02/22-rdf-syntax-ns#type	http://example.org/stkg/id/SpatialRelationObservation
http://example.org/stkg/id/obs_rel_K2BlackPanther_T90_20260205T223633Z_2_d_e	http://example.org/stkg/subjectEntity	http://example.org/stkg/id/platform_K2BlackPanther
http://example.org/stkg/id/obs_rel_K2BlackPanther_T90_20260205T223633Z_2_d_e	http://example.org/stkg/objectEntity	http://example.org/stkg/id/platform_T90
http://example.org/stkg/id/obs_rel_K2BlackPanther_T90_20260205T223633Z_2_d_e	http://example.org/stkg/relationType	http://example.org/stkg/id/relation_behind_of
http://example.org/stkg/id/obs_rel_K2BlackPanther_T90_20260205T223633Z_2_d_e	http://example.org/stkg/time	"2026-02-05T22:36:33Z"^^<http://www.w3.org/2001/XMLSchema#dateTime>
http://example.org/stkg/id/obs_rel_T90_K2BlackPanther_20260205T223633Z_2_e_d	http://www.w3.org/1999/02/22-rdf-syntax-ns#type	http://example.org/stkg/id/SpatialRelationObservation
http://example.org/stkg/id/obs_rel_T90_K2BlackPanther_20260205T223633Z_2_e_d	http://example.org/stkg/subjectEntity	http://example.org/stkg/id/platform_T90
http://example.org/stkg/id/obs_rel_T90_K2BlackPanther_20260205T223633Z_2_e_d	http://example.org/stkg/objectEntity	http://example.org/stkg/id/platform_K2BlackPanther
http://example.org/stkg/id/obs_rel_T90_K2BlackPanther_20260205T223633Z_2_e_d	http://example.org/stkg/relationType	http://example.org/stkg/id/relation_ahead_of
http://example.org/stkg/id/obs_rel_T90_K2BlackPanther_20260205T223633Z_2_e_d	http://example.org/stkg/time	"2026-02-05T22:36:33Z"^^<http://www.w3.org/2001/XMLSchema#dateTime>
http://example.org/stkg/id/obs_rel_BTR80_T90_20260205T223633Z_2_c_e	http://www.w3.org/1999/02/22-rdf-syntax-ns#type	http://example.org/stkg/id/SpatialRelationObservation
http://example.org/stkg/id/obs_rel_BTR80_T90_20260205T223633Z_2_c_e	http://example.org/stkg/subjectEntity	http://example.org/stkg/id/platform_BTR80
http://example.org/stkg/id/obs_rel_BTR80_T90_20260205T223633Z_2_c_e	http://example.org/stkg/objectEntity	http://example.org/stkg/id/platform_T90
http://example.org/stkg/id/obs_rel_BTR80_T90_20260205T223633Z_2_c_e	http://example.org/stkg/relationType	http://example.org/stkg/id/relation_behind_of
http://example.org/stkg/id/obs_rel_BTR80_T90_20260205T223633Z_2_c_e	http://example.org/stkg/time	"2026-02-05T22:36:33Z"^^<http://www.w3.org/2001/XMLSchema#dateTime>
http://example.org/stkg/id/obs_rel_T90_BTR80_20260205T223633Z_2_e_c	http://www.w3.org/1999/02/22-rdf-syntax-ns#type	http://example.org/stkg/id/SpatialRelationObservation
http://example.org/stkg/id/obs_rel_T90_BTR80_20260205T223633Z_2_e_c	http://example.org/stkg/subjectEntity	http://example.org/stkg/id/platform_T90
http://example.org/stkg/id/obs_rel_T90_BTR80_20260205T223633Z_2_e_c	http://example.org/stkg/objectEntity	http://example.org/stkg/id/platform_BTR80
http://example.org/stkg/id/obs_rel_T90_BTR80_20260205T223633Z_2_e_c	http://example.org/stkg/relationType	http://example.org/stkg/id/relation_ahead_of
http://example.org/stkg/id/obs_rel_T90_BTR80_20260205T223633Z_2_e_c	http://example.org/stkg/time	"2026-02-05T22:36:33Z"^^<http://www.w3.org/2001/XMLSchema#dateTime>
http://example.org/stkg/id/obs_rel_BTR80_K2BlackPanther_20260205T223634Z_3_c_d	http://www.w3.org/1999/02/22-rdf-syntax-ns#type	http://example.org/stkg/id/SpatialRelationObservation
http://example.org/stkg/id/obs_rel_BTR80_K2BlackPanther_20260205T223634Z_3_c_d	http://example.org/stkg/subjectEntity	http://example.org/stkg/id/platform_BTR80
http://example.org/stkg/id/obs_rel_BTR80_K2BlackPanther_20260205T223634Z_3_c_d	http://example.org/stkg/objectEntity	http://example.org/stkg/id/platform_K2BlackPanther
http://example.org/stkg/id/obs_rel_BTR80_K2BlackPanther_20260205T223634Z_3_c_d	http://example.org/stkg/relationType	http://example.org/stkg/id/relation_behind_of
http://example.org/stkg/id/obs_rel_BTR80_K2BlackPanther_20260205T223634Z_3_c_d	http://example.org/stkg/time	"2026-02-05T22:36:34Z"^^<http://www.w3.org/2001/XMLSchema#dateTime>
http://example.org/stkg/id/obs_rel_K2BlackPanther_BTR80_20260205T223634Z_3_d_c	http://www.w3.org/1999/02/22-rdf-syntax-ns#type	http://example.org/stkg/id/SpatialRelationObservation
http://example.org/stkg/id/obs_rel_K2BlackPanther_BTR80_20260205T223634Z_3_d_c	http://example.org/stkg/subjectEntity	http://example.org/stkg/id/platform_K2BlackPanther
http://example.org/stkg/id/obs_rel_K2BlackPanther_BTR80_20260205T223634Z_3_d_c	http://example.org/stkg/objectEntity	http://example.org/stkg/id/platform_BTR80
http://example.org/stkg/id/obs_rel_K2BlackPanther_BTR80_20260205T223634Z_3_d_c	http://example.org/stkg/relationType	http://example.org/stkg/id/relation_ahead_of
http://example.org/stkg/id/obs_rel_K2BlackPanther_BTR80_20260205T223634Z_3_d_c	http://example.org/stkg/time	"2026-02-05T22:36:34Z"^^<http://www.w3.org/2001/XMLSchema#dateTime>
http://example.org/stkg/id/obs_rel_K2BlackPanther_T90_20260205T223634Z_3_d_e	http://www.w3.org/1999/02/22-rdf-syntax-ns#type	http://example.org/stkg/id/SpatialRelationObservation
http://example.org/stkg/id/obs_rel_K2BlackPanther_T90_20260205T223634Z_3_d_e	http://example.org/stkg/subjectEntity	http://example.org/stkg/id/platform_K2BlackPanther
http://example.org/stkg/id/obs_rel_K2BlackPanther_T90_20260205T223634Z_3_d_e	http://example.org/stkg/objectEntity	http://example.org/stkg/id/platform_T90
http://example.org/stkg/id/obs_rel_K2BlackPanther_T90_20260205T223634Z_3_d_e	http://example.org/stkg/relationType	http://example.org/stkg/id/relation_behind_of
http://example.org/stkg/id/obs_rel_K2BlackPanther_T90_20260205T223634Z_3_d_e	http://example.org/stkg/time	"2026-02-05T22:36:34Z"^^<http://www.w3.org/2001/XMLSchema#dateTime>
http://example.org/stkg/id/obs_rel_T90_K2BlackPanther_20260205T223634Z_3_e_d	http://www.w3.org/1999/02/22-rdf-syntax-ns#type	http://example.org/stkg/id/SpatialRelationObservation
http://example.org/stkg/id/obs_rel_T90_K2BlackPanther_20260205T223634Z_3_e_d	http://example.org/stkg/subjectEntity	http://example.org/stkg/id/platform_T90
http://example.org/stkg/id/obs_rel_T90_K2BlackPanther_20260205T223634Z_3_e_d	http://example.org/stkg/objectEntity	http://example.org/stkg/id/platform_K2BlackPanther
http://example.org/stkg/id/obs_rel_T90_K2BlackPanther_20260205T223634Z_3_e_d	http://example.org/stkg/relationType	http://example.org/stkg/id/relation_ahead_of
http://example.org/stkg/id/obs_rel_T90_K2BlackPanther_20260205T223634Z_3_e_d	http://example.org/stkg/time	"2026-02-05T22:36:34Z"^^<http://www.w3.org/2001/XMLSchema#dateTime>
http://example.org/stkg/id/obs_rel_BTR80_T90_20260205T223634Z_3_c_e	http://www.w3.org/1999/02/22-rdf-syntax-ns#type	http://example.org/stkg/id/SpatialRelationObservation
http://example.org/stkg/id/obs_rel_BTR80_T90_20260205T223634Z_3_c_e	http://example.org/stkg/subjectEntity	http://example.org/stkg/id/platform_BTR80
http://example.org/stkg/id/obs_rel_BTR80_T90_20260205T223634Z_3_c_e	http://example.org/stkg/objectEntity	http://example.org/stkg/id/platform_T90
http://example.org/stkg/id/obs_rel_BTR80_T90_20260205T223634Z_3_c_e	http://example.org/stkg/relationType	http://example.org/stkg/id/relation_behind_of
http://example.org/stkg/id/obs_rel_BTR80_T90_20260205T223634Z_3_c_e	http://example.org/stkg/time	"2026-02-05T22:36:34Z"^^<http://www.w3.org/2001/XMLSchema#dateTime>
http://example.org/stkg/id/obs_rel_T90_BTR80_20260205T223634Z_3_e_c	http://www.w3.org/1999/02/22-rdf-syntax-ns#type	http://example.org/stkg/id/SpatialRelationObservation
http://example.org/stkg/id/obs_rel_T90_BTR80_20260205T223634Z_3_e_c	http://example.org/stkg/subjectEntity	http://example.org/stkg/id/platform_T90
http://example.org/stkg/id/obs_rel_T90_BTR80_20260205T223634Z_3_e_c	http://example.org/stkg/objectEntity	http://example.org/stkg/id/platform_BTR80
http://example.org/stkg/id/obs_rel_T90_BTR80_20260205T223634Z_3_e_c	http://example.org/stkg/relationType	http://example.org/stkg/id/relation_ahead_of
http://example.org/stkg/id/obs_rel_T90_BTR80_20260205T223634Z_3_e_c	http://example.org/stkg/time	"2026-02-05T22:36:34Z"^^<http://www.w3.org/2001/XMLSchema#dateTime>
http://example.org/stkg/id/obs_rel_BTR80_K2BlackPanther_20260205T223635Z_4_c_d	http://www.w3.org/1999/02/22-rdf-syntax-ns#type	http://example.org/stkg/id/SpatialRelationObservation
http://example.org/stkg/id/obs_rel_BTR80_K2BlackPanther_20260205T223635Z_4_c_d	http://example.org/stkg/subjectEntity	http://example.org/stkg/id/platform_BTR80
http://example.org/stkg/id/obs_rel_BTR80_K2BlackPanther_20260205T223635Z_4_c_d	http://example.org/stkg/objectEntity	http://example.org/stkg/id/platform_K2BlackPanther
http://example.org/stkg/id/obs_rel_BTR80_K2BlackPanther_20260205T223635Z_4_c_d	http://example.org/stkg/relationType	http://example.org/stkg/id/relation_behind_of
http://example.org/stkg/id/obs_rel_BTR80_K2BlackPanther_20260205T223635Z_4_c_d	http://example.org/stkg/time	"2026-02-05T22:36:35Z"^^<http://www.w3.org/2001/XMLSchema#dateTime>
http://example.org/stkg/id/obs_rel_K2BlackPanther_BTR80_20260205T223635Z_4_d_c	http://www.w3.org/1999/02/22-rdf-syntax-ns#type	http://example.org/stkg/id/SpatialRelationObservation
http://example.org/stkg/id/obs_rel_K2BlackPanther_BTR80_20260205T223635Z_4_d_c	http://example.org/stkg/subjectEntity	http://example.org/stkg/id/platform_K2BlackPanther
http://example.org/stkg/id/obs_rel_K2BlackPanther_BTR80_20260205T223635Z_4_d_c	http://example.org/stkg/objectEntity	http://example.org/stkg/id/platform_BTR80
http://example.org/stkg/id/obs_rel_K2BlackPanther_BTR80_20260205T223635Z_4_d_c	http://example.org/stkg/relationType	http://example.org/stkg/id/relation_ahead_of
http://example.org/stkg/id/obs_rel_K2BlackPanther_BTR80_20260205T223635Z_4_d_c	http://example.org/stkg/time	"2026-02-05T22:36:35Z"^^<http://www.w3.org/2001/XMLSchema#dateTime>
http://example.org/stkg/id/obs_rel_K2BlackPanther_T90_20260205T223635Z_4_d_e	http://www.w3.org/1999/02/22-rdf-syntax-ns#type	http://example.org/stkg/id/SpatialRelationObservation
http://example.org/stkg/id/obs_rel_K2BlackPanther_T90_20260205T223635Z_4_d_e	http://example.org/stkg/subjectEntity	http://example.org/stkg/id/platform_K2BlackPanther
http://example.org/stkg/id/obs_rel_K2BlackPanther_T90_20260205T223635Z_4_d_e	http://example.org/stkg/objectEntity	http://example.org/stkg/id/platform_T90
http://example.org/stkg/id/obs_rel_K2BlackPanther_T90_20260205T223635Z_4_d_e	http://example.org/stkg/relationType	http://example.org/stkg/id/relation_behind_of
http://example.org/stkg/id/obs_rel_K2BlackPanther_T90_20260205T223635Z_4_d_e	http://example.org/stkg/time	"2026-02-05T22:36:35Z"^^<http://www.w3.org/2001/XMLSchema#dateTime>
http://example.org/stkg/id/obs_rel_T90_K2BlackPanther_20260205T223635Z_4_e_d	http://www.w3.org/1999/02/22-rdf-syntax-ns#type	http://example.org/stkg/id/SpatialRelationObservation
http://example.org/stkg/id/obs_rel_T90_K2BlackPanther_20260205T223635Z_4_e_d	http://example.org/stkg/subjectEntity	http://example.org/stkg/id/platform_T90
http://example.org/stkg/id/obs_rel_T90_K2BlackPanther_20260205T223635Z_4_e_d	http://example.org/stkg/objectEntity	http://example.org/stkg/id/platform_K2BlackPanther
http://example.org/stkg/id/obs_rel_T90_K2BlackPanther_20260205T223635Z_4_e_d	http://example.org/stkg/relationType	http://example.org/stkg/id/relation_ahead_of
http://example.org/stkg/id/obs_rel_T90_K2BlackPanther_20260205T223635Z_4_e_d	http://example.org/stkg/time	"2026-02-05T22:36:35Z"^^<http://www.w3.org/2001/XMLSchema#dateTime>
http://example.org/stkg/id/obs_rel_BTR80_T90_20260205T223635Z_4_c_e	http://www.w3.org/1999/02/22-rdf-syntax-ns#type	http://example.org/stkg/id/SpatialRelationObservation
http://example.org/stkg/id/obs_rel_BTR80_T90_20260205T223635Z_4_c_e	http://example.org/stkg/subjectEntity	http://example.org/stkg/id/platform_BTR80
http://example.org/stkg/id/obs_rel_BTR80_T90_20260205T223635Z_4_c_e	http://example.org/stkg/objectEntity	http://example.org/stkg/id/platform_T90
http://example.org/stkg/id/obs_rel_BTR80_T90_20260205T223635Z_4_c_e	http://example.org/stkg/relationType	http://example.org/stkg/id/relation_behind_of
http://example.org/stkg/id/obs_rel_BTR80_T90_20260205T223635Z_4_c_e	http://example.org/stkg/time	"2026-02-05T22:36:35Z"^^<http://www.w3.org/2001/XMLSchema#dateTime>
http://example.org/stkg/id/obs_rel_T90_BTR80_20260205T223635Z_4_e_c	http://www.w3.org/1999/02/22-rdf-syntax-ns#type	http://example.org/stkg/id/SpatialRelationObservation
http://example.org/stkg/id/obs_rel_T90_BTR80_20260205T223635Z_4_e_c	http://example.org/stkg/subjectEntity	http://example.org/stkg/id/platform_T90
http://example.org/stkg/id/obs_rel_T90_BTR80_20260205T223635Z_4_e_c	http://example.org/stkg/objectEntity	http://example.org/stkg/id/platform_BTR80
http://example.org/stkg/id/obs_rel_T90_BTR80_20260205T223635Z_4_e_c	http://example.org/stkg/relationType	http://example.org/stkg/id/relation_ahead_of
http://example.org/stkg/id/obs_rel_T90_BTR80_20260205T223635Z_4_e_c	http://example.org/stkg/time	"2026-02-05T22:36:35Z"^^<http://www.w3.org/2001/XMLSchema#dateTime>
http://example.org/stkg/id/obs_rel_BTR80_K2BlackPanther_20260205T223636Z_5_c_d	http://www.w3.org/1999/02/22-rdf-syntax-ns#type	http://example.org/stkg/id/SpatialRelationObservation
http://example.org/stkg/id/obs_rel_BTR80_K2BlackPanther_20260205T223636Z_5_c_d	http://example.org/stkg/subjectEntity	http://example.org/stkg/id/platform_BTR80
http://example.org/stkg/id/obs_rel_BTR80_K2BlackPanther_20260205T223636Z_5_c_d	http://example.org/stkg/objectEntity	http://example.org/stkg/id/platform_K2BlackPanther
http://example.org/stkg/id/obs_rel_BTR80_K2BlackPanther_20260205T223636Z_5_c_d	http://example.org/stkg/relationType	http://example.org/stkg/id/relation_behind_of
http://example.org/stkg/id/obs_rel_BTR80_K2BlackPanther_20260205T223636Z_5_c_d	http://example.org/stkg/time	"2026-02-05T22:36:36Z"^^<http://www.w3.org/2001/XMLSchema#dateTime>
http://example.org/stkg/id/obs_rel_K2BlackPanther_BTR80_20260205T223636Z_5_d_c	http://www.w3.org/1999/02/22-rdf-syntax-ns#type	http://example.org/stkg/id/SpatialRelationObservation
http://example.org/stkg/id/obs_rel_K2BlackPanther_BTR80_20260205T223636Z_5_d_c	http://example.org/stkg/subjectEntity	http://example.org/stkg/id/platform_K2BlackPanther
http://example.org/stkg/id/obs_rel_K2BlackPanther_BTR80_20260205T223636Z_5_d_c	http://example.org/stkg/objectEntity	http://example.org/stkg/id/platform_BTR80
http://example.org/stkg/id/obs_rel_K2BlackPanther_BTR80_20260205T223636Z_5_d_c	http://example.org/stkg/relationType	http://example.org/stkg/id/relation_ahead_of
http://example.org/stkg/id/obs_rel_K2BlackPanther_BTR80_20260205T223636Z_5_d_c	http://example.org/stkg/time	"2026-02-05T22:36:36Z"^^<http://www.w3.org/2001/XMLSchema#dateTime>
http://example.org/stkg/id/obs_rel_K2BlackPanther_T90_20260205T223636Z_5_d_e	http://www.w3.org/1999/02/22-rdf-syntax-ns#type	http://example.org/stkg/id/SpatialRelationObservation
http://example.org/stkg/id/obs_rel_K2BlackPanther_T90_20260205T223636Z_5_d_e	http://example.org/stkg/subjectEntity	http://example.org/stkg/id/platform_K2BlackPanther
http://example.org/stkg/id/obs_rel_K2BlackPanther_T90_20260205T223636Z_5_d_e	http://example.org/stkg/objectEntity	http://example.org/stkg/id/platform_T90
http://example.org/stkg/id/obs_rel_K2BlackPanther_T90_20260205T223636Z_5_d_e	http://example.org/stkg/relationType	http://example.org/stkg/id/relation_behind_of
http://example.org/stkg/id/obs_rel_K2BlackPanther_T90_20260205T223636Z_5_d_e	http://example.org/stkg/time	"2026-02-05T22:36:36Z"^^<http://www.w3.org/2001/XMLSchema#dateTime>
http://example.org/stkg/id/obs_rel_T90_K2BlackPanther_20260205T223636Z_5_e_d	http://www.w3.org/1999/02/22-rdf-syntax-ns#type	http://example.org/stkg/id/SpatialRelationObservation
http://example.org/stkg/id/obs_rel_T90_K2BlackPanther_20260205T223636Z_5_e_d	http://example.org/stkg/subjectEntity	http://example.org/stkg/id/platform_T90
http://example.org/stkg/id/obs_rel_T90_K2BlackPanther_20260205T223636Z_5_e_d	http://example.org/stkg/objectEntity	http://example.org/stkg/id/platform_K2BlackPanther
http://example.org/stkg/id/obs_rel_T90_K2BlackPanther_20260205T223636Z_5_e_d	http://example.org/stkg/relationType	http://example.org/stkg/id/relation_ahead_of
http://example.org/stkg/id/obs_rel_T90_K2BlackPanther_20260205T223636Z_5_e_d	http://example.org/stkg/time	"2026-02-05T22:36:36Z"^^<http://www.w3.org/2001/XMLSchema#dateTime>
http://example.org/stkg/id/obs_rel_BTR80_T90_20260205T223636Z_5_c_e	http://www.w3.org/1999/02/22-rdf-syntax-ns#type	http://example.org/stkg/id/SpatialRelationObservation
http://example.org/stkg/id/obs_rel_BTR80_T90_20260205T223636Z_5_c_e	http://example.org/stkg/subjectEntity	http://example.org/stkg/id/platform_BTR80
http://example.org/stkg/id/obs_rel_BTR80_T90_20260205T223636Z_5_c_e	http://example.org/stkg/objectEntity	http://example.org/stkg/id/platform_T90
http://example.org/stkg/id/obs_rel_BTR80_T90_20260205T223636Z_5_c_e	http://example.org/stkg/relationType	http://example.org/stkg/id/relation_behind_of
http://example.org/stkg/id/obs_rel_BTR80_T90_20260205T223636Z_5_c_e	http://example.org/stkg/time	"2026-02-05T22:36:36Z"^^<http://www.w3.org/2001/XMLSchema#dateTime>
http://example.org/stkg/id/obs_rel_T90_BTR80_20260205T223636Z_5_e_c	http://www.w3.org/1999/02/22-rdf-syntax-ns#type	http://example.org/stkg/id/SpatialRelationObservation
http://example.org/stkg/id/obs_rel_T90_BTR80_20260205T223636Z_5_e_c	http://example.org/stkg/subjectEntity	http://example.org/stkg/id/platform_T90
http://example.org/stkg/id/obs_rel_T90_BTR80_20260205T223636Z_5_e_c	http://example.org/stkg/objectEntity	http://example.org/stkg/id/platform_BTR80
http://example.org/stkg/id/obs_rel_T90_BTR80_20260205T223636Z_5_e_c	http://example.org/stkg/relationType	http://example.org/stkg/id/relation_ahead_of
http://example.org/stkg/id/obs_rel_T90_BTR80_20260205T223636Z_5_e_c	http://example.org/stkg/time	"2026-02-05T22:36:36Z"^^<http://www.w3.org/2001/XMLSchema#dateTime>
http://example.org/stkg/id/obs_rel_BTR80_K2BlackPanther_20260205T223637Z_6_c_d	http://www.w3.org/1999/02/22-rdf-syntax-ns#type	http://example.org/stkg/id/SpatialRelationObservation
http://example.org/stkg/id/obs_rel_BTR80_K2BlackPanther_20260205T223637Z_6_c_d	http://example.org/stkg/subjectEntity	http://example.org/stkg/id/platform_BTR80
http://example.org/stkg/id/obs_rel_BTR80_K2BlackPanther_20260205T223637Z_6_c_d	http://example.org/stkg/objectEntity	http://example.org/stkg/id/platform_K2BlackPanther
http://example.org/stkg/id/obs_rel_BTR80_K2BlackPanther_20260205T223637Z_6_c_d	http://example.org/stkg/relationType	http://example.org/stkg/id/relation_behind_of
http://example.org/stkg/id/obs_rel_BTR80_K2BlackPanther_20260205T223637Z_6_c_d	http://example.org/stkg/time	"2026-02-05T22:36:37Z"^^<http://www.w3.org/2001/XMLSchema#dateTime>
http://example.org/stkg/id/obs_rel_K2BlackPanther_BTR80_20260205T223637Z_6_d_c	http://www.w3.org/1999/02/22-rdf-syntax-ns#type	http://example.org/stkg/id/SpatialRelationObservation
http://example.org/stkg/id/obs_rel_K2BlackPanther_BTR80_20260205T223637Z_6_d_c	http://example.org/stkg/subjectEntity	http://example.org/stkg/id/platform_K2BlackPanther
http://example.org/stkg/id/obs_rel_K2BlackPanther_BTR80_20260205T223637Z_6_d_c	http://example.org/stkg/objectEntity	http://example.org/stkg/id/platform_BTR80
http://example.org/stkg/id/obs_rel_K2BlackPanther_BTR80_20260205T223637Z_6_d_c	http://example.org/stkg/relationType	http://example.org/stkg/id/relation_ahead_of
http://example.org/stkg/id/obs_rel_K2BlackPanther_BTR80_20260205T223637Z_6_d_c	http://example.org/stkg/time	"2026-02-05T22:36:37Z"^^<http://www.w3.org/2001/XMLSchema#dateTime>
http://example.org/stkg/id/obs_rel_K2BlackPanther_T90_20260205T223637Z_6_d_e	http://www.w3.org/1999/02/22-rdf-syntax-ns#type	http://example.org/stkg/id/SpatialRelationObservation
http://example.org/stkg/id/obs_rel_K2BlackPanther_T90_20260205T223637Z_6_d_e	http://example.org/stkg/subjectEntity	http://example.org/stkg/id/platform_K2BlackPanther
http://example.org/stkg/id/obs_rel_K2BlackPanther_T90_20260205T223637Z_6_d_e	http://example.org/stkg/objectEntity	http://example.org/stkg/id/platform_T90
http://example.org/stkg/id/obs_rel_K2BlackPanther_T90_20260205T223637Z_6_d_e	http://example.org/stkg/relationType	http://example.org/stkg/id/relation_behind_of
http://example.org/stkg/id/obs_rel_K2BlackPanther_T90_20260205T223637Z_6_d_e	http://example.org/stkg/time	"2026-02-05T22:36:37Z"^^<http://www.w3.org/2001/XMLSchema#dateTime>
http://example.org/stkg/id/obs_rel_T90_K2BlackPanther_20260205T223637Z_6_e_d	http://www.w3.org/1999/02/22-rdf-syntax-ns#type	http://example.org/stkg/id/SpatialRelationObservation
http://example.org/stkg/id/obs_rel_T90_K2BlackPanther_20260205T223637Z_6_e_d	http://example.org/stkg/subjectEntity	http://example.org/stkg/id/platform_T90
http://example.org/stkg/id/obs_rel_T90_K2BlackPanther_20260205T223637Z_6_e_d	http://example.org/stkg/objectEntity	http://example.org/stkg/id/platform_K2BlackPanther
http://example.org/stkg/id/obs_rel_T90_K2BlackPanther_20260205T223637Z_6_e_d	http://example.org/stkg/relationType	http://example.org/stkg/id/relation_ahead_of
http://example.org/stkg/id/obs_rel_T90_K2BlackPanther_20260205T223637Z_6_e_d	http://example.org/stkg/time	"2026-02-05T22:36:37Z"^^<http://www.w3.org/2001/XMLSchema#dateTime>
http://example.org/stkg/id/obs_rel_BTR80_T90_20260205T223637Z_6_c_e	http://www.w3.org/1999/02/22-rdf-syntax-ns#type	http://example.org/stkg/id/SpatialRelationObservation
http://example.org/stkg/id/obs_rel_BTR80_T90_20260205T223637Z_6_c_e	http://example.org/stkg/subjectEntity	http://example.org/stkg/id/platform_BTR80
http://example.org/stkg/id/obs_rel_BTR80_T90_20260205T223637Z_6_c_e	http://example.org/stkg/objectEntity	http://example.org/stkg/id/platform_T90
http://example.org/stkg/id/obs_rel_BTR80_T90_20260205T223637Z_6_c_e	http://example.org/stkg/relationType	http://example.org/stkg/id/relation_behind_of
http://example.org/stkg/id/obs_rel_BTR80_T90_20260205T223637Z_6_c_e	http://example.org/stkg/time	"2026-02-05T22:36:37Z"^^<http://www.w3.org/2001/XMLSchema#dateTime>
http://example.org/stkg/id/obs_rel_T90_BTR80_20260205T223637Z_6_e_c	http://www.w3.org/1999/02/22-rdf-syntax-ns#type	http://example.org/stkg/id/SpatialRelationObservation
http://example.org/stkg/id/obs_rel_T90_BTR80_20260205T223637Z_6_e_c	http://example.org/stkg/subjectEntity	http://example.org/stkg/id/platform_T90
http://example.org/stkg/id/obs_rel_T90_BTR80_20260205T223637Z_6_e_c	http://example.org/stkg/objectEntity	http://example.org/stkg/id/platform_BTR80
http://example.org/stkg/id/obs_rel_T90_BTR80_20260205T223637Z_6_e_c	http://example.org/stkg/relationType	http://example.org/stkg/id/relation_ahead_of
http://example.org/stkg/id/obs_rel_T90_BTR80_20260205T223637Z_6_e_c	http://example.org/stkg/time	"2026-02-05T22:36:37Z"^^<http://www.w3.org/2001/XMLSchema#dateTime>
http://example.org/stkg/id/obs_rel_BTR80_K2BlackPanther_20260205T223638Z_7_c_d	http://www.w3.org/1999/02/22-rdf-syntax-ns#type	http://example.org/stkg/id/SpatialRelationObservation
http://example.org/stkg/id/obs_rel_BTR80_K2BlackPanther_20260205T223638Z_7_c_d	http://example.org/stkg/subjectEntity	http://example.org/stkg/id/platform_BTR80
http://example.org/stkg/id/obs_rel_BTR80_K2BlackPanther_20260205T223638Z_7_c_d	http://example.org/stkg/objectEntity	http://example.org/stkg/id/platform_K2BlackPanther
http://example.org/stkg/id/obs_rel_BTR80_K2BlackPanther_20260205T223638Z_7_c_d	http://example.org/stkg/relationType	http://example.org/stkg/id/relation_behind_of
http://example.org/stkg/id/obs_rel_BTR80_K2BlackPanther_20260205T223638Z_7_c_d	http://example.org/stkg/time	"2026-02-05T22:36:38Z"^^<http://www.w3.org/2001/XMLSchema#dateTime>
http://example.org/stkg/id/obs_rel_K2BlackPanther_BTR80_20260205T223638Z_7_d_c	http://www.w3.org/1999/02/22-rdf-syntax-ns#type	http://example.org/stkg/id/SpatialRelationObservation
http://example.org/stkg/id/obs_rel_K2BlackPanther_BTR80_20260205T223638Z_7_d_c	http://example.org/stkg/subjectEntity	http://example.org/stkg/id/platform_K2BlackPanther
http://example.org/stkg/id/obs_rel_K2BlackPanther_BTR80_20260205T223638Z_7_d_c	http://example.org/stkg/objectEntity	http://example.org/stkg/id/platform_BTR80
http://example.org/stkg/id/obs_rel_K2BlackPanther_BTR80_20260205T223638Z_7_d_c	http://example.org/stkg/relationType	http://example.org/stkg/id/relation_ahead_of
http://example.org/stkg/id/obs_rel_K2BlackPanther_BTR80_20260205T223638Z_7_d_c	http://example.org/stkg/time	"2026-02-05T22:36:38Z"^^<http://www.w3.org/2001/XMLSchema#dateTime>
http://example.org/stkg/id/obs_rel_K2BlackPanther_T90_20260205T223638Z_7_d_e	http://www.w3.org/1999/02/22-rdf-syntax-ns#type	http://example.org/stkg/id/SpatialRelationObservation
http://example.org/stkg/id/obs_rel_K2BlackPanther_T90_20260205T223638Z_7_d_e	http://example.org/stkg/subjectEntity	http://example.org/stkg/id/platform_K2BlackPanther
http://example.org/stkg/id/obs_rel_K2BlackPanther_T90_20260205T223638Z_7_d_e	http://example.org/stkg/objectEntity	http://example.org/stkg/id/platform_T90
http://example.org/stkg/id/obs_rel_K2BlackPanther_T90_20260205T223638Z_7_d_e	http://example.org/stkg/relationType	http://example.org/stkg/id/relation_behind_of
http://example.org/stkg/id/obs_rel_K2BlackPanther_T90_20260205T223638Z_7_d_e	http://example.org/stkg/time	"2026-02-05T22:36:38Z"^^<http://www.w3.org/2001/XMLSchema#dateTime>
http://example.org/stkg/id/obs_rel_T90_K2BlackPanther_20260205T223638Z_7_e_d	http://www.w3.org/1999/02/22-rdf-syntax-ns#type	http://example.org/stkg/id/SpatialRelationObservation
http://example.org/stkg/id/obs_rel_T90_K2BlackPanther_20260205T223638Z_7_e_d	http://example.org/stkg/subjectEntity	http://example.org/stkg/id/platform_T90
http://example.org/stkg/id/obs_rel_T90_K2BlackPanther_20260205T223638Z_7_e_d	http://example.org/stkg/objectEntity	http://example.org/stkg/id/platform_K2BlackPanther
http://example.org/stkg/id/obs_rel_T90_K2BlackPanther_20260205T223638Z_7_e_d	http://example.org/stkg/relationType	http://example.org/stkg/id/relation_ahead_of
http://example.org/stkg/id/obs_rel_T90_K2BlackPanther_20260205T223638Z_7_e_d	http://example.org/stkg/time	"2026-02-05T22:36:38Z"^^<http://www.w3.org/2001/XMLSchema#dateTime>
http://example.org/stkg/id/obs_rel_BTR80_T90_20260205T223638Z_7_c_e	http://www.w3.org/1999/02/22-rdf-syntax-ns#type	http://example.org/stkg/id/SpatialRelationObservation
http://example.org/stkg/id/obs_rel_BTR80_T90_20260205T223638Z_7_c_e	http://example.org/stkg/subjectEntity	http://example.org/stkg/id/platform_BTR80
http://example.org/stkg/id/obs_rel_BTR80_T90_20260205T223638Z_7_c_e	http://example.org/stkg/objectEntity	http://example.org/stkg/id/platform_T90
http://example.org/stkg/id/obs_rel_BTR80_T90_20260205T223638Z_7_c_e	http://example.org/stkg/relationType	http://example.org/stkg/id/relation_behind_of
http://example.org/stkg/id/obs_rel_BTR80_T90_20260205T223638Z_7_c_e	http://example.org/stkg/time	"2026-02-05T22:36:38Z"^^<http://www.w3.org/2001/XMLSchema#dateTime>
http://example.org/stkg/id/obs_rel_T90_BTR80_20260205T223638Z_7_e_c	http://www.w3.org/1999/02/22-rdf-syntax-ns#type	http://example.org/stkg/id/SpatialRelationObservation
http://example.org/stkg/id/obs_rel_T90_BTR80_20260205T223638Z_7_e_c	http://example.org/stkg/subjectEntity	http://example.org/stkg/id/platform_T90
http://example.org/stkg/id/obs_rel_T90_BTR80_20260205T223638Z_7_e_c	http://example.org/stkg/objectEntity	http://example.org/stkg/id/platform_BTR80
http://example.org/stkg/id/obs_rel_T90_BTR80_20260205T223638Z_7_e_c	http://example.org/stkg/relationType	http://example.org/stkg/id/relation_ahead_of
http://example.org/stkg/id/obs_rel_T90_BTR80_20260205T223638Z_7_e_c	http://example.org/stkg/time	"2026-02-05T22:36:38Z"^^<http://www.w3.org/2001/XMLSchema#dateTime>
http://example.org/stkg/id/obs_rel_BTR80_K2BlackPanther_20260205T223639Z_8_c_d	http://www.w3.org/1999/02/22-rdf-syntax-ns#type	http://example.org/stkg/id/SpatialRelationObservation
http://example.org/stkg/id/obs_rel_BTR80_K2BlackPanther_20260205T223639Z_8_c_d	http://example.org/stkg/subjectEntity	http://example.org/stkg/id/platform_BTR80
http://example.org/stkg/id/obs_rel_BTR80_K2BlackPanther_20260205T223639Z_8_c_d	http://example.org/stkg/objectEntity	http://example.org/stkg/id/platform_K2BlackPanther
http://example.org/stkg/id/obs_rel_BTR80_K2BlackPanther_20260205T223639Z_8_c_d	http://example.org/stkg/relationType	http://example.org/stkg/id/relation_behind_of
http://example.org/stkg/id/obs_rel_BTR80_K2BlackPanther_20260205T223639Z_8_c_d	http://example.org/stkg/time	"2026-02-05T22:36:39Z"^^<http://www.w3.org/2001/XMLSchema#dateTime>
http://example.org/stkg/id/obs_rel_K2BlackPanther_BTR80_20260205T223639Z_8_d_c	http://www.w3.org/1999/02/22-rdf-syntax-ns#type	http://example.org/stkg/id/SpatialRelationObservation
http://example.org/stkg/id/obs_rel_K2BlackPanther_BTR80_20260205T223639Z_8_d_c	http://example.org/stkg/subjectEntity	http://example.org/stkg/id/platform_K2BlackPanther
http://example.org/stkg/id/obs_rel_K2BlackPanther_BTR80_20260205T223639Z_8_d_c	http://example.org/stkg/objectEntity	http://example.org/stkg/id/platform_BTR80
http://example.org/stkg/id/obs_rel_K2BlackPanther_BTR80_20260205T223639Z_8_d_c	http://example.org/stkg/relationType	http://example.org/stkg/id/relation_ahead_of
http://example.org/stkg/id/obs_rel_K2BlackPanther_BTR80_20260205T223639Z_8_d_c	http://example.org/stkg/time	"2026-02-05T22:36:39Z"^^<http://www.w3.org/2001/XMLSchema#dateTime>
http://example.org/stkg/id/obs_rel_K2BlackPanther_T90_20260205T223639Z_8_d_e	http://www.w3.org/1999/02/22-rdf-syntax-ns#type	http://example.org/stkg/id/SpatialRelationObservation
http://example.org/stkg/id/obs_rel_K2BlackPanther_T90_20260205T223639Z_8_d_e	http://example.org/stkg/subjectEntity	http://example.org/stkg/id/platform_K2BlackPanther
http://example.org/stkg/id/obs_rel_K2BlackPanther_T90_20260205T223639Z_8_d_e	http://example.org/stkg/objectEntity	http://example.org/stkg/id/platform_T90
http://example.org/stkg/id/obs_rel_K2BlackPanther_T90_20260205T223639Z_8_d_e	http://example.org/stkg/relationType	http://example.org/stkg/id/relation_behind_of
http://example.org/stkg/id/obs_rel_K2BlackPanther_T90_20260205T223639Z_8_d_e	http://example.org/stkg/time	"2026-02-05T22:36:39Z"^^<http://www.w3.org/2001/XMLSchema#dateTime>
http://example.org/stkg/id/obs_rel_T90_K2BlackPanther_20260205T223639Z_8_e_d	http://www.w3.org/1999/02/22-rdf-syntax-ns#type	http://example.org/stkg/id/SpatialRelationObservation
http://example.org/stkg/id/obs_rel_T90_K2BlackPanther_20260205T223639Z_8_e_d	http://example.org/stkg/subjectEntity	http://example.org/stkg/id/platform_T90
http://example.org/stkg/id/obs_rel_T90_K2BlackPanther_20260205T223639Z_8_e_d	http://example.org/stkg/objectEntity	http://example.org/stkg/id/platform_K2BlackPanther
http://example.org/stkg/id/obs_rel_T90_K2BlackPanther_20260205T223639Z_8_e_d	http://example.org/stkg/relationType	http://example.org/stkg/id/relation_ahead_of
http://example.org/stkg/id/obs_rel_T90_K2BlackPanther_20260205T223639Z_8_e_d	http://example.org/stkg/time	"2026-02-05T22:36:39Z"^^<http://www.w3.org/2001/XMLSchema#dateTime>
http://example.org/stkg/id/obs_rel_BTR80_T90_20260205T223639Z_8_c_e	http://www.w3.org/1999/02/22-rdf-syntax-ns#type	http://example.org/stkg/id/SpatialRelationObservation
http://example.org/stkg/id/obs_rel_BTR80_T90_20260205T223639Z_8_c_e	http://example.org/stkg/subjectEntity	http://example.org/stkg/id/platform_BTR80
http://example.org/stkg/id/obs_rel_BTR80_T90_20260205T223639Z_8_c_e	http://example.org/stkg/objectEntity	http://example.org/stkg/id/platform_T90
http://example.org/stkg/id/obs_rel_BTR80_T90_20260205T223639Z_8_c_e	http://example.org/stkg/relationType	http://example.org/stkg/id/relation_behind_of
http://example.org/stkg/id/obs_rel_BTR80_T90_20260205T223639Z_8_c_e	http://example.org/stkg/time	"2026-02-05T22:36:39Z"^^<http://www.w3.org/2001/XMLSchema#dateTime>
http://example.org/stkg/id/obs_rel_T90_BTR80_20260205T223639Z_8_e_c	http://www.w3.org/1999/02/22-rdf-syntax-ns#type	http://example.org/stkg/id/SpatialRelationObservation
http://example.org/stkg/id/obs_rel_T90_BTR80_20260205T223639Z_8_e_c	http://example.org/stkg/subjectEntity	http://example.org/stkg/id/platform_T90
http://example.org/stkg/id/obs_rel_T90_BTR80_20260205T223639Z_8_e_c	http://example.org/stkg/objectEntity	http://example.org/stkg/id/platform_BTR80
http://example.org/stkg/id/obs_rel_T90_BTR80_20260205T223639Z_8_e_c	http://example.org/stkg/relationType	http://example.org/stkg/id/relation_ahead_of
http://example.org/stkg/id/obs_rel_T90_BTR80_20260205T223639Z_8_e_c	http://example.org/stkg/time	"2026-02-05T22:36:39Z"^^<http://www.w3.org/2001/XMLSchema#dateTime>
http://example.org/stkg/id/obs_rel_BTR80_K2BlackPanther_20260205T223640Z_9_c_d	http://www.w3.org/1999/02/22-rdf-syntax-ns#type	http://example.org/stkg/id/SpatialRelationObservation
http://example.org/stkg/id/obs_rel_BTR80_K2BlackPanther_20260205T223640Z_9_c_d	http://example.org/stkg/subjectEntity	http://example.org/stkg/id/platform_BTR80
http://example.org/stkg/id/obs_rel_BTR80_K2BlackPanther_20260205T223640Z_9_c_d	http://example.org/stkg/objectEntity	http://example.org/stkg/id/platform_K2BlackPanther
http://example.org/stkg/id/obs_rel_BTR80_K2BlackPanther_20260205T223640Z_9_c_d	http://example.org/stkg/relationType	http://example.org/stkg/id/relation_behind_of
http://example.org/stkg/id/obs_rel_BTR80_K2BlackPanther_20260205T223640Z_9_c_d	http://example.org/stkg/time	"2026-02-05T22:36:40Z"^^<http://www.w3.org/2001/XMLSchema#dateTime>
http://example.org/stkg/id/obs_rel_K2BlackPanther_BTR80_20260205T223640Z_9_d_c	http://www.w3.org/1999/02/22-rdf-syntax-ns#type	http://example.org/stkg/id/SpatialRelationObservation
http://example.org/stkg/id/obs_rel_K2BlackPanther_BTR80_20260205T223640Z_9_d_c	http://example.org/stkg/subjectEntity	http://example.org/stkg/id/platform_K2BlackPanther
http://example.org/stkg/id/obs_rel_K2BlackPanther_BTR80_20260205T223640Z_9_d_c	http://example.org/stkg/objectEntity	http://example.org/stkg/id/platform_BTR80
http://example.org/stkg/id/obs_rel_K2BlackPanther_BTR80_20260205T223640Z_9_d_c	http://example.org/stkg/relationType	http://example.org/stkg/id/relation_ahead_of
http://example.org/stkg/id/obs_rel_K2BlackPanther_BTR80_20260205T223640Z_9_d_c	http://example.org/stkg/time	"2026-02-05T22:36:40Z"^^<http://www.w3.org/2001/XMLSchema#dateTime>
http://example.org/stkg/id/obs_rel_K2BlackPanther_T90_20260205T223640Z_9_d_e	http://www.w3.org/1999/02/22-rdf-syntax-ns#type	http://example.org/stkg/id/SpatialRelationObservation
http://example.org/stkg/id/obs_rel_K2BlackPanther_T90_20260205T223640Z_9_d_e	http://example.org/stkg/subjectEntity	http://example.org/stkg/id/platform_K2BlackPanther
http://example.org/stkg/id/obs_rel_K2BlackPanther_T90_20260205T223640Z_9_d_e	http://example.org/stkg/objectEntity	http://example.org/stkg/id/platform_T90
http://example.org/stkg/id/obs_rel_K2BlackPanther_T90_20260205T223640Z_9_d_e	http://example.org/stkg/relationType	http://example.org/stkg/id/relation_behind_of
http://example.org/stkg/id/obs_rel_K2BlackPanther_T90_20260205T223640Z_9_d_e	http://example.org/stkg/time	"2026-02-05T22:36:40Z"^^<http://www.w3.org/2001/XMLSchema#dateTime>
http://example.org/stkg/id/obs_rel_T90_K2BlackPanther_20260205T223640Z_9_e_d	http://www.w3.org/1999/02/22-rdf-syntax-ns#type	http://example.org/stkg/id/SpatialRelationObservation
http://example.org/stkg/id/obs_rel_T90_K2BlackPanther_20260205T223640Z_9_e_d	http://example.org/stkg/subjectEntity	http://example.org/stkg/id/platform_T90
http://example.org/stkg/id/obs_rel_T90_K2BlackPanther_20260205T223640Z_9_e_d	http://example.org/stkg/objectEntity	http://example.org/stkg/id/platform_K2BlackPanther
http://example.org/stkg/id/obs_rel_T90_K2BlackPanther_20260205T223640Z_9_e_d	http://example.org/stkg/relationType	http://example.org/stkg/id/relation_ahead_of
http://example.org/stkg/id/obs_rel_T90_K2BlackPanther_20260205T223640Z_9_e_d	http://example.org/stkg/time	"2026-02-05T22:36:40Z"^^<http://www.w3.org/2001/XMLSchema#dateTime>
http://example.org/stkg/id/obs_rel_BTR80_T90_20260205T223640Z_9_c_e	http://www.w3.org/1999/02/22-rdf-syntax-ns#type	http://example.org/stkg/id/SpatialRelationObservation
http://example.org/stkg/id/obs_rel_BTR80_T90_20260205T223640Z_9_c_e	http://example.org/stkg/subjectEntity	http://example.org/stkg/id/platform_BTR80
http://example.org/stkg/id/obs_rel_BTR80_T90_20260205T223640Z_9_c_e	http://example.org/stkg/objectEntity	http://example.org/stkg/id/platform_T90
http://example.org/stkg/id/obs_rel_BTR80_T90_20260205T223640Z_9_c_e	http://example.org/stkg/relationType	http://example.org/stkg/id/relation_behind_of
http://example.org/stkg/id/obs_rel_BTR80_T90_20260205T223640Z_9_c_e	http://example.org/stkg/time	"2026-02-05T22:36:40Z"^^<http://www.w3.org/2001/XMLSchema#dateTime>
http://example.org/stkg/id/obs_rel_T90_BTR80_20260205T223640Z_9_e_c	http://www.w3.org/1999/02/22-rdf-syntax-ns#type	http://example.org/stkg/id/SpatialRelationObservation
http://example.org/stkg/id/obs_rel_T90_BTR80_20260205T223640Z_9_e_c	http://example.org/stkg/subjectEntity	http://example.org/stkg/id/platform_T90
http://example.org/stkg/id/obs_rel_T90_BTR80_20260205T223640Z_9_e_c	http://example.org/stkg/objectEntity	http://example.org/stkg/id/platform_BTR80
http://example.org/stkg/id/obs_rel_T90_BTR80_20260205T223640Z_9_e_c	http://example.org/stkg/relationType	http://example.org/stkg/id/relation_ahead_of
http://example.org/stkg/id/obs_rel_T90_BTR80_20260205T223640Z_9_e_c	http://example.org/stkg/time	"2026-02-05T22:36:40Z"^^<http://www.w3.org/2001/XMLSchema#dateTime>
http://example.org/stkg/id/obs_rel_BTR80_K2BlackPanther_20260205T223641Z_10_c_d	http://www.w3.org/1999/02/22-rdf-syntax-ns#type	http://example.org/stkg/id/SpatialRelationObservation
http://example.org/stkg/id/obs_rel_BTR80_K2BlackPanther_20260205T223641Z_10_c_d	http://example.org/stkg/subjectEntity	http://example.org/stkg/id/platform_BTR80
http://example.org/stkg/id/obs_rel_BTR80_K2BlackPanther_20260205T223641Z_10_c_d	http://example.org/stkg/objectEntity	http://example.org/stkg/id/platform_K2BlackPanther
http://example.org/stkg/id/obs_rel_BTR80_K2BlackPanther_20260205T223641Z_10_c_d	http://example.org/stkg/relationType	http://example.org/stkg/id/relation_behind_of
http://example.org/stkg/id/obs_rel_BTR80_K2BlackPanther_20260205T223641Z_10_c_d	http://example.org/stkg/time	"2026-02-05T22:36:41Z"^^<http://www.w3.org/2001/XMLSchema#dateTime>
http://example.org/stkg/id/obs_rel_K2BlackPanther_BTR80_20260205T223641Z_10_d_c	http://www.w3.org/1999/02/22-rdf-syntax-ns#type	http://example.org/stkg/id/SpatialRelationObservation
http://example.org/stkg/id/obs_rel_K2BlackPanther_BTR80_20260205T223641Z_10_d_c	http://example.org/stkg/subjectEntity	http://example.org/stkg/id/platform_K2BlackPanther
http://example.org/stkg/id/obs_rel_K2BlackPanther_BTR80_20260205T223641Z_10_d_c	http://example.org/stkg/objectEntity	http://example.org/stkg/id/platform_BTR80
http://example.org/stkg/id/obs_rel_K2BlackPanther_BTR80_20260205T223641Z_10_d_c	http://example.org/stkg/relationType	http://example.org/stkg/id/relation_ahead_of
http://example.org/stkg/id/obs_rel_K2BlackPanther_BTR80_20260205T223641Z_10_d_c	http://example.org/stkg/time	"2026-02-05T22:36:41Z"^^<http://www.w3.org/2001/XMLSchema#dateTime>
http://example.org/stkg/id/obs_rel_K2BlackPanther_T90_20260205T223641Z_10_d_e	http://www.w3.org/1999/02/22-rdf-syntax-ns#type	http://example.org/stkg/id/SpatialRelationObservation
http://example.org/stkg/id/obs_rel_K2BlackPanther_T90_20260205T223641Z_10_d_e	http://example.org/stkg/subjectEntity	http://example.org/stkg/id/platform_K2BlackPanther
http://example.org/stkg/id/obs_rel_K2BlackPanther_T90_20260205T223641Z_10_d_e	http://example.org/stkg/objectEntity	http://example.org/stkg/id/platform_T90
http://example.org/stkg/id/obs_rel_K2BlackPanther_T90_20260205T223641Z_10_d_e	http://example.org/stkg/relationType	http://example.org/stkg/id/relation_behind_of
http://example.org/stkg/id/obs_rel_K2BlackPanther_T90_20260205T223641Z_10_d_e	http://example.org/stkg/time	"2026-02-05T22:36:41Z"^^<http://www.w3.org/2001/XMLSchema#dateTime>
http://example.org/stkg/id/obs_rel_T90_K2BlackPanther_20260205T223641Z_10_e_d	http://www.w3.org/1999/02/22-rdf-syntax-ns#type	http://example.org/stkg/id/SpatialRelationObservation
http://example.org/stkg/id/obs_rel_T90_K2BlackPanther_20260205T223641Z_10_e_d	http://example.org/stkg/subjectEntity	http://example.org/stkg/id/platform_T90
http://example.org/stkg/id/obs_rel_T90_K2BlackPanther_20260205T223641Z_10_e_d	http://example.org/stkg/objectEntity	http://example.org/stkg/id/platform_K2BlackPanther
http://example.org/stkg/id/obs_rel_T90_K2BlackPanther_20260205T223641Z_10_e_d	http://example.org/stkg/relationType	http://example.org/stkg/id/relation_ahead_of
http://example.org/stkg/id/obs_rel_T90_K2BlackPanther_20260205T223641Z_10_e_d	http://example.org/stkg/time	"2026-02-05T22:36:41Z"^^<http://www.w3.org/2001/XMLSchema#dateTime>
http://example.org/stkg/id/obs_rel_BTR80_T90_20260205T223641Z_10_c_e	http://www.w3.org/1999/02/22-rdf-syntax-ns#type	http://example.org/stkg/id/SpatialRelationObservation
http://example.org/stkg/id/obs_rel_BTR80_T90_20260205T223641Z_10_c_e	http://example.org/stkg/subjectEntity	http://example.org/stkg/id/platform_BTR80
http://example.org/stkg/id/obs_rel_BTR80_T90_20260205T223641Z_10_c_e	http://example.org/stkg/objectEntity	http://example.org/stkg/id/platform_T90
http://example.org/stkg/id/obs_rel_BTR80_T90_20260205T223641Z_10_c_e	http://example.org/stkg/relationType	http://example.org/stkg/id/relation_behind_of
http://example.org/stkg/id/obs_rel_BTR80_T90_20260205T223641Z_10_c_e	http://example.org/stkg/time	"2026-02-05T22:36:41Z"^^<http://www.w3.org/2001/XMLSchema#dateTime>
http://example.org/stkg/id/obs_rel_T90_BTR80_20260205T223641Z_10_e_c	http://www.w3.org/1999/02/22-rdf-syntax-ns#type	http://example.org/stkg/id/SpatialRelationObservation
http://example.org/stkg/id/obs_rel_T90_BTR80_20260205T223641Z_10_e_c	http://example.org/stkg/subjectEntity	http://example.org/stkg/id/platform_T90
http://example.org/stkg/id/obs_rel_T90_BTR80_20260205T223641Z_10_e_c	http://example.org/stkg/objectEntity	http://example.org/stkg/id/platform_BTR80
http://example.org/stkg/id/obs_rel_T90_BTR80_20260205T223641Z_10_e_c	http://example.org/stkg/relationType	http://example.org/stkg/id/relation_ahead_of
http://example.org/stkg/id/obs_rel_T90_BTR80_20260205T223641Z_10_e_c	http://example.org/stkg/time	"2026-02-05T22:36:41Z"^^<http://www.w3.org/2001/XMLSchema#dateTime>
http://example.org/stkg/id/obs_rel_BTR80_K2BlackPanther_20260205T223642Z_11_c_d	http://www.w3.org/1999/02/22-rdf-syntax-ns#type	http://example.org/stkg/id/SpatialRelationObservation
http://example.org/stkg/id/obs_rel_BTR80_K2BlackPanther_20260205T223642Z_11_c_d	http://example.org/stkg/subjectEntity	http://example.org/stkg/id/platform_BTR80
http://example.org/stkg/id/obs_rel_BTR80_K2BlackPanther_20260205T223642Z_11_c_d	http://example.org/stkg/objectEntity	http://example.org/stkg/id/platform_K2BlackPanther
http://example.org/stkg/id/obs_rel_BTR80_K2BlackPanther_20260205T223642Z_11_c_d	http://example.org/stkg/relationType	http://example.org/stkg/id/relation_behind_of
http://example.org/stkg/id/obs_rel_BTR80_K2BlackPanther_20260205T223642Z_11_c_d	http://example.org/stkg/time	"2026-02-05T22:36:42Z"^^<http://www.w3.org/2001/XMLSchema#dateTime>
http://example.org/stkg/id/obs_rel_K2BlackPanther_BTR80_20260205T223642Z_11_d_c	http://www.w3.org/1999/02/22-rdf-syntax-ns#type	http://example.org/stkg/id/SpatialRelationObservation
http://example.org/stkg/id/obs_rel_K2BlackPanther_BTR80_20260205T223642Z_11_d_c	http://example.org/stkg/subjectEntity	http://example.org/stkg/id/platform_K2BlackPanther
http://example.org/stkg/id/obs_rel_K2BlackPanther_BTR80_20260205T223642Z_11_d_c	http://example.org/stkg/objectEntity	http://example.org/stkg/id/platform_BTR80
http://example.org/stkg/id/obs_rel_K2BlackPanther_BTR80_20260205T223642Z_11_d_c	http://example.org/stkg/relationType	http://example.org/stkg/id/relation_ahead_of
http://example.org/stkg/id/obs_rel_K2BlackPanther_BTR80_20260205T223642Z_11_d_c	http://example.org/stkg/time	"2026-02-05T22:36:42Z"^^<http://www.w3.org/2001/XMLSchema#dateTime>
http://example.org/stkg/id/obs_rel_K2BlackPanther_T90_20260205T223642Z_11_d_e	http://www.w3.org/1999/02/22-rdf-syntax-ns#type	http://example.org/stkg/id/SpatialRelationObservation
http://example.org/stkg/id/obs_rel_K2BlackPanther_T90_20260205T223642Z_11_d_e	http://example.org/stkg/subjectEntity	http://example.org/stkg/id/platform_K2BlackPanther
http://example.org/stkg/id/obs_rel_K2BlackPanther_T90_20260205T223642Z_11_d_e	http://example.org/stkg/objectEntity	http://example.org/stkg/id/platform_T90
http://example.org/stkg/id/obs_rel_K2BlackPanther_T90_20260205T223642Z_11_d_e	http://example.org/stkg/relationType	http://example.org/stkg/id/relation_behind_of
http://example.org/stkg/id/obs_rel_K2BlackPanther_T90_20260205T223642Z_11_d_e	http://example.org/stkg/time	"2026-02-05T22:36:42Z"^^<http://www.w3.org/2001/XMLSchema#dateTime>
http://example.org/stkg/id/obs_rel_T90_K2BlackPanther_20260205T223642Z_11_e_d	http://www.w3.org/1999/02/22-rdf-syntax-ns#type	http://example.org/stkg/id/SpatialRelationObservation
http://example.org/stkg/id/obs_rel_T90_K2BlackPanther_20260205T223642Z_11_e_d	http://example.org/stkg/subjectEntity	http://example.org/stkg/id/platform_T90
http://example.org/stkg/id/obs_rel_T90_K2BlackPanther_20260205T223642Z_11_e_d	http://example.org/stkg/objectEntity	http://example.org/stkg/id/platform_K2BlackPanther
http://example.org/stkg/id/obs_rel_T90_K2BlackPanther_20260205T223642Z_11_e_d	http://example.org/stkg/relationType	http://example.org/stkg/id/relation_ahead_of
http://example.org/stkg/id/obs_rel_T90_K2BlackPanther_20260205T223642Z_11_e_d	http://example.org/stkg/time	"2026-02-05T22:36:42Z"^^<http://www.w3.org/2001/XMLSchema#dateTime>
http://example.org/stkg/id/obs_rel_BTR80_T90_20260205T223642Z_11_c_e	http://www.w3.org/1999/02/22-rdf-syntax-ns#type	http://example.org/stkg/id/SpatialRelationObservation
http://example.org/stkg/id/obs_rel_BTR80_T90_20260205T223642Z_11_c_e	http://example.org/stkg/subjectEntity	http://example.org/stkg/id/platform_BTR80
http://example.org/stkg/id/obs_rel_BTR80_T90_20260205T223642Z_11_c_e	http://example.org/stkg/objectEntity	http://example.org/stkg/id/platform_T90
http://example.org/stkg/id/obs_rel_BTR80_T90_20260205T223642Z_11_c_e	http://example.org/stkg/relationType	http://example.org/stkg/id/relation_behind_of
http://example.org/stkg/id/obs_rel_BTR80_T90_20260205T223642Z_11_c_e	http://example.org/stkg/time	"2026-02-05T22:36:42Z"^^<http://www.w3.org/2001/XMLSchema#dateTime>
http://example.org/stkg/id/obs_rel_T90_BTR80_20260205T223642Z_11_e_c	http://www.w3.org/1999/02/22-rdf-syntax-ns#type	http://example.org/stkg/id/SpatialRelationObservation
http://example.org/stkg/id/obs_rel_T90_BTR80_20260205T223642Z_11_e_c	http://example.org/stkg/subjectEntity	http://example.org/stkg/id/platform_T90
http://example.org/stkg/id/obs_rel_T90_BTR80_20260205T223642Z_11_e_c	http://example.org/stkg/objectEntity	http://example.org/stkg/id/platform_BTR80
http://example.org/stkg/id/obs_rel_T90_BTR80_20260205T223642Z_11_e_c	http://example.org/stkg/relationType	http://example.org/stkg/id/relation_ahead_of
http://example.org/stkg/id/obs_rel_T90_BTR80_20260205T223642Z_11_e_c	http://example.org/stkg/time	"2026-02-05T22:36:42Z"^^<http://www.w3.org/2001/XMLSchema#dateTime>
http://example.org/stkg/id/obs_rel_BTR80_K2BlackPanther_20260205T223643Z_12_c_d	http://www.w3.org/1999/02/22-rdf-syntax-ns#type	http://example.org/stkg/id/SpatialRelationObservation
http://example.org/stkg/id/obs_rel_BTR80_K2BlackPanther_20260205T223643Z_12_c_d	http://example.org/stkg/subjectEntity	http://example.org/stkg/id/platform_BTR80
http://example.org/stkg/id/obs_rel_BTR80_K2BlackPanther_20260205T223643Z_12_c_d	http://example.org/stkg/objectEntity	http://example.org/stkg/id/platform_K2BlackPanther
http://example.org/stkg/id/obs_rel_BTR80_K2BlackPanther_20260205T223643Z_12_c_d	http://example.org/stkg/relationType	http://example.org/stkg/id/relation_behind_of
http://example.org/stkg/id/obs_rel_BTR80_K2BlackPanther_20260205T223643Z_12_c_d	http://example.org/stkg/time	"2026-02-05T22:36:43Z"^^<http://www.w3.org/2001/XMLSchema#dateTime>
http://example.org/stkg/id/obs_rel_K2BlackPanther_BTR80_20260205T223643Z_12_d_c	http://www.w3.org/1999/02/22-rdf-syntax-ns#type	http://example.org/stkg/id/SpatialRelationObservation
http://example.org/stkg/id/obs_rel_K2BlackPanther_BTR80_20260205T223643Z_12_d_c	http://example.org/stkg/subjectEntity	http://example.org/stkg/id/platform_K2BlackPanther
http://example.org/stkg/id/obs_rel_K2BlackPanther_BTR80_20260205T223643Z_12_d_c	http://example.org/stkg/objectEntity	http://example.org/stkg/id/platform_BTR80
http://example.org/stkg/id/obs_rel_K2BlackPanther_BTR80_20260205T223643Z_12_d_c	http://example.org/stkg/relationType	http://example.org/stkg/id/relation_ahead_of
http://example.org/stkg/id/obs_rel_K2BlackPanther_BTR80_20260205T223643Z_12_d_c	http://example.org/stkg/time	"2026-02-05T22:36:43Z"^^<http://www.w3.org/2001/XMLSchema#dateTime>
http://example.org/stkg/id/obs_rel_K2BlackPanther_T90_20260205T223643Z_12_d_e	http://www.w3.org/1999/02/22-rdf-syntax-ns#type	http://example.org/stkg/id/SpatialRelationObservation
http://example.org/stkg/id/obs_rel_K2BlackPanther_T90_20260205T223643Z_12_d_e	http://example.org/stkg/subjectEntity	http://example.org/stkg/id/platform_K2BlackPanther
http://example.org/stkg/id/obs_rel_K2BlackPanther_T90_20260205T223643Z_12_d_e	http://example.org/stkg/objectEntity	http://example.org/stkg/id/platform_T90
http://example.org/stkg/id/obs_rel_K2BlackPanther_T90_20260205T223643Z_12_d_e	http://example.org/stkg/relationType	http://example.org/stkg/id/relation_behind_of
http://example.org/stkg/id/obs_rel_K2BlackPanther_T90_20260205T223643Z_12_d_e	http://example.org/stkg/time	"2026-02-05T22:36:43Z"^^<http://www.w3.org/2001/XMLSchema#dateTime>
http://example.org/stkg/id/obs_rel_T90_K2BlackPanther_20260205T223643Z_12_e_d	http://www.w3.org/1999/02/22-rdf-syntax-ns#type	http://example.org/stkg/id/SpatialRelationObservation
http://example.org/stkg/id/obs_rel_T90_K2BlackPanther_20260205T223643Z_12_e_d	http://example.org/stkg/subjectEntity	http://example.org/stkg/id/platform_T90
http://example.org/stkg/id/obs_rel_T90_K2BlackPanther_20260205T223643Z_12_e_d	http://example.org/stkg/objectEntity	http://example.org/stkg/id/platform_K2BlackPanther
http://example.org/stkg/id/obs_rel_T90_K2BlackPanther_20260205T223643Z_12_e_d	http://example.org/stkg/relationType	http://example.org/stkg/id/relation_ahead_of
http://example.org/stkg/id/obs_rel_T90_K2BlackPanther_20260205T223643Z_12_e_d	http://example.org/stkg/time	"2026-02-05T22:36:43Z"^^<http://www.w3.org/2001/XMLSchema#dateTime>
http://example.org/stkg/id/obs_rel_BTR80_T90_20260205T223643Z_12_c_e	http://www.w3.org/1999/02/22-rdf-syntax-ns#type	http://example.org/stkg/id/SpatialRelationObservation
http://example.org/stkg/id/obs_rel_BTR80_T90_20260205T223643Z_12_c_e	http://example.org/stkg/subjectEntity	http://example.org/stkg/id/platform_BTR80
http://example.org/stkg/id/obs_rel_BTR80_T90_20260205T223643Z_12_c_e	http://example.org/stkg/objectEntity	http://example.org/stkg/id/platform_T90
http://example.org/stkg/id/obs_rel_BTR80_T90_20260205T223643Z_12_c_e	http://example.org/stkg/relationType	http://example.org/stkg/id/relation_behind_of
http://example.org/stkg/id/obs_rel_BTR80_T90_20260205T223643Z_12_c_e	http://example.org/stkg/time	"2026-02-05T22:36:43Z"^^<http://www.w3.org/2001/XMLSchema#dateTime>
http://example.org/stkg/id/obs_rel_T90_BTR80_20260205T223643Z_12_e_c	http://www.w3.org/1999/02/22-rdf-syntax-ns#type	http://example.org/stkg/id/SpatialRelationObservation
http://example.org/stkg/id/obs_rel_T90_BTR80_20260205T223643Z_12_e_c	http://example.org/stkg/subjectEntity	http://example.org/stkg/id/platform_T90
http://example.org/stkg/id/obs_rel_T90_BTR80_20260205T223643Z_12_e_c	http://example.org/stkg/objectEntity	http://example.org/stkg/id/platform_BTR80
http://example.org/stkg/id/obs_rel_T90_BTR80_20260205T223643Z_12_e_c	http://example.org/stkg/relationType	http://example.org/stkg/id/relation_ahead_of
http://example.org/stkg/id/obs_rel_T90_BTR80_20260205T223643Z_12_e_c	http://example.org/stkg/time	"2026-02-05T22:36:43Z"^^<http://www.w3.org/2001/XMLSchema#dateTime>
http://example.org/stkg/id/obs_rel_BTR80_K2BlackPanther_20260205T223644Z_13_c_d	http://www.w3.org/1999/02/22-rdf-syntax-ns#type	http://example.org/stkg/id/SpatialRelationObservation
http://example.org/stkg/id/obs_rel_BTR80_K2BlackPanther_20260205T223644Z_13_c_d	http://example.org/stkg/subjectEntity	http://example.org/stkg/id/platform_BTR80
http://example.org/stkg/id/obs_rel_BTR80_K2BlackPanther_20260205T223644Z_13_c_d	http://example.org/stkg/objectEntity	http://example.org/stkg/id/platform_K2BlackPanther
http://example.org/stkg/id/obs_rel_BTR80_K2BlackPanther_20260205T223644Z_13_c_d	http://example.org/stkg/relationType	http://example.org/stkg/id/relation_behind_of
http://example.org/stkg/id/obs_rel_BTR80_K2BlackPanther_20260205T223644Z_13_c_d	http://example.org/stkg/time	"2026-02-05T22:36:44Z"^^<http://www.w3.org/2001/XMLSchema#dateTime>
http://example.org/stkg/id/obs_rel_K2BlackPanther_BTR80_20260205T223644Z_13_d_c	http://www.w3.org/1999/02/22-rdf-syntax-ns#type	http://example.org/stkg/id/SpatialRelationObservation
http://example.org/stkg/id/obs_rel_K2BlackPanther_BTR80_20260205T223644Z_13_d_c	http://example.org/stkg/subjectEntity	http://example.org/stkg/id/platform_K2BlackPanther
http://example.org/stkg/id/obs_rel_K2BlackPanther_BTR80_20260205T223644Z_13_d_c	http://example.org/stkg/objectEntity	http://example.org/stkg/id/platform_BTR80
http://example.org/stkg/id/obs_rel_K2BlackPanther_BTR80_20260205T223644Z_13_d_c	http://example.org/stkg/relationType	http://example.org/stkg/id/relation_ahead_of
http://example.org/stkg/id/obs_rel_K2BlackPanther_BTR80_20260205T223644Z_13_d_c	http://example.org/stkg/time	"2026-02-05T22:36:44Z"^^<http://www.w3.org/2001/XMLSchema#dateTime>
http://example.org/stkg/id/obs_rel_K2BlackPanther_T90_20260205T223644Z_13_d_e	http://www.w3.org/1999/02/22-rdf-syntax-ns#type	http://example.org/stkg/id/SpatialRelationObservation
http://example.org/stkg/id/obs_rel_K2BlackPanther_T90_20260205T223644Z_13_d_e	http://example.org/stkg/subjectEntity	http://example.org/stkg/id/platform_K2BlackPanther
http://example.org/stkg/id/obs_rel_K2BlackPanther_T90_20260205T223644Z_13_d_e	http://example.org/stkg/objectEntity	http://example.org/stkg/id/platform_T90
http://example.org/stkg/id/obs_rel_K2BlackPanther_T90_20260205T223644Z_13_d_e	http://example.org/stkg/relationType	http://example.org/stkg/id/relation_behind_of
http://example.org/stkg/id/obs_rel_K2BlackPanther_T90_20260205T223644Z_13_d_e	http://example.org/stkg/time	"2026-02-05T22:36:44Z"^^<http://www.w3.org/2001/XMLSchema#dateTime>
http://example.org/stkg/id/obs_rel_T90_K2BlackPanther_20260205T223644Z_13_e_d	http://www.w3.org/1999/02/22-rdf-syntax-ns#type	http://example.org/stkg/id/SpatialRelationObservation
http://example.org/stkg/id/obs_rel_T90_K2BlackPanther_20260205T223644Z_13_e_d	http://example.org/stkg/subjectEntity	http://example.org/stkg/id/platform_T90
http://example.org/stkg/id/obs_rel_T90_K2BlackPanther_20260205T223644Z_13_e_d	http://example.org/stkg/objectEntity	http://example.org/stkg/id/platform_K2BlackPanther
http://example.org/stkg/id/obs_rel_T90_K2BlackPanther_20260205T223644Z_13_e_d	http://example.org/stkg/relationType	http://example.org/stkg/id/relation_ahead_of
http://example.org/stkg/id/obs_rel_T90_K2BlackPanther_20260205T223644Z_13_e_d	http://example.org/stkg/time	"2026-02-05T22:36:44Z"^^<http://www.w3.org/2001/XMLSchema#dateTime>
http://example.org/stkg/id/obs_rel_BTR80_T90_20260205T223644Z_13_c_e	http://www.w3.org/1999/02/22-rdf-syntax-ns#type	http://example.org/stkg/id/SpatialRelationObservation
http://example.org/stkg/id/obs_rel_BTR80_T90_20260205T223644Z_13_c_e	http://example.org/stkg/subjectEntity	http://example.org/stkg/id/platform_BTR80
http://example.org/stkg/id/obs_rel_BTR80_T90_20260205T223644Z_13_c_e	http://example.org/stkg/objectEntity	http://example.org/stkg/id/platform_T90
http://example.org/stkg/id/obs_rel_BTR80_T90_20260205T223644Z_13_c_e	http://example.org/stkg/relationType	http://example.org/stkg/id/relation_behind_of
http://example.org/stkg/id/obs_rel_BTR80_T90_20260205T223644Z_13_c_e	http://example.org/stkg/time	"2026-02-05T22:36:44Z"^^<http://www.w3.org/2001/XMLSchema#dateTime>
http://example.org/stkg/id/obs_rel_T90_BTR80_20260205T223644Z_13_e_c	http://www.w3.org/1999/02/22-rdf-syntax-ns#type	http://example.org/stkg/id/SpatialRelationObservation
http://example.org/stkg/id/obs_rel_T90_BTR80_20260205T223644Z_13_e_c	http://example.org/stkg/subjectEntity	http://example.org/stkg/id/platform_T90
http://example.org/stkg/id/obs_rel_T90_BTR80_20260205T223644Z_13_e_c	http://example.org/stkg/objectEntity	http://example.org/stkg/id/platform_BTR80
http://example.org/stkg/id/obs_rel_T90_BTR80_20260205T223644Z_13_e_c	http://example.org/stkg/relationType	http://example.org/stkg/id/relation_ahead_of
http://example.org/stkg/id/obs_rel_T90_BTR80_20260205T223644Z_13_e_c	http://example.org/stkg/time	"2026-02-05T22:36:44Z"^^<http://www.w3.org/2001/XMLSchema#dateTime>
http://example.org/stkg/id/obs_rel_BTR80_K2BlackPanther_20260205T223645Z_14_c_d	http://www.w3.org/1999/02/22-rdf-syntax-ns#type	http://example.org/stkg/id/SpatialRelationObservation
http://example.org/stkg/id/obs_rel_BTR80_K2BlackPanther_20260205T223645Z_14_c_d	http://example.org/stkg/subjectEntity	http://example.org/stkg/id/platform_BTR80
http://example.org/stkg/id/obs_rel_BTR80_K2BlackPanther_20260205T223645Z_14_c_d	http://example.org/stkg/objectEntity	http://example.org/stkg/id/platform_K2BlackPanther
http://example.org/stkg/id/obs_rel_BTR80_K2BlackPanther_20260205T223645Z_14_c_d	http://example.org/stkg/relationType	http://example.org/stkg/id/relation_behind_of
http://example.org/stkg/id/obs_rel_BTR80_K2BlackPanther_20260205T223645Z_14_c_d	http://example.org/stkg/time	"2026-02-05T22:36:45Z"^^<http://www.w3.org/2001/XMLSchema#dateTime>
http://example.org/stkg/id/obs_rel_K2BlackPanther_BTR80_20260205T223645Z_14_d_c	http://www.w3.org/1999/02/22-rdf-syntax-ns#type	http://example.org/stkg/id/SpatialRelationObservation
http://example.org/stkg/id/obs_rel_K2BlackPanther_BTR80_20260205T223645Z_14_d_c	http://example.org/stkg/subjectEntity	http://example.org/stkg/id/platform_K2BlackPanther
http://example.org/stkg/id/obs_rel_K2BlackPanther_BTR80_20260205T223645Z_14_d_c	http://example.org/stkg/objectEntity	http://example.org/stkg/id/platform_BTR80
http://example.org/stkg/id/obs_rel_K2BlackPanther_BTR80_20260205T223645Z_14_d_c	http://example.org/stkg/relationType	http://example.org/stkg/id/relation_ahead_of
http://example.org/stkg/id/obs_rel_K2BlackPanther_BTR80_20260205T223645Z_14_d_c	http://example.org/stkg/time	"2026-02-05T22:36:45Z"^^<http://www.w3.org/2001/XMLSchema#dateTime>
http://example.org/stkg/id/obs_rel_K2BlackPanther_T90_20260205T223645Z_14_d_e	http://www.w3.org/1999/02/22-rdf-syntax-ns#type	http://example.org/stkg/id/SpatialRelationObservation
http://example.org/stkg/id/obs_rel_K2BlackPanther_T90_20260205T223645Z_14_d_e	http://example.org/stkg/subjectEntity	http://example.org/stkg/id/platform_K2BlackPanther
http://example.org/stkg/id/obs_rel_K2BlackPanther_T90_20260205T223645Z_14_d_e	http://example.org/stkg/objectEntity	http://example.org/stkg/id/platform_T90
http://example.org/stkg/id/obs_rel_K2BlackPanther_T90_20260205T223645Z_14_d_e	http://example.org/stkg/relationType	http://example.org/stkg/id/relation_behind_of
http://example.org/stkg/id/obs_rel_K2BlackPanther_T90_20260205T223645Z_14_d_e	http://example.org/stkg/time	"2026-02-05T22:36:45Z"^^<http://www.w3.org/2001/XMLSchema#dateTime>
http://example.org/stkg/id/obs_rel_T90_K2BlackPanther_20260205T223645Z_14_e_d	http://www.w3.org/1999/02/22-rdf-syntax-ns#type	http://example.org/stkg/id/SpatialRelationObservation
http://example.org/stkg/id/obs_rel_T90_K2BlackPanther_20260205T223645Z_14_e_d	http://example.org/stkg/subjectEntity	http://example.org/stkg/id/platform_T90
http://example.org/stkg/id/obs_rel_T90_K2BlackPanther_20260205T223645Z_14_e_d	http://example.org/stkg/objectEntity	http://example.org/stkg/id/platform_K2BlackPanther
http://example.org/stkg/id/obs_rel_T90_K2BlackPanther_20260205T223645Z_14_e_d	http://example.org/stkg/relationType	http://example.org/stkg/id/relation_ahead_of
http://example.org/stkg/id/obs_rel_T90_K2BlackPanther_20260205T223645Z_14_e_d	http://example.org/stkg/time	"2026-02-05T22:36:45Z"^^<http://www.w3.org/2001/XMLSchema#dateTime>
http://example.org/stkg/id/obs_rel_BTR80_T90_20260205T223645Z_14_c_e	http://www.w3.org/1999/02/22-rdf-syntax-ns#type	http://example.org/stkg/id/SpatialRelationObservation
http://example.org/stkg/id/obs_rel_BTR80_T90_20260205T223645Z_14_c_e	http://example.org/stkg/subjectEntity	http://example.org/stkg/id/platform_BTR80
http://example.org/stkg/id/obs_rel_BTR80_T90_20260205T223645Z_14_c_e	http://example.org/stkg/objectEntity	http://example.org/stkg/id/platform_T90
http://example.org/stkg/id/obs_rel_BTR80_T90_20260205T223645Z_14_c_e	http://example.org/stkg/relationType	http://example.org/stkg/id/relation_behind_of
http://example.org/stkg/id/obs_rel_BTR80_T90_20260205T223645Z_14_c_e	http://example.org/stkg/time	"2026-02-05T22:36:45Z"^^<http://www.w3.org/2001/XMLSchema#dateTime>
http://example.org/stkg/id/obs_rel_T90_BTR80_20260205T223645Z_14_e_c	http://www.w3.org/1999/02/22-rdf-syntax-ns#type	http://example.org/stkg/id/SpatialRelationObservation
http://example.org/stkg/id/obs_rel_T90_BTR80_20260205T223645Z_14_e_c	http://example.org/stkg/subjectEntity	http://example.org/stkg/id/platform_T90
http://example.org/stkg/id/obs_rel_T90_BTR80_20260205T223645Z_14_e_c	http://example.org/stkg/objectEntity	http://example.org/stkg/id/platform_BTR80
http://example.org/stkg/id/obs_rel_T90_BTR80_20260205T223645Z_14_e_c	http://example.org/stkg/relationType	http://example.org/stkg/id/relation_ahead_of
http://example.org/stkg/id/obs_rel_T90_BTR80_20260205T223645Z_14_e_c	http://example.org/stkg/time	"2026-02-05T22:36:45Z"^^<http://www.w3.org/2001/XMLSchema#dateTime>
http://example.org/stkg/id/obs_rel_BTR80_K2BlackPanther_20260205T223646Z_15_c_d	http://www.w3.org/1999/02/22-rdf-syntax-ns#type	http://example.org/stkg/id/SpatialRelationObservation
http://example.org/stkg/id/obs_rel_BTR80_K2BlackPanther_20260205T223646Z_15_c_d	http://example.org/stkg/subjectEntity	http://example.org/stkg/id/platform_BTR80
http://example.org/stkg/id/obs_rel_BTR80_K2BlackPanther_20260205T223646Z_15_c_d	http://example.org/stkg/objectEntity	http://example.org/stkg/id/platform_K2BlackPanther
http://example.org/stkg/id/obs_rel_BTR80_K2BlackPanther_20260205T223646Z_15_c_d	http://example.org/stkg/relationType	http://example.org/stkg/id/relation_behind_of
http://example.org/stkg/id/obs_rel_BTR80_K2BlackPanther_20260205T223646Z_15_c_d	http://example.org/stkg/time	"2026-02-05T22:36:46Z"^^<http://www.w3.org/2001/XMLSchema#dateTime>
http://example.org/stkg/id/obs_rel_K2BlackPanther_BTR80_20260205T223646Z_15_d_c	http://www.w3.org/1999/02/22-rdf-syntax-ns#type	http://example.org/stkg/id/SpatialRelationObservation
http://example.org/stkg/id/obs_rel_K2BlackPanther_BTR80_20260205T223646Z_15_d_c	http://example.org/stkg/subjectEntity	http://example.org/stkg/id/platform_K2BlackPanther
http://example.org/stkg/id/obs_rel_K2BlackPanther_BTR80_20260205T223646Z_15_d_c	http://example.org/stkg/objectEntity	http://example.org/stkg/id/platform_BTR80
http://example.org/stkg/id/obs_rel_K2BlackPanther_BTR80_20260205T223646Z_15_d_c	http://example.org/stkg/relationType	http://example.org/stkg/id/relation_ahead_of
http://example.org/stkg/id/obs_rel_K2BlackPanther_BTR80_20260205T223646Z_15_d_c	http://example.org/stkg/time	"2026-02-05T22:36:46Z"^^<http://www.w3.org/2001/XMLSchema#dateTime>
http://example.org/stkg/id/obs_rel_K2BlackPanther_T90_20260205T223646Z_15_d_e	http://www.w3.org/1999/02/22-rdf-syntax-ns#type	http://example.org/stkg/id/SpatialRelationObservation
http://example.org/stkg/id/obs_rel_K2BlackPanther_T90_20260205T223646Z_15_d_e	http://example.org/stkg/subjectEntity	http://example.org/stkg/id/platform_K2BlackPanther
http://example.org/stkg/id/obs_rel_K2BlackPanther_T90_20260205T223646Z_15_d_e	http://example.org/stkg/objectEntity	http://example.org/stkg/id/platform_T90
http://example.org/stkg/id/obs_rel_K2BlackPanther_T90_20260205T223646Z_15_d_e	http://example.org/stkg/relationType	http://example.org/stkg/id/relation_behind_of
http://example.org/stkg/id/obs_rel_K2BlackPanther_T90_20260205T223646Z_15_d_e	http://example.org/stkg/time	"2026-02-05T22:36:46Z"^^<http://www.w3.org/2001/XMLSchema#dateTime>
http://example.org/stkg/id/obs_rel_T90_K2BlackPanther_20260205T223646Z_15_e_d	http://www.w3.org/1999/02/22-rdf-syntax-ns#type	http://example.org/stkg/id/SpatialRelationObservation
http://example.org/stkg/id/obs_rel_T90_K2BlackPanther_20260205T223646Z_15_e_d	http://example.org/stkg/subjectEntity	http://example.org/stkg/id/platform_T90
http://example.org/stkg/id/obs_rel_T90_K2BlackPanther_20260205T223646Z_15_e_d	http://example.org/stkg/objectEntity	http://example.org/stkg/id/platform_K2BlackPanther
http://example.org/stkg/id/obs_rel_T90_K2BlackPanther_20260205T223646Z_15_e_d	http://example.org/stkg/relationType	http://example.org/stkg/id/relation_ahead_of
http://example.org/stkg/id/obs_rel_T90_K2BlackPanther_20260205T223646Z_15_e_d	http://example.org/stkg/time	"2026-02-05T22:36:46Z"^^<http://www.w3.org/2001/XMLSchema#dateTime>
http://example.org/stkg/id/obs_rel_BTR80_T90_20260205T223646Z_15_c_e	http://www.w3.org/1999/02/22-rdf-syntax-ns#type	http://example.org/stkg/id/SpatialRelationObservation
http://example.org/stkg/id/obs_rel_BTR80_T90_20260205T223646Z_15_c_e	http://example.org/stkg/subjectEntity	http://example.org/stkg/id/platform_BTR80
http://example.org/stkg/id/obs_rel_BTR80_T90_20260205T223646Z_15_c_e	http://example.org/stkg/objectEntity	http://example.org/stkg/id/platform_T90
http://example.org/stkg/id/obs_rel_BTR80_T90_20260205T223646Z_15_c_e	http://example.org/stkg/relationType	http://example.org/stkg/id/relation_behind_of
http://example.org/stkg/id/obs_rel_BTR80_T90_20260205T223646Z_15_c_e	http://example.org/stkg/time	"2026-02-05T22:36:46Z"^^<http://www.w3.org/2001/XMLSchema#dateTime>
http://example.org/stkg/id/obs_rel_T90_BTR80_20260205T223646Z_15_e_c	http://www.w3.org/1999/02/22-rdf-syntax-ns#type	http://example.org/stkg/id/SpatialRelationObservation
http://example.org/stkg/id/obs_rel_T90_BTR80_20260205T223646Z_15_e_c	http://example.org/stkg/subjectEntity	http://example.org/stkg/id/platform_T90
http://example.org/stkg/id/obs_rel_T90_BTR80_20260205T223646Z_15_e_c	http://example.org/stkg/objectEntity	http://example.org/stkg/id/platform_BTR80
http://example.org/stkg/id/obs_rel_T90_BTR80_20260205T223646Z_15_e_c	http://example.org/stkg/relationType	http://example.org/stkg/id/relation_ahead_of
http://example.org/stkg/id/obs_rel_T90_BTR80_20260205T223646Z_15_e_c	http://example.org/stkg/time	"2026-02-05T22:36:46Z"^^<http://www.w3.org/2001/XMLSchema#dateTime>
http://example.org/stkg/id/obs_rel_BTR80_K2BlackPanther_20260205T223647Z_16_c_d	http://www.w3.org/1999/02/22-rdf-syntax-ns#type	http://example.org/stkg/id/SpatialRelationObservation
http://example.org/stkg/id/obs_rel_BTR80_K2BlackPanther_20260205T223647Z_16_c_d	http://example.org/stkg/subjectEntity	http://example.org/stkg/id/platform_BTR80
http://example.org/stkg/id/obs_rel_BTR80_K2BlackPanther_20260205T223647Z_16_c_d	http://example.org/stkg/objectEntity	http://example.org/stkg/id/platform_K2BlackPanther
http://example.org/stkg/id/obs_rel_BTR80_K2BlackPanther_20260205T223647Z_16_c_d	http://example.org/stkg/relationType	http://example.org/stkg/id/relation_behind_of
http://example.org/stkg/id/obs_rel_BTR80_K2BlackPanther_20260205T223647Z_16_c_d	http://example.org/stkg/time	"2026-02-05T22:36:47Z"^^<http://www.w3.org/2001/XMLSchema#dateTime>
http://example.org/stkg/id/obs_rel_K2BlackPanther_BTR80_20260205T223647Z_16_d_c	http://www.w3.org/1999/02/22-rdf-syntax-ns#type	http://example.org/stkg/id/SpatialRelationObservation
http://example.org/stkg/id/obs_rel_K2BlackPanther_BTR80_20260205T223647Z_16_d_c	http://example.org/stkg/subjectEntity	http://example.org/stkg/id/platform_K2BlackPanther
http://example.org/stkg/id/obs_rel_K2BlackPanther_BTR80_20260205T223647Z_16_d_c	http://example.org/stkg/objectEntity	http://example.org/stkg/id/platform_BTR80
http://example.org/stkg/id/obs_rel_K2BlackPanther_BTR80_20260205T223647Z_16_d_c	http://example.org/stkg/relationType	http://example.org/stkg/id/relation_ahead_of
http://example.org/stkg/id/obs_rel_K2BlackPanther_BTR80_20260205T223647Z_16_d_c	http://example.org/stkg/time	"2026-02-05T22:36:47Z"^^<http://www.w3.org/2001/XMLSchema#dateTime>
http://example.org/stkg/id/obs_rel_K2BlackPanther_T90_20260205T223647Z_16_d_e	http://www.w3.org/1999/02/22-rdf-syntax-ns#type	http://example.org/stkg/id/SpatialRelationObservation
http://example.org/stkg/id/obs_rel_K2BlackPanther_T90_20260205T223647Z_16_d_e	http://example.org/stkg/subjectEntity	http://example.org/stkg/id/platform_K2BlackPanther
http://example.org/stkg/id/obs_rel_K2BlackPanther_T90_20260205T223647Z_16_d_e	http://example.org/stkg/objectEntity	http://example.org/stkg/id/platform_T90
http://example.org/stkg/id/obs_rel_K2BlackPanther_T90_20260205T223647Z_16_d_e	http://example.org/stkg/relationType	http://example.org/stkg/id/relation_behind_of
http://example.org/stkg/id/obs_rel_K2BlackPanther_T90_20260205T223647Z_16_d_e	http://example.org/stkg/time	"2026-02-05T22:36:47Z"^^<http://www.w3.org/2001/XMLSchema#dateTime>
http://example.org/stkg/id/obs_rel_T90_K2BlackPanther_20260205T223647Z_16_e_d	http://www.w3.org/1999/02/22-rdf-syntax-ns#type	http://example.org/stkg/id/SpatialRelationObservation
http://example.org/stkg/id/obs_rel_T90_K2BlackPanther_20260205T223647Z_16_e_d	http://example.org/stkg/subjectEntity	http://example.org/stkg/id/platform_T90
http://example.org/stkg/id/obs_rel_T90_K2BlackPanther_20260205T223647Z_16_e_d	http://example.org/stkg/objectEntity	http://example.org/stkg/id/platform_K2BlackPanther
http://example.org/stkg/id/obs_rel_T90_K2BlackPanther_20260205T223647Z_16_e_d	http://example.org/stkg/relationType	http://example.org/stkg/id/relation_ahead_of
http://example.org/stkg/id/obs_rel_T90_K2BlackPanther_20260205T223647Z_16_e_d	http://example.org/stkg/time	"2026-02-05T22:36:47Z"^^<http://www.w3.org/2001/XMLSchema#dateTime>
http://example.org/stkg/id/obs_rel_BTR80_T90_20260205T223647Z_16_c_e	http://www.w3.org/1999/02/22-rdf-syntax-ns#type	http://example.org/stkg/id/SpatialRelationObservation
http://example.org/stkg/id/obs_rel_BTR80_T90_20260205T223647Z_16_c_e	http://example.org/stkg/subjectEntity	http://example.org/stkg/id/platform_BTR80
http://example.org/stkg/id/obs_rel_BTR80_T90_20260205T223647Z_16_c_e	http://example.org/stkg/objectEntity	http://example.org/stkg/id/platform_T90
http://example.org/stkg/id/obs_rel_BTR80_T90_20260205T223647Z_16_c_e	http://example.org/stkg/relationType	http://example.org/stkg/id/relation_behind_of
http://example.org/stkg/id/obs_rel_BTR80_T90_20260205T223647Z_16_c_e	http://example.org/stkg/time	"2026-02-05T22:36:47Z"^^<http://www.w3.org/2001/XMLSchema#dateTime>
http://example.org/stkg/id/obs_rel_T90_BTR80_20260205T223647Z_16_e_c	http://www.w3.org/1999/02/22-rdf-syntax-ns#type	http://example.org/stkg/id/SpatialRelationObservation
http://example.org/stkg/id/obs_rel_T90_BTR80_20260205T223647Z_16_e_c	http://example.org/stkg/subjectEntity	http://example.org/stkg/id/platform_T90
http://example.org/stkg/id/obs_rel_T90_BTR80_20260205T223647Z_16_e_c	http://example.org/stkg/objectEntity	http://example.org/stkg/id/platform_BTR80
http://example.org/stkg/id/obs_rel_T90_BTR80_20260205T223647Z_16_e_c	http://example.org/stkg/relationType	http://example.org/stkg/id/relation_ahead_of
http://example.org/stkg/id/obs_rel_T90_BTR80_20260205T223647Z_16_e_c	http://example.org/stkg/time	"2026-02-05T22:36:47Z"^^<http://www.w3.org/2001/XMLSchema#dateTime>
http://example.org/stkg/id/obs_rel_BTR80_K2BlackPanther_20260205T223648Z_17_c_d	http://www.w3.org/1999/02/22-rdf-syntax-ns#type	http://example.org/stkg/id/SpatialRelationObservation
http://example.org/stkg/id/obs_rel_BTR80_K2BlackPanther_20260205T223648Z_17_c_d	http://example.org/stkg/subjectEntity	http://example.org/stkg/id/platform_BTR80
http://example.org/stkg/id/obs_rel_BTR80_K2BlackPanther_20260205T223648Z_17_c_d	http://example.org/stkg/objectEntity	http://example.org/stkg/id/platform_K2BlackPanther
http://example.org/stkg/id/obs_rel_BTR80_K2BlackPanther_20260205T223648Z_17_c_d	http://example.org/stkg/relationType	http://example.org/stkg/id/relation_behind_of
http://example.org/stkg/id/obs_rel_BTR80_K2BlackPanther_20260205T223648Z_17_c_d	http://example.org/stkg/time	"2026-02-05T22:36:48Z"^^<http://www.w3.org/2001/XMLSchema#dateTime>
http://example.org/stkg/id/obs_rel_K2BlackPanther_BTR80_20260205T223648Z_17_d_c	http://www.w3.org/1999/02/22-rdf-syntax-ns#type	http://example.org/stkg/id/SpatialRelationObservation
http://example.org/stkg/id/obs_rel_K2BlackPanther_BTR80_20260205T223648Z_17_d_c	http://example.org/stkg/subjectEntity	http://example.org/stkg/id/platform_K2BlackPanther
http://example.org/stkg/id/obs_rel_K2BlackPanther_BTR80_20260205T223648Z_17_d_c	http://example.org/stkg/objectEntity	http://example.org/stkg/id/platform_BTR80
http://example.org/stkg/id/obs_rel_K2BlackPanther_BTR80_20260205T223648Z_17_d_c	http://example.org/stkg/relationType	http://example.org/stkg/id/relation_ahead_of
http://example.org/stkg/id/obs_rel_K2BlackPanther_BTR80_20260205T223648Z_17_d_c	http://example.org/stkg/time	"2026-02-05T22:36:48Z"^^<http://www.w3.org/2001/XMLSchema#dateTime>
http://example.org/stkg/id/obs_rel_K2BlackPanther_T90_20260205T223648Z_17_d_e	http://www.w3.org/1999/02/22-rdf-syntax-ns#type	http://example.org/stkg/id/SpatialRelationObservation
http://example.org/stkg/id/obs_rel_K2BlackPanther_T90_20260205T223648Z_17_d_e	http://example.org/stkg/subjectEntity	http://example.org/stkg/id/platform_K2BlackPanther
http://example.org/stkg/id/obs_rel_K2BlackPanther_T90_20260205T223648Z_17_d_e	http://example.org/stkg/objectEntity	http://example.org/stkg/id/platform_T90
http://example.org/stkg/id/obs_rel_K2BlackPanther_T90_20260205T223648Z_17_d_e	http://example.org/stkg/relationType	http://example.org/stkg/id/relation_behind_of
http://example.org/stkg/id/obs_rel_K2BlackPanther_T90_20260205T223648Z_17_d_e	http://example.org/stkg/time	"2026-02-05T22:36:48Z"^^<http://www.w3.org/2001/XMLSchema#dateTime>
http://example.org/stkg/id/obs_rel_T90_K2BlackPanther_20260205T223648Z_17_e_d	http://www.w3.org/1999/02/22-rdf-syntax-ns#type	http://example.org/stkg/id/SpatialRelationObservation
http://example.org/stkg/id/obs_rel_T90_K2BlackPanther_20260205T223648Z_17_e_d	http://example.org/stkg/subjectEntity	http://example.org/stkg/id/platform_T90
http://example.org/stkg/id/obs_rel_T90_K2BlackPanther_20260205T223648Z_17_e_d	http://example.org/stkg/objectEntity	http://example.org/stkg/id/platform_K2BlackPanther
http://example.org/stkg/id/obs_rel_T90_K2BlackPanther_20260205T223648Z_17_e_d	http://example.org/stkg/relationType	http://example.org/stkg/id/relation_ahead_of
http://example.org/stkg/id/obs_rel_T90_K2BlackPanther_20260205T223648Z_17_e_d	http://example.org/stkg/time	"2026-02-05T22:36:48Z"^^<http://www.w3.org/2001/XMLSchema#dateTime>
http://example.org/stkg/id/obs_rel_BTR80_T90_20260205T223648Z_17_c_e	http://www.w3.org/1999/02/22-rdf-syntax-ns#type	http://example.org/stkg/id/SpatialRelationObservation
http://example.org/stkg/id/obs_rel_BTR80_T90_20260205T223648Z_17_c_e	http://example.org/stkg/subjectEntity	http://example.org/stkg/id/platform_BTR80
http://example.org/stkg/id/obs_rel_BTR80_T90_20260205T223648Z_17_c_e	http://example.org/stkg/objectEntity	http://example.org/stkg/id/platform_T90
http://example.org/stkg/id/obs_rel_BTR80_T90_20260205T223648Z_17_c_e	http://example.org/stkg/relationType	http://example.org/stkg/id/relation_behind_of
http://example.org/stkg/id/obs_rel_BTR80_T90_20260205T223648Z_17_c_e	http://example.org/stkg/time	"2026-02-05T22:36:48Z"^^<http://www.w3.org/2001/XMLSchema#dateTime>
http://example.org/stkg/id/obs_rel_T90_BTR80_20260205T223648Z_17_e_c	http://www.w3.org/1999/02/22-rdf-syntax-ns#type	http://example.org/stkg/id/SpatialRelationObservation
http://example.org/stkg/id/obs_rel_T90_BTR80_20260205T223648Z_17_e_c	http://example.org/stkg/subjectEntity	http://example.org/stkg/id/platform_T90
http://example.org/stkg/id/obs_rel_T90_BTR80_20260205T223648Z_17_e_c	http://example.org/stkg/objectEntity	http://example.org/stkg/id/platform_BTR80
http://example.org/stkg/id/obs_rel_T90_BTR80_20260205T223648Z_17_e_c	http://example.org/stkg/relationType	http://example.org/stkg/id/relation_ahead_of
http://example.org/stkg/id/obs_rel_T90_BTR80_20260205T223648Z_17_e_c	http://example.org/stkg/time	"2026-02-05T22:36:48Z"^^<http://www.w3.org/2001/XMLSchema#dateTime>
http://example.org/stkg/id/obs_rel_BTR80_K2BlackPanther_20260205T223649Z_18_c_d	http://www.w3.org/1999/02/22-rdf-syntax-ns#type	http://example.org/stkg/id/SpatialRelationObservation
http://example.org/stkg/id/obs_rel_BTR80_K2BlackPanther_20260205T223649Z_18_c_d	http://example.org/stkg/subjectEntity	http://example.org/stkg/id/platform_BTR80
http://example.org/stkg/id/obs_rel_BTR80_K2BlackPanther_20260205T223649Z_18_c_d	http://example.org/stkg/objectEntity	http://example.org/stkg/id/platform_K2BlackPanther
http://example.org/stkg/id/obs_rel_BTR80_K2BlackPanther_20260205T223649Z_18_c_d	http://example.org/stkg/relationType	http://example.org/stkg/id/relation_behind_of
http://example.org/stkg/id/obs_rel_BTR80_K2BlackPanther_20260205T223649Z_18_c_d	http://example.org/stkg/time	"2026-02-05T22:36:49Z"^^<http://www.w3.org/2001/XMLSchema#dateTime>
http://example.org/stkg/id/obs_rel_K2BlackPanther_BTR80_20260205T223649Z_18_d_c	http://www.w3.org/1999/02/22-rdf-syntax-ns#type	http://example.org/stkg/id/SpatialRelationObservation
http://example.org/stkg/id/obs_rel_K2BlackPanther_BTR80_20260205T223649Z_18_d_c	http://example.org/stkg/subjectEntity	http://example.org/stkg/id/platform_K2BlackPanther
http://example.org/stkg/id/obs_rel_K2BlackPanther_BTR80_20260205T223649Z_18_d_c	http://example.org/stkg/objectEntity	http://example.org/stkg/id/platform_BTR80
http://example.org/stkg/id/obs_rel_K2BlackPanther_BTR80_20260205T223649Z_18_d_c	http://example.org/stkg/relationType	http://example.org/stkg/id/relation_ahead_of
http://example.org/stkg/id/obs_rel_K2BlackPanther_BTR80_20260205T223649Z_18_d_c	http://example.org/stkg/time	"2026-02-05T22:36:49Z"^^<http://www.w3.org/2001/XMLSchema#dateTime>
http://example.org/stkg/id/obs_rel_K2BlackPanther_T90_20260205T223649Z_18_d_e	http://www.w3.org/1999/02/22-rdf-syntax-ns#type	http://example.org/stkg/id/SpatialRelationObservation
http://example.org/stkg/id/obs_rel_K2BlackPanther_T90_20260205T223649Z_18_d_e	http://example.org/stkg/subjectEntity	http://example.org/stkg/id/platform_K2BlackPanther
http://example.org/stkg/id/obs_rel_K2BlackPanther_T90_20260205T223649Z_18_d_e	http://example.org/stkg/objectEntity	http://example.org/stkg/id/platform_T90
http://example.org/stkg/id/obs_rel_K2BlackPanther_T90_20260205T223649Z_18_d_e	http://example.org/stkg/relationType	http://example.org/stkg/id/relation_behind_of
http://example.org/stkg/id/obs_rel_K2BlackPanther_T90_20260205T223649Z_18_d_e	http://example.org/stkg/time	"2026-02-05T22:36:49Z"^^<http://www.w3.org/2001/XMLSchema#dateTime>
http://example.org/stkg/id/obs_rel_T90_K2BlackPanther_20260205T223649Z_18_e_d	http://www.w3.org/1999/02/22-rdf-syntax-ns#type	http://example.org/stkg/id/SpatialRelationObservation
http://example.org/stkg/id/obs_rel_T90_K2BlackPanther_20260205T223649Z_18_e_d	http://example.org/stkg/subjectEntity	http://example.org/stkg/id/platform_T90
http://example.org/stkg/id/obs_rel_T90_K2BlackPanther_20260205T223649Z_18_e_d	http://example.org/stkg/objectEntity	http://example.org/stkg/id/platform_K2BlackPanther
http://example.org/stkg/id/obs_rel_T90_K2BlackPanther_20260205T223649Z_18_e_d	http://example.org/stkg/relationType	http://example.org/stkg/id/relation_ahead_of
http://example.org/stkg/id/obs_rel_T90_K2BlackPanther_20260205T223649Z_18_e_d	http://example.org/stkg/time	"2026-02-05T22:36:49Z"^^<http://www.w3.org/2001/XMLSchema#dateTime>
http://example.org/stkg/id/obs_rel_BTR80_T90_20260205T223649Z_18_c_e	http://www.w3.org/1999/02/22-rdf-syntax-ns#type	http://example.org/stkg/id/SpatialRelationObservation
http://example.org/stkg/id/obs_rel_BTR80_T90_20260205T223649Z_18_c_e	http://example.org/stkg/subjectEntity	http://example.org/stkg/id/platform_BTR80
http://example.org/stkg/id/obs_rel_BTR80_T90_20260205T223649Z_18_c_e	http://example.org/stkg/objectEntity	http://example.org/stkg/id/platform_T90
http://example.org/stkg/id/obs_rel_BTR80_T90_20260205T223649Z_18_c_e	http://example.org/stkg/relationType	http://example.org/stkg/id/relation_behind_of
http://example.org/stkg/id/obs_rel_BTR80_T90_20260205T223649Z_18_c_e	http://example.org/stkg/time	"2026-02-05T22:36:49Z"^^<http://www.w3.org/2001/XMLSchema#dateTime>
http://example.org/stkg/id/obs_rel_T90_BTR80_20260205T223649Z_18_e_c	http://www.w3.org/1999/02/22-rdf-syntax-ns#type	http://example.org/stkg/id/SpatialRelationObservation
http://example.org/stkg/id/obs_rel_T90_BTR80_20260205T223649Z_18_e_c	http://example.org/stkg/subjectEntity	http://example.org/stkg/id/platform_T90
http://example.org/stkg/id/obs_rel_T90_BTR80_20260205T223649Z_18_e_c	http://example.org/stkg/objectEntity	http://example.org/stkg/id/platform_BTR80
http://example.org/stkg/id/obs_rel_T90_BTR80_20260205T223649Z_18_e_c	http://example.org/stkg/relationType	http://example.org/stkg/id/relation_ahead_of
http://example.org/stkg/id/obs_rel_T90_BTR80_20260205T223649Z_18_e_c	http://example.org/stkg/time	"2026-02-05T22:36:49Z"^^<http://www.w3.org/2001/XMLSchema#dateTime>
http://example.org/stkg/id/obs_rel_BTR80_K2BlackPanther_20260205T223650Z_19_c_d	http://www.w3.org/1999/02/22-rdf-syntax-ns#type	http://example.org/stkg/id/SpatialRelationObservation
http://example.org/stkg/id/obs_rel_BTR80_K2BlackPanther_20260205T223650Z_19_c_d	http://example.org/stkg/subjectEntity	http://example.org/stkg/id/platform_BTR80
http://example.org/stkg/id/obs_rel_BTR80_K2BlackPanther_20260205T223650Z_19_c_d	http://example.org/stkg/objectEntity	http://example.org/stkg/id/platform_K2BlackPanther
http://example.org/stkg/id/obs_rel_BTR80_K2BlackPanther_20260205T223650Z_19_c_d	http://example.org/stkg/relationType	http://example.org/stkg/id/relation_behind_of
http://example.org/stkg/id/obs_rel_BTR80_K2BlackPanther_20260205T223650Z_19_c_d	http://example.org/stkg/time	"2026-02-05T22:36:50Z"^^<http://www.w3.org/2001/XMLSchema#dateTime>
http://example.org/stkg/id/obs_rel_K2BlackPanther_BTR80_20260205T223650Z_19_d_c	http://www.w3.org/1999/02/22-rdf-syntax-ns#type	http://example.org/stkg/id/SpatialRelationObservation
http://example.org/stkg/id/obs_rel_K2BlackPanther_BTR80_20260205T223650Z_19_d_c	http://example.org/stkg/subjectEntity	http://example.org/stkg/id/platform_K2BlackPanther
http://example.org/stkg/id/obs_rel_K2BlackPanther_BTR80_20260205T223650Z_19_d_c	http://example.org/stkg/objectEntity	http://example.org/stkg/id/platform_BTR80
http://example.org/stkg/id/obs_rel_K2BlackPanther_BTR80_20260205T223650Z_19_d_c	http://example.org/stkg/relationType	http://example.org/stkg/id/relation_ahead_of
http://example.org/stkg/id/obs_rel_K2BlackPanther_BTR80_20260205T223650Z_19_d_c	http://example.org/stkg/time	"2026-02-05T22:36:50Z"^^<http://www.w3.org/2001/XMLSchema#dateTime>
http://example.org/stkg/id/obs_rel_K2BlackPanther_T90_20260205T223650Z_19_d_e	http://www.w3.org/1999/02/22-rdf-syntax-ns#type	http://example.org/stkg/id/SpatialRelationObservation
http://example.org/stkg/id/obs_rel_K2BlackPanther_T90_20260205T223650Z_19_d_e	http://example.org/stkg/subjectEntity	http://example.org/stkg/id/platform_K2BlackPanther
http://example.org/stkg/id/obs_rel_K2BlackPanther_T90_20260205T223650Z_19_d_e	http://example.org/stkg/objectEntity	http://example.org/stkg/id/platform_T90
http://example.org/stkg/id/obs_rel_K2BlackPanther_T90_20260205T223650Z_19_d_e	http://example.org/stkg/relationType	http://example.org/stkg/id/relation_behind_of
http://example.org/stkg/id/obs_rel_K2BlackPanther_T90_20260205T223650Z_19_d_e	http://example.org/stkg/time	"2026-02-05T22:36:50Z"^^<http://www.w3.org/2001/XMLSchema#dateTime>
http://example.org/stkg/id/obs_rel_T90_K2BlackPanther_20260205T223650Z_19_e_d	http://www.w3.org/1999/02/22-rdf-syntax-ns#type	http://example.org/stkg/id/SpatialRelationObservation
http://example.org/stkg/id/obs_rel_T90_K2BlackPanther_20260205T223650Z_19_e_d	http://example.org/stkg/subjectEntity	http://example.org/stkg/id/platform_T90
http://example.org/stkg/id/obs_rel_T90_K2BlackPanther_20260205T223650Z_19_e_d	http://example.org/stkg/objectEntity	http://example.org/stkg/id/platform_K2BlackPanther
http://example.org/stkg/id/obs_rel_T90_K2BlackPanther_20260205T223650Z_19_e_d	http://example.org/stkg/relationType	http://example.org/stkg/id/relation_ahead_of
http://example.org/stkg/id/obs_rel_T90_K2BlackPanther_20260205T223650Z_19_e_d	http://example.org/stkg/time	"2026-02-05T22:36:50Z"^^<http://www.w3.org/2001/XMLSchema#dateTime>
http://example.org/stkg/id/obs_rel_BTR80_T90_20260205T223650Z_19_c_e	http://www.w3.org/1999/02/22-rdf-syntax-ns#type	http://example.org/stkg/id/SpatialRelationObservation
http://example.org/stkg/id/obs_rel_BTR80_T90_20260205T223650Z_19_c_e	http://example.org/stkg/subjectEntity	http://example.org/stkg/id/platform_BTR80
http://example.org/stkg/id/obs_rel_BTR80_T90_20260205T223650Z_19_c_e	http://example.org/stkg/objectEntity	http://example.org/stkg/id/platform_T90
http://example.org/stkg/id/obs_rel_BTR80_T90_20260205T223650Z_19_c_e	http://example.org/stkg/relationType	http://example.org/stkg/id/relation_behind_of
http://example.org/stkg/id/obs_rel_BTR80_T90_20260205T223650Z_19_c_e	http://example.org/stkg/time	"2026-02-05T22:36:50Z"^^<http://www.w3.org/2001/XMLSchema#dateTime>
http://example.org/stkg/id/obs_rel_T90_BTR80_20260205T223650Z_19_e_c	http://www.w3.org/1999/02/22-rdf-syntax-ns#type	http://example.org/stkg/id/SpatialRelationObservation
http://example.org/stkg/id/obs_rel_T90_BTR80_20260205T223650Z_19_e_c	http://example.org/stkg/subjectEntity	http://example.org/stkg/id/platform_T90
http://example.org/stkg/id/obs_rel_T90_BTR80_20260205T223650Z_19_e_c	http://example.org/stkg/objectEntity	http://example.org/stkg/id/platform_BTR80
http://example.org/stkg/id/obs_rel_T90_BTR80_20260205T223650Z_19_e_c	http://example.org/stkg/relationType	http://example.org/stkg/id/relation_ahead_of
http://example.org/stkg/id/obs_rel_T90_BTR80_20260205T223650Z_19_e_c	http://example.org/stkg/time	"2026-02-05T22:36:50Z"^^<http://www.w3.org/2001/XMLSchema#dateTime>
http://example.org/stkg/id/obs_rel_BTR80_K2BlackPanther_20260205T223651Z_20_c_d	http://www.w3.org/1999/02/22-rdf-syntax-ns#type	http://example.org/stkg/id/SpatialRelationObservation
http://example.org/stkg/id/obs_rel_BTR80_K2BlackPanther_20260205T223651Z_20_c_d	http://example.org/stkg/subjectEntity	http://example.org/stkg/id/platform_BTR80
http://example.org/stkg/id/obs_rel_BTR80_K2BlackPanther_20260205T223651Z_20_c_d	http://example.org/stkg/objectEntity	http://example.org/stkg/id/platform_K2BlackPanther
http://example.org/stkg/id/obs_rel_BTR80_K2BlackPanther_20260205T223651Z_20_c_d	http://example.org/stkg/relationType	http://example.org/stkg/id/relation_behind_of
http://example.org/stkg/id/obs_rel_BTR80_K2BlackPanther_20260205T223651Z_20_c_d	http://example.org/stkg/time	"2026-02-05T22:36:51Z"^^<http://www.w3.org/2001/XMLSchema#dateTime>
http://example.org/stkg/id/obs_rel_K2BlackPanther_BTR80_20260205T223651Z_20_d_c	http://www.w3.org/1999/02/22-rdf-syntax-ns#type	http://example.org/stkg/id/SpatialRelationObservation
http://example.org/stkg/id/obs_rel_K2BlackPanther_BTR80_20260205T223651Z_20_d_c	http://example.org/stkg/subjectEntity	http://example.org/stkg/id/platform_K2BlackPanther
http://example.org/stkg/id/obs_rel_K2BlackPanther_BTR80_20260205T223651Z_20_d_c	http://example.org/stkg/objectEntity	http://example.org/stkg/id/platform_BTR80
http://example.org/stkg/id/obs_rel_K2BlackPanther_BTR80_20260205T223651Z_20_d_c	http://example.org/stkg/relationType	http://example.org/stkg/id/relation_ahead_of
http://example.org/stkg/id/obs_rel_K2BlackPanther_BTR80_20260205T223651Z_20_d_c	http://example.org/stkg/time	"2026-02-05T22:36:51Z"^^<http://www.w3.org/2001/XMLSchema#dateTime>
http://example.org/stkg/id/obs_rel_K2BlackPanther_T90_20260205T223651Z_20_d_e	http://www.w3.org/1999/02/22-rdf-syntax-ns#type	http://example.org/stkg/id/SpatialRelationObservation
http://example.org/stkg/id/obs_rel_K2BlackPanther_T90_20260205T223651Z_20_d_e	http://example.org/stkg/subjectEntity	http://example.org/stkg/id/platform_K2BlackPanther
http://example.org/stkg/id/obs_rel_K2BlackPanther_T90_20260205T223651Z_20_d_e	http://example.org/stkg/objectEntity	http://example.org/stkg/id/platform_T90
http://example.org/stkg/id/obs_rel_K2BlackPanther_T90_20260205T223651Z_20_d_e	http://example.org/stkg/relationType	http://example.org/stkg/id/relation_behind_of
http://example.org/stkg/id/obs_rel_K2BlackPanther_T90_20260205T223651Z_20_d_e	http://example.org/stkg/time	"2026-02-05T22:36:51Z"^^<http://www.w3.org/2001/XMLSchema#dateTime>
http://example.org/stkg/id/obs_rel_T90_K2BlackPanther_20260205T223651Z_20_e_d	http://www.w3.org/1999/02/22-rdf-syntax-ns#type	http://example.org/stkg/id/SpatialRelationObservation
http://example.org/stkg/id/obs_rel_T90_K2BlackPanther_20260205T223651Z_20_e_d	http://example.org/stkg/subjectEntity	http://example.org/stkg/id/platform_T90
http://example.org/stkg/id/obs_rel_T90_K2BlackPanther_20260205T223651Z_20_e_d	http://example.org/stkg/objectEntity	http://example.org/stkg/id/platform_K2BlackPanther
http://example.org/stkg/id/obs_rel_T90_K2BlackPanther_20260205T223651Z_20_e_d	http://example.org/stkg/relationType	http://example.org/stkg/id/relation_ahead_of
http://example.org/stkg/id/obs_rel_T90_K2BlackPanther_20260205T223651Z_20_e_d	http://example.org/stkg/time	"2026-02-05T22:36:51Z"^^<http://www.w3.org/2001/XMLSchema#dateTime>
http://example.org/stkg/id/obs_rel_BTR80_T90_20260205T223651Z_20_c_e	http://www.w3.org/1999/02/22-rdf-syntax-ns#type	http://example.org/stkg/id/SpatialRelationObservation
http://example.org/stkg/id/obs_rel_BTR80_T90_20260205T223651Z_20_c_e	http://example.org/stkg/subjectEntity	http://example.org/stkg/id/platform_BTR80
http://example.org/stkg/id/obs_rel_BTR80_T90_20260205T223651Z_20_c_e	http://example.org/stkg/objectEntity	http://example.org/stkg/id/platform_T90
http://example.org/stkg/id/obs_rel_BTR80_T90_20260205T223651Z_20_c_e	http://example.org/stkg/relationType	http://example.org/stkg/id/relation_behind_of
http://example.org/stkg/id/obs_rel_BTR80_T90_20260205T223651Z_20_c_e	http://example.org/stkg/time	"2026-02-05T22:36:51Z"^^<http://www.w3.org/2001/XMLSchema#dateTime>
http://example.org/stkg/id/obs_rel_T90_BTR80_20260205T223651Z_20_e_c	http://www.w3.org/1999/02/22-rdf-syntax-ns#type	http://example.org/stkg/id/SpatialRelationObservation
http://example.org/stkg/id/obs_rel_T90_BTR80_20260205T223651Z_20_e_c	http://example.org/stkg/subjectEntity	http://example.org/stkg/id/platform_T90
http://example.org/stkg/id/obs_rel_T90_BTR80_20260205T223651Z_20_e_c	http://example.org/stkg/objectEntity	http://example.org/stkg/id/platform_BTR80
http://example.org/stkg/id/obs_rel_T90_BTR80_20260205T223651Z_20_e_c	http://example.org/stkg/relationType	http://example.org/stkg/id/relation_ahead_of
http://example.org/stkg/id/obs_rel_T90_BTR80_20260205T223651Z_20_e_c	http://example.org/stkg/time	"2026-02-05T22:36:51Z"^^<http://www.w3.org/2001/XMLSchema#dateTime>
http://example.org/stkg/id/obs_rel_BTR80_K2BlackPanther_20260205T223652Z_21_c_d	http://www.w3.org/1999/02/22-rdf-syntax-ns#type	http://example.org/stkg/id/SpatialRelationObservation
http://example.org/stkg/id/obs_rel_BTR80_K2BlackPanther_20260205T223652Z_21_c_d	http://example.org/stkg/subjectEntity	http://example.org/stkg/id/platform_BTR80
http://example.org/stkg/id/obs_rel_BTR80_K2BlackPanther_20260205T223652Z_21_c_d	http://example.org/stkg/objectEntity	http://example.org/stkg/id/platform_K2BlackPanther
http://example.org/stkg/id/obs_rel_BTR80_K2BlackPanther_20260205T223652Z_21_c_d	http://example.org/stkg/relationType	http://example.org/stkg/id/relation_behind_of
http://example.org/stkg/id/obs_rel_BTR80_K2BlackPanther_20260205T223652Z_21_c_d	http://example.org/stkg/time	"2026-02-05T22:36:52Z"^^<http://www.w3.org/2001/XMLSchema#dateTime>
http://example.org/stkg/id/obs_rel_K2BlackPanther_BTR80_20260205T223652Z_21_d_c	http://www.w3.org/1999/02/22-rdf-syntax-ns#type	http://example.org/stkg/id/SpatialRelationObservation
http://example.org/stkg/id/obs_rel_K2BlackPanther_BTR80_20260205T223652Z_21_d_c	http://example.org/stkg/subjectEntity	http://example.org/stkg/id/platform_K2BlackPanther
http://example.org/stkg/id/obs_rel_K2BlackPanther_BTR80_20260205T223652Z_21_d_c	http://example.org/stkg/objectEntity	http://example.org/stkg/id/platform_BTR80
http://example.org/stkg/id/obs_rel_K2BlackPanther_BTR80_20260205T223652Z_21_d_c	http://example.org/stkg/relationType	http://example.org/stkg/id/relation_ahead_of
http://example.org/stkg/id/obs_rel_K2BlackPanther_BTR80_20260205T223652Z_21_d_c	http://example.org/stkg/time	"2026-02-05T22:36:52Z"^^<http://www.w3.org/2001/XMLSchema#dateTime>
http://example.org/stkg/id/obs_rel_K2BlackPanther_T90_20260205T223652Z_21_d_e	http://www.w3.org/1999/02/22-rdf-syntax-ns#type	http://example.org/stkg/id/SpatialRelationObservation
http://example.org/stkg/id/obs_rel_K2BlackPanther_T90_20260205T223652Z_21_d_e	http://example.org/stkg/subjectEntity	http://example.org/stkg/id/platform_K2BlackPanther
http://example.org/stkg/id/obs_rel_K2BlackPanther_T90_20260205T223652Z_21_d_e	http://example.org/stkg/objectEntity	http://example.org/stkg/id/platform_T90
http://example.org/stkg/id/obs_rel_K2BlackPanther_T90_20260205T223652Z_21_d_e	http://example.org/stkg/relationType	http://example.org/stkg/id/relation_behind_of
http://example.org/stkg/id/obs_rel_K2BlackPanther_T90_20260205T223652Z_21_d_e	http://example.org/stkg/time	"2026-02-05T22:36:52Z"^^<http://www.w3.org/2001/XMLSchema#dateTime>
http://example.org/stkg/id/obs_rel_T90_K2BlackPanther_20260205T223652Z_21_e_d	http://www.w3.org/1999/02/22-rdf-syntax-ns#type	http://example.org/stkg/id/SpatialRelationObservation
http://example.org/stkg/id/obs_rel_T90_K2BlackPanther_20260205T223652Z_21_e_d	http://example.org/stkg/subjectEntity	http://example.org/stkg/id/platform_T90
http://example.org/stkg/id/obs_rel_T90_K2BlackPanther_20260205T223652Z_21_e_d	http://example.org/stkg/objectEntity	http://example.org/stkg/id/platform_K2BlackPanther
http://example.org/stkg/id/obs_rel_T90_K2BlackPanther_20260205T223652Z_21_e_d	http://example.org/stkg/relationType	http://example.org/stkg/id/relation_ahead_of
http://example.org/stkg/id/obs_rel_T90_K2BlackPanther_20260205T223652Z_21_e_d	http://example.org/stkg/time	"2026-02-05T22:36:52Z"^^<http://www.w3.org/2001/XMLSchema#dateTime>
http://example.org/stkg/id/obs_rel_BTR80_T90_20260205T223652Z_21_c_e	http://www.w3.org/1999/02/22-rdf-syntax-ns#type	http://example.org/stkg/id/SpatialRelationObservation
http://example.org/stkg/id/obs_rel_BTR80_T90_20260205T223652Z_21_c_e	http://example.org/stkg/subjectEntity	http://example.org/stkg/id/platform_BTR80
http://example.org/stkg/id/obs_rel_BTR80_T90_20260205T223652Z_21_c_e	http://example.org/stkg/objectEntity	http://example.org/stkg/id/platform_T90
http://example.org/stkg/id/obs_rel_BTR80_T90_20260205T223652Z_21_c_e	http://example.org/stkg/relationType	http://example.org/stkg/id/relation_behind_of
http://example.org/stkg/id/obs_rel_BTR80_T90_20260205T223652Z_21_c_e	http://example.org/stkg/time	"2026-02-05T22:36:52Z"^^<http://www.w3.org/2001/XMLSchema#dateTime>
http://example.org/stkg/id/obs_rel_T90_BTR80_20260205T223652Z_21_e_c	http://www.w3.org/1999/02/22-rdf-syntax-ns#type	http://example.org/stkg/id/SpatialRelationObservation
http://example.org/stkg/id/obs_rel_T90_BTR80_20260205T223652Z_21_e_c	http://example.org/stkg/subjectEntity	http://example.org/stkg/id/platform_T90
http://example.org/stkg/id/obs_rel_T90_BTR80_20260205T223652Z_21_e_c	http://example.org/stkg/objectEntity	http://example.org/stkg/id/platform_BTR80
http://example.org/stkg/id/obs_rel_T90_BTR80_20260205T223652Z_21_e_c	http://example.org/stkg/relationType	http://example.org/stkg/id/relation_ahead_of
http://example.org/stkg/id/obs_rel_T90_BTR80_20260205T223652Z_21_e_c	http://example.org/stkg/time	"2026-02-05T22:36:52Z"^^<http://www.w3.org/2001/XMLSchema#dateTime>
http://example.org/stkg/id/obs_rel_BTR80_K2BlackPanther_20260205T223653Z_22_c_d	http://www.w3.org/1999/02/22-rdf-syntax-ns#type	http://example.org/stkg/id/SpatialRelationObservation
http://example.org/stkg/id/obs_rel_BTR80_K2BlackPanther_20260205T223653Z_22_c_d	http://example.org/stkg/subjectEntity	http://example.org/stkg/id/platform_BTR80
http://example.org/stkg/id/obs_rel_BTR80_K2BlackPanther_20260205T223653Z_22_c_d	http://example.org/stkg/objectEntity	http://example.org/stkg/id/platform_K2BlackPanther
http://example.org/stkg/id/obs_rel_BTR80_K2BlackPanther_20260205T223653Z_22_c_d	http://example.org/stkg/relationType	http://example.org/stkg/id/relation_behind_of
http://example.org/stkg/id/obs_rel_BTR80_K2BlackPanther_20260205T223653Z_22_c_d	http://example.org/stkg/time	"2026-02-05T22:36:53Z"^^<http://www.w3.org/2001/XMLSchema#dateTime>
http://example.org/stkg/id/obs_rel_K2BlackPanther_BTR80_20260205T223653Z_22_d_c	http://www.w3.org/1999/02/22-rdf-syntax-ns#type	http://example.org/stkg/id/SpatialRelationObservation
http://example.org/stkg/id/obs_rel_K2BlackPanther_BTR80_20260205T223653Z_22_d_c	http://example.org/stkg/subjectEntity	http://example.org/stkg/id/platform_K2BlackPanther
http://example.org/stkg/id/obs_rel_K2BlackPanther_BTR80_20260205T223653Z_22_d_c	http://example.org/stkg/objectEntity	http://example.org/stkg/id/platform_BTR80
http://example.org/stkg/id/obs_rel_K2BlackPanther_BTR80_20260205T223653Z_22_d_c	http://example.org/stkg/relationType	http://example.org/stkg/id/relation_ahead_of
http://example.org/stkg/id/obs_rel_K2BlackPanther_BTR80_20260205T223653Z_22_d_c	http://example.org/stkg/time	"2026-02-05T22:36:53Z"^^<http://www.w3.org/2001/XMLSchema#dateTime>
http://example.org/stkg/id/obs_rel_K2BlackPanther_T90_20260205T223653Z_22_d_e	http://www.w3.org/1999/02/22-rdf-syntax-ns#type	http://example.org/stkg/id/SpatialRelationObservation
http://example.org/stkg/id/obs_rel_K2BlackPanther_T90_20260205T223653Z_22_d_e	http://example.org/stkg/subjectEntity	http://example.org/stkg/id/platform_K2BlackPanther
http://example.org/stkg/id/obs_rel_K2BlackPanther_T90_20260205T223653Z_22_d_e	http://example.org/stkg/objectEntity	http://example.org/stkg/id/platform_T90
http://example.org/stkg/id/obs_rel_K2BlackPanther_T90_20260205T223653Z_22_d_e	http://example.org/stkg/relationType	http://example.org/stkg/id/relation_behind_of
http://example.org/stkg/id/obs_rel_K2BlackPanther_T90_20260205T223653Z_22_d_e	http://example.org/stkg/time	"2026-02-05T22:36:53Z"^^<http://www.w3.org/2001/XMLSchema#dateTime>
http://example.org/stkg/id/obs_rel_T90_K2BlackPanther_20260205T223653Z_22_e_d	http://www.w3.org/1999/02/22-rdf-syntax-ns#type	http://example.org/stkg/id/SpatialRelationObservation
http://example.org/stkg/id/obs_rel_T90_K2BlackPanther_20260205T223653Z_22_e_d	http://example.org/stkg/subjectEntity	http://example.org/stkg/id/platform_T90
http://example.org/stkg/id/obs_rel_T90_K2BlackPanther_20260205T223653Z_22_e_d	http://example.org/stkg/objectEntity	http://example.org/stkg/id/platform_K2BlackPanther
http://example.org/stkg/id/obs_rel_T90_K2BlackPanther_20260205T223653Z_22_e_d	http://example.org/stkg/relationType	http://example.org/stkg/id/relation_ahead_of
http://example.org/stkg/id/obs_rel_T90_K2BlackPanther_20260205T223653Z_22_e_d	http://example.org/stkg/time	"2026-02-05T22:36:53Z"^^<http://www.w3.org/2001/XMLSchema#dateTime>
http://example.org/stkg/id/obs_rel_BTR80_T90_20260205T223653Z_22_c_e	http://www.w3.org/1999/02/22-rdf-syntax-ns#type	http://example.org/stkg/id/SpatialRelationObservation
http://example.org/stkg/id/obs_rel_BTR80_T90_20260205T223653Z_22_c_e	http://example.org/stkg/subjectEntity	http://example.org/stkg/id/platform_BTR80
http://example.org/stkg/id/obs_rel_BTR80_T90_20260205T223653Z_22_c_e	http://example.org/stkg/objectEntity	http://example.org/stkg/id/platform_T90
http://example.org/stkg/id/obs_rel_BTR80_T90_20260205T223653Z_22_c_e	http://example.org/stkg/relationType	http://example.org/stkg/id/relation_behind_of
http://example.org/stkg/id/obs_rel_BTR80_T90_20260205T223653Z_22_c_e	http://example.org/stkg/time	"2026-02-05T22:36:53Z"^^<http://www.w3.org/2001/XMLSchema#dateTime>
http://example.org/stkg/id/obs_rel_T90_BTR80_20260205T223653Z_22_e_c	http://www.w3.org/1999/02/22-rdf-syntax-ns#type	http://example.org/stkg/id/SpatialRelationObservation
http://example.org/stkg/id/obs_rel_T90_BTR80_20260205T223653Z_22_e_c	http://example.org/stkg/subjectEntity	http://example.org/stkg/id/platform_T90
http://example.org/stkg/id/obs_rel_T90_BTR80_20260205T223653Z_22_e_c	http://example.org/stkg/objectEntity	http://example.org/stkg/id/platform_BTR80
http://example.org/stkg/id/obs_rel_T90_BTR80_20260205T223653Z_22_e_c	http://example.org/stkg/relationType	http://example.org/stkg/id/relation_ahead_of
http://example.org/stkg/id/obs_rel_T90_BTR80_20260205T223653Z_22_e_c	http://example.org/stkg/time	"2026-02-05T22:36:53Z"^^<http://www.w3.org/2001/XMLSchema#dateTime>
http://example.org/stkg/id/obs_rel_BTR80_K2BlackPanther_20260205T223654Z_23_c_d	http://www.w3.org/1999/02/22-rdf-syntax-ns#type	http://example.org/stkg/id/SpatialRelationObservation
http://example.org/stkg/id/obs_rel_BTR80_K2BlackPanther_20260205T223654Z_23_c_d	http://example.org/stkg/subjectEntity	http://example.org/stkg/id/platform_BTR80
http://example.org/stkg/id/obs_rel_BTR80_K2BlackPanther_20260205T223654Z_23_c_d	http://example.org/stkg/objectEntity	http://example.org/stkg/id/platform_K2BlackPanther
http://example.org/stkg/id/obs_rel_BTR80_K2BlackPanther_20260205T223654Z_23_c_d	http://example.org/stkg/relationType	http://example.org/stkg/id/relation_behind_of
http://example.org/stkg/id/obs_rel_BTR80_K2BlackPanther_20260205T223654Z_23_c_d	http://example.org/stkg/time	"2026-02-05T22:36:54Z"^^<http://www.w3.org/2001/XMLSchema#dateTime>
http://example.org/stkg/id/obs_rel_K2BlackPanther_BTR80_20260205T223654Z_23_d_c	http://www.w3.org/1999/02/22-rdf-syntax-ns#type	http://example.org/stkg/id/SpatialRelationObservation
http://example.org/stkg/id/obs_rel_K2BlackPanther_BTR80_20260205T223654Z_23_d_c	http://example.org/stkg/subjectEntity	http://example.org/stkg/id/platform_K2BlackPanther
http://example.org/stkg/id/obs_rel_K2BlackPanther_BTR80_20260205T223654Z_23_d_c	http://example.org/stkg/objectEntity	http://example.org/stkg/id/platform_BTR80
http://example.org/stkg/id/obs_rel_K2BlackPanther_BTR80_20260205T223654Z_23_d_c	http://example.org/stkg/relationType	http://example.org/stkg/id/relation_ahead_of
http://example.org/stkg/id/obs_rel_K2BlackPanther_BTR80_20260205T223654Z_23_d_c	http://example.org/stkg/time	"2026-02-05T22:36:54Z"^^<http://www.w3.org/2001/XMLSchema#dateTime>
http://example.org/stkg/id/obs_rel_K2BlackPanther_T90_20260205T223654Z_23_d_e	http://www.w3.org/1999/02/22-rdf-syntax-ns#type	http://example.org/stkg/id/SpatialRelationObservation
http://example.org/stkg/id/obs_rel_K2BlackPanther_T90_20260205T223654Z_23_d_e	http://example.org/stkg/subjectEntity	http://example.org/stkg/id/platform_K2BlackPanther
http://example.org/stkg/id/obs_rel_K2BlackPanther_T90_20260205T223654Z_23_d_e	http://example.org/stkg/objectEntity	http://example.org/stkg/id/platform_T90
http://example.org/stkg/id/obs_rel_K2BlackPanther_T90_20260205T223654Z_23_d_e	http://example.org/stkg/relationType	http://example.org/stkg/id/relation_behind_of
http://example.org/stkg/id/obs_rel_K2BlackPanther_T90_20260205T223654Z_23_d_e	http://example.org/stkg/time	"2026-02-05T22:36:54Z"^^<http://www.w3.org/2001/XMLSchema#dateTime>
http://example.org/stkg/id/obs_rel_T90_K2BlackPanther_20260205T223654Z_23_e_d	http://www.w3.org/1999/02/22-rdf-syntax-ns#type	http://example.org/stkg/id/SpatialRelationObservation
http://example.org/stkg/id/obs_rel_T90_K2BlackPanther_20260205T223654Z_23_e_d	http://example.org/stkg/subjectEntity	http://example.org/stkg/id/platform_T90
http://example.org/stkg/id/obs_rel_T90_K2BlackPanther_20260205T223654Z_23_e_d	http://example.org/stkg/objectEntity	http://example.org/stkg/id/platform_K2BlackPanther
http://example.org/stkg/id/obs_rel_T90_K2BlackPanther_20260205T223654Z_23_e_d	http://example.org/stkg/relationType	http://example.org/stkg/id/relation_ahead_of
http://example.org/stkg/id/obs_rel_T90_K2BlackPanther_20260205T223654Z_23_e_d	http://example.org/stkg/time	"2026-02-05T22:36:54Z"^^<http://www.w3.org/2001/XMLSchema#dateTime>
http://example.org/stkg/id/obs_rel_BTR80_T90_20260205T223654Z_23_c_e	http://www.w3.org/1999/02/22-rdf-syntax-ns#type	http://example.org/stkg/id/SpatialRelationObservation
http://example.org/stkg/id/obs_rel_BTR80_T90_20260205T223654Z_23_c_e	http://example.org/stkg/subjectEntity	http://example.org/stkg/id/platform_BTR80
http://example.org/stkg/id/obs_rel_BTR80_T90_20260205T223654Z_23_c_e	http://example.org/stkg/objectEntity	http://example.org/stkg/id/platform_T90
http://example.org/stkg/id/obs_rel_BTR80_T90_20260205T223654Z_23_c_e	http://example.org/stkg/relationType	http://example.org/stkg/id/relation_behind_of
http://example.org/stkg/id/obs_rel_BTR80_T90_20260205T223654Z_23_c_e	http://example.org/stkg/time	"2026-02-05T22:36:54Z"^^<http://www.w3.org/2001/XMLSchema#dateTime>
http://example.org/stkg/id/obs_rel_T90_BTR80_20260205T223654Z_23_e_c	http://www.w3.org/1999/02/22-rdf-syntax-ns#type	http://example.org/stkg/id/SpatialRelationObservation
http://example.org/stkg/id/obs_rel_T90_BTR80_20260205T223654Z_23_e_c	http://example.org/stkg/subjectEntity	http://example.org/stkg/id/platform_T90
http://example.org/stkg/id/obs_rel_T90_BTR80_20260205T223654Z_23_e_c	http://example.org/stkg/objectEntity	http://example.org/stkg/id/platform_BTR80
http://example.org/stkg/id/obs_rel_T90_BTR80_20260205T223654Z_23_e_c	http://example.org/stkg/relationType	http://example.org/stkg/id/relation_ahead_of
http://example.org/stkg/id/obs_rel_T90_BTR80_20260205T223654Z_23_e_c	http://example.org/stkg/time	"2026-02-05T22:36:54Z"^^<http://www.w3.org/2001/XMLSchema#dateTime>
http://example.org/stkg/id/obs_rel_BTR80_K2BlackPanther_20260205T223655Z_24_c_d	http://www.w3.org/1999/02/22-rdf-syntax-ns#type	http://example.org/stkg/id/SpatialRelationObservation
http://example.org/stkg/id/obs_rel_BTR80_K2BlackPanther_20260205T223655Z_24_c_d	http://example.org/stkg/subjectEntity	http://example.org/stkg/id/platform_BTR80
http://example.org/stkg/id/obs_rel_BTR80_K2BlackPanther_20260205T223655Z_24_c_d	http://example.org/stkg/objectEntity	http://example.org/stkg/id/platform_K2BlackPanther
http://example.org/stkg/id/obs_rel_BTR80_K2BlackPanther_20260205T223655Z_24_c_d	http://example.org/stkg/relationType	http://example.org/stkg/id/relation_behind_of
http://example.org/stkg/id/obs_rel_BTR80_K2BlackPanther_20260205T223655Z_24_c_d	http://example.org/stkg/time	"2026-02-05T22:36:55Z"^^<http://www.w3.org/2001/XMLSchema#dateTime>
http://example.org/stkg/id/obs_rel_K2BlackPanther_BTR80_20260205T223655Z_24_d_c	http://www.w3.org/1999/02/22-rdf-syntax-ns#type	http://example.org/stkg/id/SpatialRelationObservation
http://example.org/stkg/id/obs_rel_K2BlackPanther_BTR80_20260205T223655Z_24_d_c	http://example.org/stkg/subjectEntity	http://example.org/stkg/id/platform_K2BlackPanther
http://example.org/stkg/id/obs_rel_K2BlackPanther_BTR80_20260205T223655Z_24_d_c	http://example.org/stkg/objectEntity	http://example.org/stkg/id/platform_BTR80
http://example.org/stkg/id/obs_rel_K2BlackPanther_BTR80_20260205T223655Z_24_d_c	http://example.org/stkg/relationType	http://example.org/stkg/id/relation_ahead_of
http://example.org/stkg/id/obs_rel_K2BlackPanther_BTR80_20260205T223655Z_24_d_c	http://example.org/stkg/time	"2026-02-05T22:36:55Z"^^<http://www.w3.org/2001/XMLSchema#dateTime>
http://example.org/stkg/id/obs_rel_K2BlackPanther_T90_20260205T223655Z_24_d_e	http://www.w3.org/1999/02/22-rdf-syntax-ns#type	http://example.org/stkg/id/SpatialRelationObservation
http://example.org/stkg/id/obs_rel_K2BlackPanther_T90_20260205T223655Z_24_d_e	http://example.org/stkg/subjectEntity	http://example.org/stkg/id/platform_K2BlackPanther
http://example.org/stkg/id/obs_rel_K2BlackPanther_T90_20260205T223655Z_24_d_e	http://example.org/stkg/objectEntity	http://example.org/stkg/id/platform_T90
http://example.org/stkg/id/obs_rel_K2BlackPanther_T90_20260205T223655Z_24_d_e	http://example.org/stkg/relationType	http://example.org/stkg/id/relation_behind_of
http://example.org/stkg/id/obs_rel_K2BlackPanther_T90_20260205T223655Z_24_d_e	http://example.org/stkg/time	"2026-02-05T22:36:55Z"^^<http://www.w3.org/2001/XMLSchema#dateTime>
http://example.org/stkg/id/obs_rel_T90_K2BlackPanther_20260205T223655Z_24_e_d	http://www.w3.org/1999/02/22-rdf-syntax-ns#type	http://example.org/stkg/id/SpatialRelationObservation
http://example.org/stkg/id/obs_rel_T90_K2BlackPanther_20260205T223655Z_24_e_d	http://example.org/stkg/subjectEntity	http://example.org/stkg/id/platform_T90
http://example.org/stkg/id/obs_rel_T90_K2BlackPanther_20260205T223655Z_24_e_d	http://example.org/stkg/objectEntity	http://example.org/stkg/id/platform_K2BlackPanther
http://example.org/stkg/id/obs_rel_T90_K2BlackPanther_20260205T223655Z_24_e_d	http://example.org/stkg/relationType	http://example.org/stkg/id/relation_ahead_of
http://example.org/stkg/id/obs_rel_T90_K2BlackPanther_20260205T223655Z_24_e_d	http://example.org/stkg/time	"2026-02-05T22:36:55Z"^^<http://www.w3.org/2001/XMLSchema#dateTime>
http://example.org/stkg/id/obs_rel_BTR80_T90_20260205T223655Z_24_c_e	http://www.w3.org/1999/02/22-rdf-syntax-ns#type	http://example.org/stkg/id/SpatialRelationObservation
http://example.org/stkg/id/obs_rel_BTR80_T90_20260205T223655Z_24_c_e	http://example.org/stkg/subjectEntity	http://example.org/stkg/id/platform_BTR80
http://example.org/stkg/id/obs_rel_BTR80_T90_20260205T223655Z_24_c_e	http://example.org/stkg/objectEntity	http://example.org/stkg/id/platform_T90
http://example.org/stkg/id/obs_rel_BTR80_T90_20260205T223655Z_24_c_e	http://example.org/stkg/relationType	http://example.org/stkg/id/relation_behind_of
http://example.org/stkg/id/obs_rel_BTR80_T90_20260205T223655Z_24_c_e	http://example.org/stkg/time	"2026-02-05T22:36:55Z"^^<http://www.w3.org/2001/XMLSchema#dateTime>
http://example.org/stkg/id/obs_rel_T90_BTR80_20260205T223655Z_24_e_c	http://www.w3.org/1999/02/22-rdf-syntax-ns#type	http://example.org/stkg/id/SpatialRelationObservation
http://example.org/stkg/id/obs_rel_T90_BTR80_20260205T223655Z_24_e_c	http://example.org/stkg/subjectEntity	http://example.org/stkg/id/platform_T90
http://example.org/stkg/id/obs_rel_T90_BTR80_20260205T223655Z_24_e_c	http://example.org/stkg/objectEntity	http://example.org/stkg/id/platform_BTR80
http://example.org/stkg/id/obs_rel_T90_BTR80_20260205T223655Z_24_e_c	http://example.org/stkg/relationType	http://example.org/stkg/id/relation_ahead_of
http://example.org/stkg/id/obs_rel_T90_BTR80_20260205T223655Z_24_e_c	http://example.org/stkg/time	"2026-02-05T22:36:55Z"^^<http://www.w3.org/2001/XMLSchema#dateTime>
http://example.org/stkg/id/obs_rel_BTR80_K2BlackPanther_20260205T223656Z_25_c_d	http://www.w3.org/1999/02/22-rdf-syntax-ns#type	http://example.org/stkg/id/SpatialRelationObservation
http://example.org/stkg/id/obs_rel_BTR80_K2BlackPanther_20260205T223656Z_25_c_d	http://example.org/stkg/subjectEntity	http://example.org/stkg/id/platform_BTR80
http://example.org/stkg/id/obs_rel_BTR80_K2BlackPanther_20260205T223656Z_25_c_d	http://example.org/stkg/objectEntity	http://example.org/stkg/id/platform_K2BlackPanther
http://example.org/stkg/id/obs_rel_BTR80_K2BlackPanther_20260205T223656Z_25_c_d	http://example.org/stkg/relationType	http://example.org/stkg/id/relation_behind_of
http://example.org/stkg/id/obs_rel_BTR80_K2BlackPanther_20260205T223656Z_25_c_d	http://example.org/stkg/time	"2026-02-05T22:36:56Z"^^<http://www.w3.org/2001/XMLSchema#dateTime>
http://example.org/stkg/id/obs_rel_K2BlackPanther_BTR80_20260205T223656Z_25_d_c	http://www.w3.org/1999/02/22-rdf-syntax-ns#type	http://example.org/stkg/id/SpatialRelationObservation
http://example.org/stkg/id/obs_rel_K2BlackPanther_BTR80_20260205T223656Z_25_d_c	http://example.org/stkg/subjectEntity	http://example.org/stkg/id/platform_K2BlackPanther
http://example.org/stkg/id/obs_rel_K2BlackPanther_BTR80_20260205T223656Z_25_d_c	http://example.org/stkg/objectEntity	http://example.org/stkg/id/platform_BTR80
http://example.org/stkg/id/obs_rel_K2BlackPanther_BTR80_20260205T223656Z_25_d_c	http://example.org/stkg/relationType	http://example.org/stkg/id/relation_ahead_of
http://example.org/stkg/id/obs_rel_K2BlackPanther_BTR80_20260205T223656Z_25_d_c	http://example.org/stkg/time	"2026-02-05T22:36:56Z"^^<http://www.w3.org/2001/XMLSchema#dateTime>
http://example.org/stkg/id/obs_rel_K2BlackPanther_T90_20260205T223656Z_25_d_e	http://www.w3.org/1999/02/22-rdf-syntax-ns#type	http://example.org/stkg/id/SpatialRelationObservation
http://example.org/stkg/id/obs_rel_K2BlackPanther_T90_20260205T223656Z_25_d_e	http://example.org/stkg/subjectEntity	http://example.org/stkg/id/platform_K2BlackPanther
http://example.org/stkg/id/obs_rel_K2BlackPanther_T90_20260205T223656Z_25_d_e	http://example.org/stkg/objectEntity	http://example.org/stkg/id/platform_T90
http://example.org/stkg/id/obs_rel_K2BlackPanther_T90_20260205T223656Z_25_d_e	http://example.org/stkg/relationType	http://example.org/stkg/id/relation_behind_of
http://example.org/stkg/id/obs_rel_K2BlackPanther_T90_20260205T223656Z_25_d_e	http://example.org/stkg/time	"2026-02-05T22:36:56Z"^^<http://www.w3.org/2001/XMLSchema#dateTime>
http://example.org/stkg/id/obs_rel_T90_K2BlackPanther_20260205T223656Z_25_e_d	http://www.w3.org/1999/02/22-rdf-syntax-ns#type	http://example.org/stkg/id/SpatialRelationObservation
http://example.org/stkg/id/obs_rel_T90_K2BlackPanther_20260205T223656Z_25_e_d	http://example.org/stkg/subjectEntity	http://example.org/stkg/id/platform_T90
http://example.org/stkg/id/obs_rel_T90_K2BlackPanther_20260205T223656Z_25_e_d	http://example.org/stkg/objectEntity	http://example.org/stkg/id/platform_K2BlackPanther
http://example.org/stkg/id/obs_rel_T90_K2BlackPanther_20260205T223656Z_25_e_d	http://example.org/stkg/relationType	http://example.org/stkg/id/relation_ahead_of
http://example.org/stkg/id/obs_rel_T90_K2BlackPanther_20260205T223656Z_25_e_d	http://example.org/stkg/time	"2026-02-05T22:36:56Z"^^<http://www.w3.org/2001/XMLSchema#dateTime>
http://example.org/stkg/id/obs_rel_BTR80_T90_20260205T223656Z_25_c_e	http://www.w3.org/1999/02/22-rdf-syntax-ns#type	http://example.org/stkg/id/SpatialRelationObservation
http://example.org/stkg/id/obs_rel_BTR80_T90_20260205T223656Z_25_c_e	http://example.org/stkg/subjectEntity	http://example.org/stkg/id/platform_BTR80
http://example.org/stkg/id/obs_rel_BTR80_T90_20260205T223656Z_25_c_e	http://example.org/stkg/objectEntity	http://example.org/stkg/id/platform_T90
http://example.org/stkg/id/obs_rel_BTR80_T90_20260205T223656Z_25_c_e	http://example.org/stkg/relationType	http://example.org/stkg/id/relation_behind_of
http://example.org/stkg/id/obs_rel_BTR80_T90_20260205T223656Z_25_c_e	http://example.org/stkg/time	"2026-02-05T22:36:56Z"^^<http://www.w3.org/2001/XMLSchema#dateTime>
http://example.org/stkg/id/obs_rel_T90_BTR80_20260205T223656Z_25_e_c	http://www.w3.org/1999/02/22-rdf-syntax-ns#type	http://example.org/stkg/id/SpatialRelationObservation
http://example.org/stkg/id/obs_rel_T90_BTR80_20260205T223656Z_25_e_c	http://example.org/stkg/subjectEntity	http://example.org/stkg/id/platform_T90
http://example.org/stkg/id/obs_rel_T90_BTR80_20260205T223656Z_25_e_c	http://example.org/stkg/objectEntity	http://example.org/stkg/id/platform_BTR80
http://example.org/stkg/id/obs_rel_T90_BTR80_20260205T223656Z_25_e_c	http://example.org/stkg/relationType	http://example.org/stkg/id/relation_ahead_of
http://example.org/stkg/id/obs_rel_T90_BTR80_20260205T223656Z_25_e_c	http://example.org/stkg/time	"2026-02-05T22:36:56Z"^^<http://www.w3.org/2001/XMLSchema#dateTime>
http://example.org/stkg/id/obs_rel_BTR80_K2BlackPanther_20260205T223657Z_26_c_d	http://www.w3.org/1999/02/22-rdf-syntax-ns#type	http://example.org/stkg/id/SpatialRelationObservation
http://example.org/stkg/id/obs_rel_BTR80_K2BlackPanther_20260205T223657Z_26_c_d	http://example.org/stkg/subjectEntity	http://example.org/stkg/id/platform_BTR80
http://example.org/stkg/id/obs_rel_BTR80_K2BlackPanther_20260205T223657Z_26_c_d	http://example.org/stkg/objectEntity	http://example.org/stkg/id/platform_K2BlackPanther
http://example.org/stkg/id/obs_rel_BTR80_K2BlackPanther_20260205T223657Z_26_c_d	http://example.org/stkg/relationType	http://example.org/stkg/id/relation_behind_of
http://example.org/stkg/id/obs_rel_BTR80_K2BlackPanther_20260205T223657Z_26_c_d	http://example.org/stkg/time	"2026-02-05T22:36:57Z"^^<http://www.w3.org/2001/XMLSchema#dateTime>
http://example.org/stkg/id/obs_rel_K2BlackPanther_BTR80_20260205T223657Z_26_d_c	http://www.w3.org/1999/02/22-rdf-syntax-ns#type	http://example.org/stkg/id/SpatialRelationObservation
http://example.org/stkg/id/obs_rel_K2BlackPanther_BTR80_20260205T223657Z_26_d_c	http://example.org/stkg/subjectEntity	http://example.org/stkg/id/platform_K2BlackPanther
http://example.org/stkg/id/obs_rel_K2BlackPanther_BTR80_20260205T223657Z_26_d_c	http://example.org/stkg/objectEntity	http://example.org/stkg/id/platform_BTR80
http://example.org/stkg/id/obs_rel_K2BlackPanther_BTR80_20260205T223657Z_26_d_c	http://example.org/stkg/relationType	http://example.org/stkg/id/relation_ahead_of
http://example.org/stkg/id/obs_rel_K2BlackPanther_BTR80_20260205T223657Z_26_d_c	http://example.org/stkg/time	"2026-02-05T22:36:57Z"^^<http://www.w3.org/2001/XMLSchema#dateTime>
http://example.org/stkg/id/obs_rel_K2BlackPanther_T90_20260205T223657Z_26_d_e	http://www.w3.org/1999/02/22-rdf-syntax-ns#type	http://example.org/stkg/id/SpatialRelationObservation
http://example.org/stkg/id/obs_rel_K2BlackPanther_T90_20260205T223657Z_26_d_e	http://example.org/stkg/subjectEntity	http://example.org/stkg/id/platform_K2BlackPanther
http://example.org/stkg/id/obs_rel_K2BlackPanther_T90_20260205T223657Z_26_d_e	http://example.org/stkg/objectEntity	http://example.org/stkg/id/platform_T90
http://example.org/stkg/id/obs_rel_K2BlackPanther_T90_20260205T223657Z_26_d_e	http://example.org/stkg/relationType	http://example.org/stkg/id/relation_behind_of
http://example.org/stkg/id/obs_rel_K2BlackPanther_T90_20260205T223657Z_26_d_e	http://example.org/stkg/time	"2026-02-05T22:36:57Z"^^<http://www.w3.org/2001/XMLSchema#dateTime>
http://example.org/stkg/id/obs_rel_T90_K2BlackPanther_20260205T223657Z_26_e_d	http://www.w3.org/1999/02/22-rdf-syntax-ns#type	http://example.org/stkg/id/SpatialRelationObservation
http://example.org/stkg/id/obs_rel_T90_K2BlackPanther_20260205T223657Z_26_e_d	http://example.org/stkg/subjectEntity	http://example.org/stkg/id/platform_T90
http://example.org/stkg/id/obs_rel_T90_K2BlackPanther_20260205T223657Z_26_e_d	http://example.org/stkg/objectEntity	http://example.org/stkg/id/platform_K2BlackPanther
http://example.org/stkg/id/obs_rel_T90_K2BlackPanther_20260205T223657Z_26_e_d	http://example.org/stkg/relationType	http://example.org/stkg/id/relation_ahead_of
http://example.org/stkg/id/obs_rel_T90_K2BlackPanther_20260205T223657Z_26_e_d	http://example.org/stkg/time	"2026-02-05T22:36:57Z"^^<http://www.w3.org/2001/XMLSchema#dateTime>
http://example.org/stkg/id/obs_rel_BTR80_T90_20260205T223657Z_26_c_e	http://www.w3.org/1999/02/22-rdf-syntax-ns#type	http://example.org/stkg/id/SpatialRelationObservation
http://example.org/stkg/id/obs_rel_BTR80_T90_20260205T223657Z_26_c_e	http://example.org/stkg/subjectEntity	http://example.org/stkg/id/platform_BTR80
http://example.org/stkg/id/obs_rel_BTR80_T90_20260205T223657Z_26_c_e	http://example.org/stkg/objectEntity	http://example.org/stkg/id/platform_T90
http://example.org/stkg/id/obs_rel_BTR80_T90_20260205T223657Z_26_c_e	http://example.org/stkg/relationType	http://example.org/stkg/id/relation_behind_of
http://example.org/stkg/id/obs_rel_BTR80_T90_20260205T223657Z_26_c_e	http://example.org/stkg/time	"2026-02-05T22:36:57Z"^^<http://www.w3.org/2001/XMLSchema#dateTime>
http://example.org/stkg/id/obs_rel_T90_BTR80_20260205T223657Z_26_e_c	http://www.w3.org/1999/02/22-rdf-syntax-ns#type	http://example.org/stkg/id/SpatialRelationObservation
http://example.org/stkg/id/obs_rel_T90_BTR80_20260205T223657Z_26_e_c	http://example.org/stkg/subjectEntity	http://example.org/stkg/id/platform_T90
http://example.org/stkg/id/obs_rel_T90_BTR80_20260205T223657Z_26_e_c	http://example.org/stkg/objectEntity	http://example.org/stkg/id/platform_BTR80
http://example.org/stkg/id/obs_rel_T90_BTR80_20260205T223657Z_26_e_c	http://example.org/stkg/relationType	http://example.org/stkg/id/relation_ahead_of
http://example.org/stkg/id/obs_rel_T90_BTR80_20260205T223657Z_26_e_c	http://example.org/stkg/time	"2026-02-05T22:36:57Z"^^<http://www.w3.org/2001/XMLSchema#dateTime>
http://example.org/stkg/id/obs_rel_BTR80_K2BlackPanther_20260205T223658Z_27_c_d	http://www.w3.org/1999/02/22-rdf-syntax-ns#type	http://example.org/stkg/id/SpatialRelationObservation
http://example.org/stkg/id/obs_rel_BTR80_K2BlackPanther_20260205T223658Z_27_c_d	http://example.org/stkg/subjectEntity	http://example.org/stkg/id/platform_BTR80
http://example.org/stkg/id/obs_rel_BTR80_K2BlackPanther_20260205T223658Z_27_c_d	http://example.org/stkg/objectEntity	http://example.org/stkg/id/platform_K2BlackPanther
http://example.org/stkg/id/obs_rel_BTR80_K2BlackPanther_20260205T223658Z_27_c_d	http://example.org/stkg/relationType	http://example.org/stkg/id/relation_behind_of
http://example.org/stkg/id/obs_rel_BTR80_K2BlackPanther_20260205T223658Z_27_c_d	http://example.org/stkg/time	"2026-02-05T22:36:58Z"^^<http://www.w3.org/2001/XMLSchema#dateTime>
http://example.org/stkg/id/obs_rel_K2BlackPanther_BTR80_20260205T223658Z_27_d_c	http://www.w3.org/1999/02/22-rdf-syntax-ns#type	http://example.org/stkg/id/SpatialRelationObservation
http://example.org/stkg/id/obs_rel_K2BlackPanther_BTR80_20260205T223658Z_27_d_c	http://example.org/stkg/subjectEntity	http://example.org/stkg/id/platform_K2BlackPanther
http://example.org/stkg/id/obs_rel_K2BlackPanther_BTR80_20260205T223658Z_27_d_c	http://example.org/stkg/objectEntity	http://example.org/stkg/id/platform_BTR80
http://example.org/stkg/id/obs_rel_K2BlackPanther_BTR80_20260205T223658Z_27_d_c	http://example.org/stkg/relationType	http://example.org/stkg/id/relation_ahead_of
http://example.org/stkg/id/obs_rel_K2BlackPanther_BTR80_20260205T223658Z_27_d_c	http://example.org/stkg/time	"2026-02-05T22:36:58Z"^^<http://www.w3.org/2001/XMLSchema#dateTime>
http://example.org/stkg/id/obs_rel_K2BlackPanther_T90_20260205T223658Z_27_d_e	http://www.w3.org/1999/02/22-rdf-syntax-ns#type	http://example.org/stkg/id/SpatialRelationObservation
http://example.org/stkg/id/obs_rel_K2BlackPanther_T90_20260205T223658Z_27_d_e	http://example.org/stkg/subjectEntity	http://example.org/stkg/id/platform_K2BlackPanther
http://example.org/stkg/id/obs_rel_K2BlackPanther_T90_20260205T223658Z_27_d_e	http://example.org/stkg/objectEntity	http://example.org/stkg/id/platform_T90
http://example.org/stkg/id/obs_rel_K2BlackPanther_T90_20260205T223658Z_27_d_e	http://example.org/stkg/relationType	http://example.org/stkg/id/relation_behind_of
http://example.org/stkg/id/obs_rel_K2BlackPanther_T90_20260205T223658Z_27_d_e	http://example.org/stkg/time	"2026-02-05T22:36:58Z"^^<http://www.w3.org/2001/XMLSchema#dateTime>
http://example.org/stkg/id/obs_rel_T90_K2BlackPanther_20260205T223658Z_27_e_d	http://www.w3.org/1999/02/22-rdf-syntax-ns#type	http://example.org/stkg/id/SpatialRelationObservation
http://example.org/stkg/id/obs_rel_T90_K2BlackPanther_20260205T223658Z_27_e_d	http://example.org/stkg/subjectEntity	http://example.org/stkg/id/platform_T90
http://example.org/stkg/id/obs_rel_T90_K2BlackPanther_20260205T223658Z_27_e_d	http://example.org/stkg/objectEntity	http://example.org/stkg/id/platform_K2BlackPanther
http://example.org/stkg/id/obs_rel_T90_K2BlackPanther_20260205T223658Z_27_e_d	http://example.org/stkg/relationType	http://example.org/stkg/id/relation_ahead_of
http://example.org/stkg/id/obs_rel_T90_K2BlackPanther_20260205T223658Z_27_e_d	http://example.org/stkg/time	"2026-02-05T22:36:58Z"^^<http://www.w3.org/2001/XMLSchema#dateTime>
http://example.org/stkg/id/obs_rel_BTR80_T90_20260205T223658Z_27_c_e	http://www.w3.org/1999/02/22-rdf-syntax-ns#type	http://example.org/stkg/id/SpatialRelationObservation
http://example.org/stkg/id/obs_rel_BTR80_T90_20260205T223658Z_27_c_e	http://example.org/stkg/subjectEntity	http://example.org/stkg/id/platform_BTR80
http://example.org/stkg/id/obs_rel_BTR80_T90_20260205T223658Z_27_c_e	http://example.org/stkg/objectEntity	http://example.org/stkg/id/platform_T90
http://example.org/stkg/id/obs_rel_BTR80_T90_20260205T223658Z_27_c_e	http://example.org/stkg/relationType	http://example.org/stkg/id/relation_behind_of
http://example.org/stkg/id/obs_rel_BTR80_T90_20260205T223658Z_27_c_e	http://example.org/stkg/time	"2026-02-05T22:36:58Z"^^<http://www.w3.org/2001/XMLSchema#dateTime>
http://example.org/stkg/id/obs_rel_T90_BTR80_20260205T223658Z_27_e_c	http://www.w3.org/1999/02/22-rdf-syntax-ns#type	http://example.org/stkg/id/SpatialRelationObservation
http://example.org/stkg/id/obs_rel_T90_BTR80_20260205T223658Z_27_e_c	http://example.org/stkg/subjectEntity	http://example.org/stkg/id/platform_T90
http://example.org/stkg/id/obs_rel_T90_BTR80_20260205T223658Z_27_e_c	http://example.org/stkg/objectEntity	http://example.org/stkg/id/platform_BTR80
http://example.org/stkg/id/obs_rel_T90_BTR80_20260205T223658Z_27_e_c	http://example.org/stkg/relationType	http://example.org/stkg/id/relation_ahead_of
http://example.org/stkg/id/obs_rel_T90_BTR80_20260205T223658Z_27_e_c	http://example.org/stkg/time	"2026-02-05T22:36:58Z"^^<http://www.w3.org/2001/XMLSchema#dateTime>
http://example.org/stkg/id/obs_rel_BTR80_K2BlackPanther_20260205T223659Z_28_c_d	http://www.w3.org/1999/02/22-rdf-syntax-ns#type	http://example.org/stkg/id/SpatialRelationObservation
http://example.org/stkg/id/obs_rel_BTR80_K2BlackPanther_20260205T223659Z_28_c_d	http://example.org/stkg/subjectEntity	http://example.org/stkg/id/platform_BTR80
http://example.org/stkg/id/obs_rel_BTR80_K2BlackPanther_20260205T223659Z_28_c_d	http://example.org/stkg/objectEntity	http://example.org/stkg/id/platform_K2BlackPanther
http://example.org/stkg/id/obs_rel_BTR80_K2BlackPanther_20260205T223659Z_28_c_d	http://example.org/stkg/relationType	http://example.org/stkg/id/relation_behind_of
http://example.org/stkg/id/obs_rel_BTR80_K2BlackPanther_20260205T223659Z_28_c_d	http://example.org/stkg/time	"2026-02-05T22:36:59Z"^^<http://www.w3.org/2001/XMLSchema#dateTime>
http://example.org/stkg/id/obs_rel_K2BlackPanther_BTR80_20260205T223659Z_28_d_c	http://www.w3.org/1999/02/22-rdf-syntax-ns#type	http://example.org/stkg/id/SpatialRelationObservation
http://example.org/stkg/id/obs_rel_K2BlackPanther_BTR80_20260205T223659Z_28_d_c	http://example.org/stkg/subjectEntity	http://example.org/stkg/id/platform_K2BlackPanther
http://example.org/stkg/id/obs_rel_K2BlackPanther_BTR80_20260205T223659Z_28_d_c	http://example.org/stkg/objectEntity	http://example.org/stkg/id/platform_BTR80
http://example.org/stkg/id/obs_rel_K2BlackPanther_BTR80_20260205T223659Z_28_d_c	http://example.org/stkg/relationType	http://example.org/stkg/id/relation_ahead_of
http://example.org/stkg/id/obs_rel_K2BlackPanther_BTR80_20260205T223659Z_28_d_c	http://example.org/stkg/time	"2026-02-05T22:36:59Z"^^<http://www.w3.org/2001/XMLSchema#dateTime>
http://example.org/stkg/id/obs_rel_K2BlackPanther_T90_20260205T223659Z_28_d_e	http://www.w3.org/1999/02/22-rdf-syntax-ns#type	http://example.org/stkg/id/SpatialRelationObservation
http://example.org/stkg/id/obs_rel_K2BlackPanther_T90_20260205T223659Z_28_d_e	http://example.org/stkg/subjectEntity	http://example.org/stkg/id/platform_K2BlackPanther
http://example.org/stkg/id/obs_rel_K2BlackPanther_T90_20260205T223659Z_28_d_e	http://example.org/stkg/objectEntity	http://example.org/stkg/id/platform_T90
http://example.org/stkg/id/obs_rel_K2BlackPanther_T90_20260205T223659Z_28_d_e	http://example.org/stkg/relationType	http://example.org/stkg/id/relation_behind_of
http://example.org/stkg/id/obs_rel_K2BlackPanther_T90_20260205T223659Z_28_d_e	http://example.org/stkg/time	"2026-02-05T22:36:59Z"^^<http://www.w3.org/2001/XMLSchema#dateTime>
http://example.org/stkg/id/obs_rel_T90_K2BlackPanther_20260205T223659Z_28_e_d	http://www.w3.org/1999/02/22-rdf-syntax-ns#type	http://example.org/stkg/id/SpatialRelationObservation
http://example.org/stkg/id/obs_rel_T90_K2BlackPanther_20260205T223659Z_28_e_d	http://example.org/stkg/subjectEntity	http://example.org/stkg/id/platform_T90
http://example.org/stkg/id/obs_rel_T90_K2BlackPanther_20260205T223659Z_28_e_d	http://example.org/stkg/objectEntity	http://example.org/stkg/id/platform_K2BlackPanther
http://example.org/stkg/id/obs_rel_T90_K2BlackPanther_20260205T223659Z_28_e_d	http://example.org/stkg/relationType	http://example.org/stkg/id/relation_ahead_of
http://example.org/stkg/id/obs_rel_T90_K2BlackPanther_20260205T223659Z_28_e_d	http://example.org/stkg/time	"2026-02-05T22:36:59Z"^^<http://www.w3.org/2001/XMLSchema#dateTime>
http://example.org/stkg/id/obs_rel_BTR80_T90_20260205T223659Z_28_c_e	http://www.w3.org/1999/02/22-rdf-syntax-ns#type	http://example.org/stkg/id/SpatialRelationObservation
http://example.org/stkg/id/obs_rel_BTR80_T90_20260205T223659Z_28_c_e	http://example.org/stkg/subjectEntity	http://example.org/stkg/id/platform_BTR80
http://example.org/stkg/id/obs_rel_BTR80_T90_20260205T223659Z_28_c_e	http://example.org/stkg/objectEntity	http://example.org/stkg/id/platform_T90
http://example.org/stkg/id/obs_rel_BTR80_T90_20260205T223659Z_28_c_e	http://example.org/stkg/relationType	http://example.org/stkg/id/relation_behind_of
http://example.org/stkg/id/obs_rel_BTR80_T90_20260205T223659Z_28_c_e	http://example.org/stkg/time	"2026-02-05T22:36:59Z"^^<http://www.w3.org/2001/XMLSchema#dateTime>
http://example.org/stkg/id/obs_rel_T90_BTR80_20260205T223659Z_28_e_c	http://www.w3.org/1999/02/22-rdf-syntax-ns#type	http://example.org/stkg/id/SpatialRelationObservation
http://example.org/stkg/id/obs_rel_T90_BTR80_20260205T223659Z_28_e_c	http://example.org/stkg/subjectEntity	http://example.org/stkg/id/platform_T90
http://example.org/stkg/id/obs_rel_T90_BTR80_20260205T223659Z_28_e_c	http://example.org/stkg/objectEntity	http://example.org/stkg/id/platform_BTR80
http://example.org/stkg/id/obs_rel_T90_BTR80_20260205T223659Z_28_e_c	http://example.org/stkg/relationType	http://example.org/stkg/id/relation_ahead_of
http://example.org/stkg/id/obs_rel_T90_BTR80_20260205T223659Z_28_e_c	http://example.org/stkg/time	"2026-02-05T22:36:59Z"^^<http://www.w3.org/2001/XMLSchema#dateTime>
http://example.org/stkg/id/obs_rel_BTR80_K2BlackPanther_20260205T223700Z_29_c_d	http://www.w3.org/1999/02/22-rdf-syntax-ns#type	http://example.org/stkg/id/SpatialRelationObservation
http://example.org/stkg/id/obs_rel_BTR80_K2BlackPanther_20260205T223700Z_29_c_d	http://example.org/stkg/subjectEntity	http://example.org/stkg/id/platform_BTR80
http://example.org/stkg/id/obs_rel_BTR80_K2BlackPanther_20260205T223700Z_29_c_d	http://example.org/stkg/objectEntity	http://example.org/stkg/id/platform_K2BlackPanther
http://example.org/stkg/id/obs_rel_BTR80_K2BlackPanther_20260205T223700Z_29_c_d	http://example.org/stkg/relationType	http://example.org/stkg/id/relation_behind_of
http://example.org/stkg/id/obs_rel_BTR80_K2BlackPanther_20260205T223700Z_29_c_d	http://example.org/stkg/time	"2026-02-05T22:37:00Z"^^<http://www.w3.org/2001/XMLSchema#dateTime>
http://example.org/stkg/id/obs_rel_K2BlackPanther_BTR80_20260205T223700Z_29_d_c	http://www.w3.org/1999/02/22-rdf-syntax-ns#type	http://example.org/stkg/id/SpatialRelationObservation
http://example.org/stkg/id/obs_rel_K2BlackPanther_BTR80_20260205T223700Z_29_d_c	http://example.org/stkg/subjectEntity	http://example.org/stkg/id/platform_K2BlackPanther
http://example.org/stkg/id/obs_rel_K2BlackPanther_BTR80_20260205T223700Z_29_d_c	http://example.org/stkg/objectEntity	http://example.org/stkg/id/platform_BTR80
http://example.org/stkg/id/obs_rel_K2BlackPanther_BTR80_20260205T223700Z_29_d_c	http://example.org/stkg/relationType	http://example.org/stkg/id/relation_ahead_of
http://example.org/stkg/id/obs_rel_K2BlackPanther_BTR80_20260205T223700Z_29_d_c	http://example.org/stkg/time	"2026-02-05T22:37:00Z"^^<http://www.w3.org/2001/XMLSchema#dateTime>
http://example.org/stkg/id/obs_rel_K2BlackPanther_T90_20260205T223700Z_29_d_e	http://www.w3.org/1999/02/22-rdf-syntax-ns#type	http://example.org/stkg/id/SpatialRelationObservation
http://example.org/stkg/id/obs_rel_K2BlackPanther_T90_20260205T223700Z_29_d_e	http://example.org/stkg/subjectEntity	http://example.org/stkg/id/platform_K2BlackPanther
http://example.org/stkg/id/obs_rel_K2BlackPanther_T90_20260205T223700Z_29_d_e	http://example.org/stkg/objectEntity	http://example.org/stkg/id/platform_T90
http://example.org/stkg/id/obs_rel_K2BlackPanther_T90_20260205T223700Z_29_d_e	http://example.org/stkg/relationType	http://example.org/stkg/id/relation_behind_of
http://example.org/stkg/id/obs_rel_K2BlackPanther_T90_20260205T223700Z_29_d_e	http://example.org/stkg/time	"2026-02-05T22:37:00Z"^^<http://www.w3.org/2001/XMLSchema#dateTime>
http://example.org/stkg/id/obs_rel_T90_K2BlackPanther_20260205T223700Z_29_e_d	http://www.w3.org/1999/02/22-rdf-syntax-ns#type	http://example.org/stkg/id/SpatialRelationObservation
http://example.org/stkg/id/obs_rel_T90_K2BlackPanther_20260205T223700Z_29_e_d	http://example.org/stkg/subjectEntity	http://example.org/stkg/id/platform_T90
http://example.org/stkg/id/obs_rel_T90_K2BlackPanther_20260205T223700Z_29_e_d	http://example.org/stkg/objectEntity	http://example.org/stkg/id/platform_K2BlackPanther
http://example.org/stkg/id/obs_rel_T90_K2BlackPanther_20260205T223700Z_29_e_d	http://example.org/stkg/relationType	http://example.org/stkg/id/relation_ahead_of
http://example.org/stkg/id/obs_rel_T90_K2BlackPanther_20260205T223700Z_29_e_d	http://example.org/stkg/time	"2026-02-05T22:37:00Z"^^<http://www.w3.org/2001/XMLSchema#dateTime>
http://example.org/stkg/id/obs_rel_BTR80_T90_20260205T223700Z_29_c_e	http://www.w3.org/1999/02/22-rdf-syntax-ns#type	http://example.org/stkg/id/SpatialRelationObservation
http://example.org/stkg/id/obs_rel_BTR80_T90_20260205T223700Z_29_c_e	http://example.org/stkg/subjectEntity	http://example.org/stkg/id/platform_BTR80
http://example.org/stkg/id/obs_rel_BTR80_T90_20260205T223700Z_29_c_e	http://example.org/stkg/objectEntity	http://example.org/stkg/id/platform_T90
http://example.org/stkg/id/obs_rel_BTR80_T90_20260205T223700Z_29_c_e	http://example.org/stkg/relationType	http://example.org/stkg/id/relation_behind_of
http://example.org/stkg/id/obs_rel_BTR80_T90_20260205T223700Z_29_c_e	http://example.org/stkg/time	"2026-02-05T22:37:00Z"^^<http://www.w3.org/2001/XMLSchema#dateTime>
http://example.org/stkg/id/obs_rel_T90_BTR80_20260205T223700Z_29_e_c	http://www.w3.org/1999/02/22-rdf-syntax-ns#type	http://example.org/stkg/id/SpatialRelationObservation
http://example.org/stkg/id/obs_rel_T90_BTR80_20260205T223700Z_29_e_c	http://example.org/stkg/subjectEntity	http://example.org/stkg/id/platform_T90
http://example.org/stkg/id/obs_rel_T90_BTR80_20260205T223700Z_29_e_c	http://example.org/stkg/objectEntity	http://example.org/stkg/id/platform_BTR80
http://example.org/stkg/id/obs_rel_T90_BTR80_20260205T223700Z_29_e_c	http://example.org/stkg/relationType	http://example.org/stkg/id/relation_ahead_of
http://example.org/stkg/id/obs_rel_T90_BTR80_20260205T223700Z_29_e_c	http://example.org/stkg/time	"2026-02-05T22:37:00Z"^^<http://www.w3.org/2001/XMLSchema#dateTime>
http://example.org/stkg/id/obs_rel_BTR80_K2BlackPanther_20260205T223701Z_30_c_d	http://www.w3.org/1999/02/22-rdf-syntax-ns#type	http://example.org/stkg/id/SpatialRelationObservation
http://example.org/stkg/id/obs_rel_BTR80_K2BlackPanther_20260205T223701Z_30_c_d	http://example.org/stkg/subjectEntity	http://example.org/stkg/id/platform_BTR80
http://example.org/stkg/id/obs_rel_BTR80_K2BlackPanther_20260205T223701Z_30_c_d	http://example.org/stkg/objectEntity	http://example.org/stkg/id/platform_K2BlackPanther
http://example.org/stkg/id/obs_rel_BTR80_K2BlackPanther_20260205T223701Z_30_c_d	http://example.org/stkg/relationType	http://example.org/stkg/id/relation_behind_of
http://example.org/stkg/id/obs_rel_BTR80_K2BlackPanther_20260205T223701Z_30_c_d	http://example.org/stkg/time	"2026-02-05T22:37:01Z"^^<http://www.w3.org/2001/XMLSchema#dateTime>
http://example.org/stkg/id/obs_rel_K2BlackPanther_BTR80_20260205T223701Z_30_d_c	http://www.w3.org/1999/02/22-rdf-syntax-ns#type	http://example.org/stkg/id/SpatialRelationObservation
http://example.org/stkg/id/obs_rel_K2BlackPanther_BTR80_20260205T223701Z_30_d_c	http://example.org/stkg/subjectEntity	http://example.org/stkg/id/platform_K2BlackPanther
http://example.org/stkg/id/obs_rel_K2BlackPanther_BTR80_20260205T223701Z_30_d_c	http://example.org/stkg/objectEntity	http://example.org/stkg/id/platform_BTR80
http://example.org/stkg/id/obs_rel_K2BlackPanther_BTR80_20260205T223701Z_30_d_c	http://example.org/stkg/relationType	http://example.org/stkg/id/relation_ahead_of
http://example.org/stkg/id/obs_rel_K2BlackPanther_BTR80_20260205T223701Z_30_d_c	http://example.org/stkg/time	"2026-02-05T22:37:01Z"^^<http://www.w3.org/2001/XMLSchema#dateTime>
http://example.org/stkg/id/obs_rel_K2BlackPanther_T90_20260205T223701Z_30_d_e	http://www.w3.org/1999/02/22-rdf-syntax-ns#type	http://example.org/stkg/id/SpatialRelationObservation
http://example.org/stkg/id/obs_rel_K2BlackPanther_T90_20260205T223701Z_30_d_e	http://example.org/stkg/subjectEntity	http://example.org/stkg/id/platform_K2BlackPanther
http://example.org/stkg/id/obs_rel_K2BlackPanther_T90_20260205T223701Z_30_d_e	http://example.org/stkg/objectEntity	http://example.org/stkg/id/platform_T90
http://example.org/stkg/id/obs_rel_K2BlackPanther_T90_20260205T223701Z_30_d_e	http://example.org/stkg/relationType	http://example.org/stkg/id/relation_behind_of
http://example.org/stkg/id/obs_rel_K2BlackPanther_T90_20260205T223701Z_30_d_e	http://example.org/stkg/time	"2026-02-05T22:37:01Z"^^<http://www.w3.org/2001/XMLSchema#dateTime>
http://example.org/stkg/id/obs_rel_T90_K2BlackPanther_20260205T223701Z_30_e_d	http://www.w3.org/1999/02/22-rdf-syntax-ns#type	http://example.org/stkg/id/SpatialRelationObservation
http://example.org/stkg/id/obs_rel_T90_K2BlackPanther_20260205T223701Z_30_e_d	http://example.org/stkg/subjectEntity	http://example.org/stkg/id/platform_T90
http://example.org/stkg/id/obs_rel_T90_K2BlackPanther_20260205T223701Z_30_e_d	http://example.org/stkg/objectEntity	http://example.org/stkg/id/platform_K2BlackPanther
http://example.org/stkg/id/obs_rel_T90_K2BlackPanther_20260205T223701Z_30_e_d	http://example.org/stkg/relationType	http://example.org/stkg/id/relation_ahead_of
http://example.org/stkg/id/obs_rel_T90_K2BlackPanther_20260205T223701Z_30_e_d	http://example.org/stkg/time	"2026-02-05T22:37:01Z"^^<http://www.w3.org/2001/XMLSchema#dateTime>
http://example.org/stkg/id/obs_rel_BTR80_T90_20260205T223701Z_30_c_e	http://www.w3.org/1999/02/22-rdf-syntax-ns#type	http://example.org/stkg/id/SpatialRelationObservation
http://example.org/stkg/id/obs_rel_BTR80_T90_20260205T223701Z_30_c_e	http://example.org/stkg/subjectEntity	http://example.org/stkg/id/platform_BTR80
http://example.org/stkg/id/obs_rel_BTR80_T90_20260205T223701Z_30_c_e	http://example.org/stkg/objectEntity	http://example.org/stkg/id/platform_T90
http://example.org/stkg/id/obs_rel_BTR80_T90_20260205T223701Z_30_c_e	http://example.org/stkg/relationType	http://example.org/stkg/id/relation_behind_of
http://example.org/stkg/id/obs_rel_BTR80_T90_20260205T223701Z_30_c_e	http://example.org/stkg/time	"2026-02-05T22:37:01Z"^^<http://www.w3.org/2001/XMLSchema#dateTime>
http://example.org/stkg/id/obs_rel_T90_BTR80_20260205T223701Z_30_e_c	http://www.w3.org/1999/02/22-rdf-syntax-ns#type	http://example.org/stkg/id/SpatialRelationObservation
http://example.org/stkg/id/obs_rel_T90_BTR80_20260205T223701Z_30_e_c	http://example.org/stkg/subjectEntity	http://example.org/stkg/id/platform_T90
http://example.org/stkg/id/obs_rel_T90_BTR80_20260205T223701Z_30_e_c	http://example.org/stkg/objectEntity	http://example.org/stkg/id/platform_BTR80
http://example.org/stkg/id/obs_rel_T90_BTR80_20260205T223701Z_30_e_c	http://example.org/stkg/relationType	http://example.org/stkg/id/relation_ahead_of
http://example.org/stkg/id/obs_rel_T90_BTR80_20260205T223701Z_30_e_c	http://example.org/stkg/time	"2026-02-05T22:37:01Z"^^<http://www.w3.org/2001/XMLSchema#dateTime>
http://example.org/stkg/id/obs_rel_BTR80_K2BlackPanther_20260205T223702Z_31_c_d	http://www.w3.org/1999/02/22-rdf-syntax-ns#type	http://example.org/stkg/id/SpatialRelationObservation
http://example.org/stkg/id/obs_rel_BTR80_K2BlackPanther_20260205T223702Z_31_c_d	http://example.org/stkg/subjectEntity	http://example.org/stkg/id/platform_BTR80
http://example.org/stkg/id/obs_rel_BTR80_K2BlackPanther_20260205T223702Z_31_c_d	http://example.org/stkg/objectEntity	http://example.org/stkg/id/platform_K2BlackPanther
http://example.org/stkg/id/obs_rel_BTR80_K2BlackPanther_20260205T223702Z_31_c_d	http://example.org/stkg/relationType	http://example.org/stkg/id/relation_behind_of
http://example.org/stkg/id/obs_rel_BTR80_K2BlackPanther_20260205T223702Z_31_c_d	http://example.org/stkg/time	"2026-02-05T22:37:02Z"^^<http://www.w3.org/2001/XMLSchema#dateTime>
http://example.org/stkg/id/obs_rel_K2BlackPanther_BTR80_20260205T223702Z_31_d_c	http://www.w3.org/1999/02/22-rdf-syntax-ns#type	http://example.org/stkg/id/SpatialRelationObservation
http://example.org/stkg/id/obs_rel_K2BlackPanther_BTR80_20260205T223702Z_31_d_c	http://example.org/stkg/subjectEntity	http://example.org/stkg/id/platform_K2BlackPanther
http://example.org/stkg/id/obs_rel_K2BlackPanther_BTR80_20260205T223702Z_31_d_c	http://example.org/stkg/objectEntity	http://example.org/stkg/id/platform_BTR80
http://example.org/stkg/id/obs_rel_K2BlackPanther_BTR80_20260205T223702Z_31_d_c	http://example.org/stkg/relationType	http://example.org/stkg/id/relation_ahead_of
http://example.org/stkg/id/obs_rel_K2BlackPanther_BTR80_20260205T223702Z_31_d_c	http://example.org/stkg/time	"2026-02-05T22:37:02Z"^^<http://www.w3.org/2001/XMLSchema#dateTime>
http://example.org/stkg/id/obs_rel_K2BlackPanther_T90_20260205T223702Z_31_d_e	http://www.w3.org/1999/02/22-rdf-syntax-ns#type	http://example.org/stkg/id/SpatialRelationObservation
http://example.org/stkg/id/obs_rel_K2BlackPanther_T90_20260205T223702Z_31_d_e	http://example.org/stkg/subjectEntity	http://example.org/stkg/id/platform_K2BlackPanther
http://example.org/stkg/id/obs_rel_K2BlackPanther_T90_20260205T223702Z_31_d_e	http://example.org/stkg/objectEntity	http://example.org/stkg/id/platform_T90
http://example.org/stkg/id/obs_rel_K2BlackPanther_T90_20260205T223702Z_31_d_e	http://example.org/stkg/relationType	http://example.org/stkg/id/relation_behind_of
http://example.org/stkg/id/obs_rel_K2BlackPanther_T90_20260205T223702Z_31_d_e	http://example.org/stkg/time	"2026-02-05T22:37:02Z"^^<http://www.w3.org/2001/XMLSchema#dateTime>
http://example.org/stkg/id/obs_rel_T90_K2BlackPanther_20260205T223702Z_31_e_d	http://www.w3.org/1999/02/22-rdf-syntax-ns#type	http://example.org/stkg/id/SpatialRelationObservation
http://example.org/stkg/id/obs_rel_T90_K2BlackPanther_20260205T223702Z_31_e_d	http://example.org/stkg/subjectEntity	http://example.org/stkg/id/platform_T90
http://example.org/stkg/id/obs_rel_T90_K2BlackPanther_20260205T223702Z_31_e_d	http://example.org/stkg/objectEntity	http://example.org/stkg/id/platform_K2BlackPanther
http://example.org/stkg/id/obs_rel_T90_K2BlackPanther_20260205T223702Z_31_e_d	http://example.org/stkg/relationType	http://example.org/stkg/id/relation_ahead_of
http://example.org/stkg/id/obs_rel_T90_K2BlackPanther_20260205T223702Z_31_e_d	http://example.org/stkg/time	"2026-02-05T22:37:02Z"^^<http://www.w3.org/2001/XMLSchema#dateTime>
http://example.org/stkg/id/obs_rel_BTR80_T90_20260205T223702Z_31_c_e	http://www.w3.org/1999/02/22-rdf-syntax-ns#type	http://example.org/stkg/id/SpatialRelationObservation
http://example.org/stkg/id/obs_rel_BTR80_T90_20260205T223702Z_31_c_e	http://example.org/stkg/subjectEntity	http://example.org/stkg/id/platform_BTR80
http://example.org/stkg/id/obs_rel_BTR80_T90_20260205T223702Z_31_c_e	http://example.org/stkg/objectEntity	http://example.org/stkg/id/platform_T90
http://example.org/stkg/id/obs_rel_BTR80_T90_20260205T223702Z_31_c_e	http://example.org/stkg/relationType	http://example.org/stkg/id/relation_behind_of
http://example.org/stkg/id/obs_rel_BTR80_T90_20260205T223702Z_31_c_e	http://example.org/stkg/time	"2026-02-05T22:37:02Z"^^<http://www.w3.org/2001/XMLSchema#dateTime>
http://example.org/stkg/id/obs_rel_T90_BTR80_20260205T223702Z_31_e_c	http://www.w3.org/1999/02/22-rdf-syntax-ns#type	http://example.org/stkg/id/SpatialRelationObservation
http://example.org/stkg/id/obs_rel_T90_BTR80_20260205T223702Z_31_e_c	http://example.org/stkg/subjectEntity	http://example.org/stkg/id/platform_T90
http://example.org/stkg/id/obs_rel_T90_BTR80_20260205T223702Z_31_e_c	http://example.org/stkg/objectEntity	http://example.org/stkg/id/platform_BTR80
http://example.org/stkg/id/obs_rel_T90_BTR80_20260205T223702Z_31_e_c	http://example.org/stkg/relationType	http://example.org/stkg/id/relation_ahead_of
http://example.org/stkg/id/obs_rel_T90_BTR80_20260205T223702Z_31_e_c	http://example.org/stkg/time	"2026-02-05T22:37:02Z"^^<http://www.w3.org/2001/XMLSchema#dateTime>
http://example.org/stkg/id/obs_rel_BTR80_K2BlackPanther_20260205T223703Z_32_c_d	http://www.w3.org/1999/02/22-rdf-syntax-ns#type	http://example.org/stkg/id/SpatialRelationObservation
http://example.org/stkg/id/obs_rel_BTR80_K2BlackPanther_20260205T223703Z_32_c_d	http://example.org/stkg/subjectEntity	http://example.org/stkg/id/platform_BTR80
http://example.org/stkg/id/obs_rel_BTR80_K2BlackPanther_20260205T223703Z_32_c_d	http://example.org/stkg/objectEntity	http://example.org/stkg/id/platform_K2BlackPanther
http://example.org/stkg/id/obs_rel_BTR80_K2BlackPanther_20260205T223703Z_32_c_d	http://example.org/stkg/relationType	http://example.org/stkg/id/relation_behind_of
http://example.org/stkg/id/obs_rel_BTR80_K2BlackPanther_20260205T223703Z_32_c_d	http://example.org/stkg/time	"2026-02-05T22:37:03Z"^^<http://www.w3.org/2001/XMLSchema#dateTime>
http://example.org/stkg/id/obs_rel_K2BlackPanther_BTR80_20260205T223703Z_32_d_c	http://www.w3.org/1999/02/22-rdf-syntax-ns#type	http://example.org/stkg/id/SpatialRelationObservation
http://example.org/stkg/id/obs_rel_K2BlackPanther_BTR80_20260205T223703Z_32_d_c	http://example.org/stkg/subjectEntity	http://example.org/stkg/id/platform_K2BlackPanther
http://example.org/stkg/id/obs_rel_K2BlackPanther_BTR80_20260205T223703Z_32_d_c	http://example.org/stkg/objectEntity	http://example.org/stkg/id/platform_BTR80
http://example.org/stkg/id/obs_rel_K2BlackPanther_BTR80_20260205T223703Z_32_d_c	http://example.org/stkg/relationType	http://example.org/stkg/id/relation_ahead_of
http://example.org/stkg/id/obs_rel_K2BlackPanther_BTR80_20260205T223703Z_32_d_c	http://example.org/stkg/time	"2026-02-05T22:37:03Z"^^<http://www.w3.org/2001/XMLSchema#dateTime>
http://example.org/stkg/id/obs_rel_K2BlackPanther_T90_20260205T223703Z_32_d_e	http://www.w3.org/1999/02/22-rdf-syntax-ns#type	http://example.org/stkg/id/SpatialRelationObservation
http://example.org/stkg/id/obs_rel_K2BlackPanther_T90_20260205T223703Z_32_d_e	http://example.org/stkg/subjectEntity	http://example.org/stkg/id/platform_K2BlackPanther
http://example.org/stkg/id/obs_rel_K2BlackPanther_T90_20260205T223703Z_32_d_e	http://example.org/stkg/objectEntity	http://example.org/stkg/id/platform_T90
http://example.org/stkg/id/obs_rel_K2BlackPanther_T90_20260205T223703Z_32_d_e	http://example.org/stkg/relationType	http://example.org/stkg/id/relation_behind_of
http://example.org/stkg/id/obs_rel_K2BlackPanther_T90_20260205T223703Z_32_d_e	http://example.org/stkg/time	"2026-02-05T22:37:03Z"^^<http://www.w3.org/2001/XMLSchema#dateTime>
http://example.org/stkg/id/obs_rel_T90_K2BlackPanther_20260205T223703Z_32_e_d	http://www.w3.org/1999/02/22-rdf-syntax-ns#type	http://example.org/stkg/id/SpatialRelationObservation
http://example.org/stkg/id/obs_rel_T90_K2BlackPanther_20260205T223703Z_32_e_d	http://example.org/stkg/subjectEntity	http://example.org/stkg/id/platform_T90
http://example.org/stkg/id/obs_rel_T90_K2BlackPanther_20260205T223703Z_32_e_d	http://example.org/stkg/objectEntity	http://example.org/stkg/id/platform_K2BlackPanther
http://example.org/stkg/id/obs_rel_T90_K2BlackPanther_20260205T223703Z_32_e_d	http://example.org/stkg/relationType	http://example.org/stkg/id/relation_ahead_of
http://example.org/stkg/id/obs_rel_T90_K2BlackPanther_20260205T223703Z_32_e_d	http://example.org/stkg/time	"2026-02-05T22:37:03Z"^^<http://www.w3.org/2001/XMLSchema#dateTime>
http://example.org/stkg/id/obs_rel_BTR80_T90_20260205T223703Z_32_c_e	http://www.w3.org/1999/02/22-rdf-syntax-ns#type	http://example.org/stkg/id/SpatialRelationObservation
http://example.org/stkg/id/obs_rel_BTR80_T90_20260205T223703Z_32_c_e	http://example.org/stkg/subjectEntity	http://example.org/stkg/id/platform_BTR80
http://example.org/stkg/id/obs_rel_BTR80_T90_20260205T223703Z_32_c_e	http://example.org/stkg/objectEntity	http://example.org/stkg/id/platform_T90
http://example.org/stkg/id/obs_rel_BTR80_T90_20260205T223703Z_32_c_e	http://example.org/stkg/relationType	http://example.org/stkg/id/relation_behind_of
http://example.org/stkg/id/obs_rel_BTR80_T90_20260205T223703Z_32_c_e	http://example.org/stkg/time	"2026-02-05T22:37:03Z"^^<http://www.w3.org/2001/XMLSchema#dateTime>
http://example.org/stkg/id/obs_rel_T90_BTR80_20260205T223703Z_32_e_c	http://www.w3.org/1999/02/22-rdf-syntax-ns#type	http://example.org/stkg/id/SpatialRelationObservation
http://example.org/stkg/id/obs_rel_T90_BTR80_20260205T223703Z_32_e_c	http://example.org/stkg/subjectEntity	http://example.org/stkg/id/platform_T90
http://example.org/stkg/id/obs_rel_T90_BTR80_20260205T223703Z_32_e_c	http://example.org/stkg/objectEntity	http://example.org/stkg/id/platform_BTR80
http://example.org/stkg/id/obs_rel_T90_BTR80_20260205T223703Z_32_e_c	http://example.org/stkg/relationType	http://example.org/stkg/id/relation_ahead_of
http://example.org/stkg/id/obs_rel_T90_BTR80_20260205T223703Z_32_e_c	http://example.org/stkg/time	"2026-02-05T22:37:03Z"^^<http://www.w3.org/2001/XMLSchema#dateTime>
http://example.org/stkg/id/obs_rel_BTR80_K2BlackPanther_20260205T223704Z_33_c_d	http://www.w3.org/1999/02/22-rdf-syntax-ns#type	http://example.org/stkg/id/SpatialRelationObservation
http://example.org/stkg/id/obs_rel_BTR80_K2BlackPanther_20260205T223704Z_33_c_d	http://example.org/stkg/subjectEntity	http://example.org/stkg/id/platform_BTR80
http://example.org/stkg/id/obs_rel_BTR80_K2BlackPanther_20260205T223704Z_33_c_d	http://example.org/stkg/objectEntity	http://example.org/stkg/id/platform_K2BlackPanther
http://example.org/stkg/id/obs_rel_BTR80_K2BlackPanther_20260205T223704Z_33_c_d	http://example.org/stkg/relationType	http://example.org/stkg/id/relation_behind_of
http://example.org/stkg/id/obs_rel_BTR80_K2BlackPanther_20260205T223704Z_33_c_d	http://example.org/stkg/time	"2026-02-05T22:37:04Z"^^<http://www.w3.org/2001/XMLSchema#dateTime>
http://example.org/stkg/id/obs_rel_K2BlackPanther_BTR80_20260205T223704Z_33_d_c	http://www.w3.org/1999/02/22-rdf-syntax-ns#type	http://example.org/stkg/id/SpatialRelationObservation
http://example.org/stkg/id/obs_rel_K2BlackPanther_BTR80_20260205T223704Z_33_d_c	http://example.org/stkg/subjectEntity	http://example.org/stkg/id/platform_K2BlackPanther
http://example.org/stkg/id/obs_rel_K2BlackPanther_BTR80_20260205T223704Z_33_d_c	http://example.org/stkg/objectEntity	http://example.org/stkg/id/platform_BTR80
http://example.org/stkg/id/obs_rel_K2BlackPanther_BTR80_20260205T223704Z_33_d_c	http://example.org/stkg/relationType	http://example.org/stkg/id/relation_ahead_of
http://example.org/stkg/id/obs_rel_K2BlackPanther_BTR80_20260205T223704Z_33_d_c	http://example.org/stkg/time	"2026-02-05T22:37:04Z"^^<http://www.w3.org/2001/XMLSchema#dateTime>
http://example.org/stkg/id/obs_rel_K2BlackPanther_T90_20260205T223704Z_33_d_e	http://www.w3.org/1999/02/22-rdf-syntax-ns#type	http://example.org/stkg/id/SpatialRelationObservation
http://example.org/stkg/id/obs_rel_K2BlackPanther_T90_20260205T223704Z_33_d_e	http://example.org/stkg/subjectEntity	http://example.org/stkg/id/platform_K2BlackPanther
http://example.org/stkg/id/obs_rel_K2BlackPanther_T90_20260205T223704Z_33_d_e	http://example.org/stkg/objectEntity	http://example.org/stkg/id/platform_T90
http://example.org/stkg/id/obs_rel_K2BlackPanther_T90_20260205T223704Z_33_d_e	http://example.org/stkg/relationType	http://example.org/stkg/id/relation_behind_of
http://example.org/stkg/id/obs_rel_K2BlackPanther_T90_20260205T223704Z_33_d_e	http://example.org/stkg/time	"2026-02-05T22:37:04Z"^^<http://www.w3.org/2001/XMLSchema#dateTime>
http://example.org/stkg/id/obs_rel_T90_K2BlackPanther_20260205T223704Z_33_e_d	http://www.w3.org/1999/02/22-rdf-syntax-ns#type	http://example.org/stkg/id/SpatialRelationObservation
http://example.org/stkg/id/obs_rel_T90_K2BlackPanther_20260205T223704Z_33_e_d	http://example.org/stkg/subjectEntity	http://example.org/stkg/id/platform_T90
http://example.org/stkg/id/obs_rel_T90_K2BlackPanther_20260205T223704Z_33_e_d	http://example.org/stkg/objectEntity	http://example.org/stkg/id/platform_K2BlackPanther
http://example.org/stkg/id/obs_rel_T90_K2BlackPanther_20260205T223704Z_33_e_d	http://example.org/stkg/relationType	http://example.org/stkg/id/relation_ahead_of
http://example.org/stkg/id/obs_rel_T90_K2BlackPanther_20260205T223704Z_33_e_d	http://example.org/stkg/time	"2026-02-05T22:37:04Z"^^<http://www.w3.org/2001/XMLSchema#dateTime>
http://example.org/stkg/id/obs_rel_BTR80_T90_20260205T223704Z_33_c_e	http://www.w3.org/1999/02/22-rdf-syntax-ns#type	http://example.org/stkg/id/SpatialRelationObservation
http://example.org/stkg/id/obs_rel_BTR80_T90_20260205T223704Z_33_c_e	http://example.org/stkg/subjectEntity	http://example.org/stkg/id/platform_BTR80
http://example.org/stkg/id/obs_rel_BTR80_T90_20260205T223704Z_33_c_e	http://example.org/stkg/objectEntity	http://example.org/stkg/id/platform_T90
http://example.org/stkg/id/obs_rel_BTR80_T90_20260205T223704Z_33_c_e	http://example.org/stkg/relationType	http://example.org/stkg/id/relation_behind_of
http://example.org/stkg/id/obs_rel_BTR80_T90_20260205T223704Z_33_c_e	http://example.org/stkg/time	"2026-02-05T22:37:04Z"^^<http://www.w3.org/2001/XMLSchema#dateTime>
http://example.org/stkg/id/obs_rel_T90_BTR80_20260205T223704Z_33_e_c	http://www.w3.org/1999/02/22-rdf-syntax-ns#type	http://example.org/stkg/id/SpatialRelationObservation
http://example.org/stkg/id/obs_rel_T90_BTR80_20260205T223704Z_33_e_c	http://example.org/stkg/subjectEntity	http://example.org/stkg/id/platform_T90
http://example.org/stkg/id/obs_rel_T90_BTR80_20260205T223704Z_33_e_c	http://example.org/stkg/objectEntity	http://example.org/stkg/id/platform_BTR80
http://example.org/stkg/id/obs_rel_T90_BTR80_20260205T223704Z_33_e_c	http://example.org/stkg/relationType	http://example.org/stkg/id/relation_ahead_of
http://example.org/stkg/id/obs_rel_T90_BTR80_20260205T223704Z_33_e_c	http://example.org/stkg/time	"2026-02-05T22:37:04Z"^^<http://www.w3.org/2001/XMLSchema#dateTime>
http://example.org/stkg/id/obs_rel_BTR80_K2BlackPanther_20260205T223705Z_34_c_d	http://www.w3.org/1999/02/22-rdf-syntax-ns#type	http://example.org/stkg/id/SpatialRelationObservation
http://example.org/stkg/id/obs_rel_BTR80_K2BlackPanther_20260205T223705Z_34_c_d	http://example.org/stkg/subjectEntity	http://example.org/stkg/id/platform_BTR80
http://example.org/stkg/id/obs_rel_BTR80_K2BlackPanther_20260205T223705Z_34_c_d	http://example.org/stkg/objectEntity	http://example.org/stkg/id/platform_K2BlackPanther
http://example.org/stkg/id/obs_rel_BTR80_K2BlackPanther_20260205T223705Z_34_c_d	http://example.org/stkg/relationType	http://example.org/stkg/id/relation_behind_of
http://example.org/stkg/id/obs_rel_BTR80_K2BlackPanther_20260205T223705Z_34_c_d	http://example.org/stkg/time	"2026-02-05T22:37:05Z"^^<http://www.w3.org/2001/XMLSchema#dateTime>
http://example.org/stkg/id/obs_rel_K2BlackPanther_BTR80_20260205T223705Z_34_d_c	http://www.w3.org/1999/02/22-rdf-syntax-ns#type	http://example.org/stkg/id/SpatialRelationObservation
http://example.org/stkg/id/obs_rel_K2BlackPanther_BTR80_20260205T223705Z_34_d_c	http://example.org/stkg/subjectEntity	http://example.org/stkg/id/platform_K2BlackPanther
http://example.org/stkg/id/obs_rel_K2BlackPanther_BTR80_20260205T223705Z_34_d_c	http://example.org/stkg/objectEntity	http://example.org/stkg/id/platform_BTR80
http://example.org/stkg/id/obs_rel_K2BlackPanther_BTR80_20260205T223705Z_34_d_c	http://example.org/stkg/relationType	http://example.org/stkg/id/relation_ahead_of
http://example.org/stkg/id/obs_rel_K2BlackPanther_BTR80_20260205T223705Z_34_d_c	http://example.org/stkg/time	"2026-02-05T22:37:05Z"^^<http://www.w3.org/2001/XMLSchema#dateTime>
http://example.org/stkg/id/obs_rel_K2BlackPanther_T90_20260205T223705Z_34_d_e	http://www.w3.org/1999/02/22-rdf-syntax-ns#type	http://example.org/stkg/id/SpatialRelationObservation
http://example.org/stkg/id/obs_rel_K2BlackPanther_T90_20260205T223705Z_34_d_e	http://example.org/stkg/subjectEntity	http://example.org/stkg/id/platform_K2BlackPanther
http://example.org/stkg/id/obs_rel_K2BlackPanther_T90_20260205T223705Z_34_d_e	http://example.org/stkg/objectEntity	http://example.org/stkg/id/platform_T90
http://example.org/stkg/id/obs_rel_K2BlackPanther_T90_20260205T223705Z_34_d_e	http://example.org/stkg/relationType	http://example.org/stkg/id/relation_behind_of
http://example.org/stkg/id/obs_rel_K2BlackPanther_T90_20260205T223705Z_34_d_e	http://example.org/stkg/time	"2026-02-05T22:37:05Z"^^<http://www.w3.org/2001/XMLSchema#dateTime>
http://example.org/stkg/id/obs_rel_T90_K2BlackPanther_20260205T223705Z_34_e_d	http://www.w3.org/1999/02/22-rdf-syntax-ns#type	http://example.org/stkg/id/SpatialRelationObservation
http://example.org/stkg/id/obs_rel_T90_K2BlackPanther_20260205T223705Z_34_e_d	http://example.org/stkg/subjectEntity	http://example.org/stkg/id/platform_T90
http://example.org/stkg/id/obs_rel_T90_K2BlackPanther_20260205T223705Z_34_e_d	http://example.org/stkg/objectEntity	http://example.org/stkg/id/platform_K2BlackPanther
http://example.org/stkg/id/obs_rel_T90_K2BlackPanther_20260205T223705Z_34_e_d	http://example.org/stkg/relationType	http://example.org/stkg/id/relation_ahead_of
http://example.org/stkg/id/obs_rel_T90_K2BlackPanther_20260205T223705Z_34_e_d	http://example.org/stkg/time	"2026-02-05T22:37:05Z"^^<http://www.w3.org/2001/XMLSchema#dateTime>
http://example.org/stkg/id/obs_rel_BTR80_T90_20260205T223705Z_34_c_e	http://www.w3.org/1999/02/22-rdf-syntax-ns#type	http://example.org/stkg/id/SpatialRelationObservation
http://example.org/stkg/id/obs_rel_BTR80_T90_20260205T223705Z_34_c_e	http://example.org/stkg/subjectEntity	http://example.org/stkg/id/platform_BTR80
http://example.org/stkg/id/obs_rel_BTR80_T90_20260205T223705Z_34_c_e	http://example.org/stkg/objectEntity	http://example.org/stkg/id/platform_T90
http://example.org/stkg/id/obs_rel_BTR80_T90_20260205T223705Z_34_c_e	http://example.org/stkg/relationType	http://example.org/stkg/id/relation_behind_of
http://example.org/stkg/id/obs_rel_BTR80_T90_20260205T223705Z_34_c_e	http://example.org/stkg/time	"2026-02-05T22:37:05Z"^^<http://www.w3.org/2001/XMLSchema#dateTime>
http://example.org/stkg/id/obs_rel_T90_BTR80_20260205T223705Z_34_e_c	http://www.w3.org/1999/02/22-rdf-syntax-ns#type	http://example.org/stkg/id/SpatialRelationObservation
http://example.org/stkg/id/obs_rel_T90_BTR80_20260205T223705Z_34_e_c	http://example.org/stkg/subjectEntity	http://example.org/stkg/id/platform_T90
http://example.org/stkg/id/obs_rel_T90_BTR80_20260205T223705Z_34_e_c	http://example.org/stkg/objectEntity	http://example.org/stkg/id/platform_BTR80
http://example.org/stkg/id/obs_rel_T90_BTR80_20260205T223705Z_34_e_c	http://example.org/stkg/relationType	http://example.org/stkg/id/relation_ahead_of
http://example.org/stkg/id/obs_rel_T90_BTR80_20260205T223705Z_34_e_c	http://example.org/stkg/time	"2026-02-05T22:37:05Z"^^<http://www.w3.org/2001/XMLSchema#dateTime>
http://example.org/stkg/id/obs_rel_BTR80_K2BlackPanther_20260205T223706Z_35_c_d	http://www.w3.org/1999/02/22-rdf-syntax-ns#type	http://example.org/stkg/id/SpatialRelationObservation
http://example.org/stkg/id/obs_rel_BTR80_K2BlackPanther_20260205T223706Z_35_c_d	http://example.org/stkg/subjectEntity	http://example.org/stkg/id/platform_BTR80
http://example.org/stkg/id/obs_rel_BTR80_K2BlackPanther_20260205T223706Z_35_c_d	http://example.org/stkg/objectEntity	http://example.org/stkg/id/platform_K2BlackPanther
http://example.org/stkg/id/obs_rel_BTR80_K2BlackPanther_20260205T223706Z_35_c_d	http://example.org/stkg/relationType	http://example.org/stkg/id/relation_behind_of
http://example.org/stkg/id/obs_rel_BTR80_K2BlackPanther_20260205T223706Z_35_c_d	http://example.org/stkg/time	"2026-02-05T22:37:06Z"^^<http://www.w3.org/2001/XMLSchema#dateTime>
http://example.org/stkg/id/obs_rel_K2BlackPanther_BTR80_20260205T223706Z_35_d_c	http://www.w3.org/1999/02/22-rdf-syntax-ns#type	http://example.org/stkg/id/SpatialRelationObservation
http://example.org/stkg/id/obs_rel_K2BlackPanther_BTR80_20260205T223706Z_35_d_c	http://example.org/stkg/subjectEntity	http://example.org/stkg/id/platform_K2BlackPanther
http://example.org/stkg/id/obs_rel_K2BlackPanther_BTR80_20260205T223706Z_35_d_c	http://example.org/stkg/objectEntity	http://example.org/stkg/id/platform_BTR80
http://example.org/stkg/id/obs_rel_K2BlackPanther_BTR80_20260205T223706Z_35_d_c	http://example.org/stkg/relationType	http://example.org/stkg/id/relation_ahead_of
http://example.org/stkg/id/obs_rel_K2BlackPanther_BTR80_20260205T223706Z_35_d_c	http://example.org/stkg/time	"2026-02-05T22:37:06Z"^^<http://www.w3.org/2001/XMLSchema#dateTime>
http://example.org/stkg/id/obs_rel_K2BlackPanther_T90_20260205T223706Z_35_d_e	http://www.w3.org/1999/02/22-rdf-syntax-ns#type	http://example.org/stkg/id/SpatialRelationObservation
http://example.org/stkg/id/obs_rel_K2BlackPanther_T90_20260205T223706Z_35_d_e	http://example.org/stkg/subjectEntity	http://example.org/stkg/id/platform_K2BlackPanther
http://example.org/stkg/id/obs_rel_K2BlackPanther_T90_20260205T223706Z_35_d_e	http://example.org/stkg/objectEntity	http://example.org/stkg/id/platform_T90
http://example.org/stkg/id/obs_rel_K2BlackPanther_T90_20260205T223706Z_35_d_e	http://example.org/stkg/relationType	http://example.org/stkg/id/relation_behind_of
http://example.org/stkg/id/obs_rel_K2BlackPanther_T90_20260205T223706Z_35_d_e	http://example.org/stkg/time	"2026-02-05T22:37:06Z"^^<http://www.w3.org/2001/XMLSchema#dateTime>
http://example.org/stkg/id/obs_rel_T90_K2BlackPanther_20260205T223706Z_35_e_d	http://www.w3.org/1999/02/22-rdf-syntax-ns#type	http://example.org/stkg/id/SpatialRelationObservation
http://example.org/stkg/id/obs_rel_T90_K2BlackPanther_20260205T223706Z_35_e_d	http://example.org/stkg/subjectEntity	http://example.org/stkg/id/platform_T90
http://example.org/stkg/id/obs_rel_T90_K2BlackPanther_20260205T223706Z_35_e_d	http://example.org/stkg/objectEntity	http://example.org/stkg/id/platform_K2BlackPanther
http://example.org/stkg/id/obs_rel_T90_K2BlackPanther_20260205T223706Z_35_e_d	http://example.org/stkg/relationType	http://example.org/stkg/id/relation_ahead_of
http://example.org/stkg/id/obs_rel_T90_K2BlackPanther_20260205T223706Z_35_e_d	http://example.org/stkg/time	"2026-02-05T22:37:06Z"^^<http://www.w3.org/2001/XMLSchema#dateTime>
http://example.org/stkg/id/obs_rel_BTR80_T90_20260205T223706Z_35_c_e	http://www.w3.org/1999/02/22-rdf-syntax-ns#type	http://example.org/stkg/id/SpatialRelationObservation
http://example.org/stkg/id/obs_rel_BTR80_T90_20260205T223706Z_35_c_e	http://example.org/stkg/subjectEntity	http://example.org/stkg/id/platform_BTR80
http://example.org/stkg/id/obs_rel_BTR80_T90_20260205T223706Z_35_c_e	http://example.org/stkg/objectEntity	http://example.org/stkg/id/platform_T90
http://example.org/stkg/id/obs_rel_BTR80_T90_20260205T223706Z_35_c_e	http://example.org/stkg/relationType	http://example.org/stkg/id/relation_behind_of
http://example.org/stkg/id/obs_rel_BTR80_T90_20260205T223706Z_35_c_e	http://example.org/stkg/time	"2026-02-05T22:37:06Z"^^<http://www.w3.org/2001/XMLSchema#dateTime>
http://example.org/stkg/id/obs_rel_T90_BTR80_20260205T223706Z_35_e_c	http://www.w3.org/1999/02/22-rdf-syntax-ns#type	http://example.org/stkg/id/SpatialRelationObservation
http://example.org/stkg/id/obs_rel_T90_BTR80_20260205T223706Z_35_e_c	http://example.org/stkg/subjectEntity	http://example.org/stkg/id/platform_T90
http://example.org/stkg/id/obs_rel_T90_BTR80_20260205T223706Z_35_e_c	http://example.org/stkg/objectEntity	http://example.org/stkg/id/platform_BTR80
http://example.org/stkg/id/obs_rel_T90_BTR80_20260205T223706Z_35_e_c	http://example.org/stkg/relationType	http://example.org/stkg/id/relation_ahead_of
http://example.org/stkg/id/obs_rel_T90_BTR80_20260205T223706Z_35_e_c	http://example.org/stkg/time	"2026-02-05T22:37:06Z"^^<http://www.w3.org/2001/XMLSchema#dateTime>
http://example.org/stkg/id/obs_rel_BTR80_K2BlackPanther_20260205T223707Z_36_c_d	http://www.w3.org/1999/02/22-rdf-syntax-ns#type	http://example.org/stkg/id/SpatialRelationObservation
http://example.org/stkg/id/obs_rel_BTR80_K2BlackPanther_20260205T223707Z_36_c_d	http://example.org/stkg/subjectEntity	http://example.org/stkg/id/platform_BTR80
http://example.org/stkg/id/obs_rel_BTR80_K2BlackPanther_20260205T223707Z_36_c_d	http://example.org/stkg/objectEntity	http://example.org/stkg/id/platform_K2BlackPanther
http://example.org/stkg/id/obs_rel_BTR80_K2BlackPanther_20260205T223707Z_36_c_d	http://example.org/stkg/relationType	http://example.org/stkg/id/relation_behind_of
http://example.org/stkg/id/obs_rel_BTR80_K2BlackPanther_20260205T223707Z_36_c_d	http://example.org/stkg/time	"2026-02-05T22:37:07Z"^^<http://www.w3.org/2001/XMLSchema#dateTime>
http://example.org/stkg/id/obs_rel_K2BlackPanther_BTR80_20260205T223707Z_36_d_c	http://www.w3.org/1999/02/22-rdf-syntax-ns#type	http://example.org/stkg/id/SpatialRelationObservation
http://example.org/stkg/id/obs_rel_K2BlackPanther_BTR80_20260205T223707Z_36_d_c	http://example.org/stkg/subjectEntity	http://example.org/stkg/id/platform_K2BlackPanther
http://example.org/stkg/id/obs_rel_K2BlackPanther_BTR80_20260205T223707Z_36_d_c	http://example.org/stkg/objectEntity	http://example.org/stkg/id/platform_BTR80
http://example.org/stkg/id/obs_rel_K2BlackPanther_BTR80_20260205T223707Z_36_d_c	http://example.org/stkg/relationType	http://example.org/stkg/id/relation_ahead_of
http://example.org/stkg/id/obs_rel_K2BlackPanther_BTR80_20260205T223707Z_36_d_c	http://example.org/stkg/time	"2026-02-05T22:37:07Z"^^<http://www.w3.org/2001/XMLSchema#dateTime>
http://example.org/stkg/id/obs_rel_K2BlackPanther_T90_20260205T223707Z_36_d_e	http://www.w3.org/1999/02/22-rdf-syntax-ns#type	http://example.org/stkg/id/SpatialRelationObservation
http://example.org/stkg/id/obs_rel_K2BlackPanther_T90_20260205T223707Z_36_d_e	http://example.org/stkg/subjectEntity	http://example.org/stkg/id/platform_K2BlackPanther
http://example.org/stkg/id/obs_rel_K2BlackPanther_T90_20260205T223707Z_36_d_e	http://example.org/stkg/objectEntity	http://example.org/stkg/id/platform_T90
http://example.org/stkg/id/obs_rel_K2BlackPanther_T90_20260205T223707Z_36_d_e	http://example.org/stkg/relationType	http://example.org/stkg/id/relation_behind_of
http://example.org/stkg/id/obs_rel_K2BlackPanther_T90_20260205T223707Z_36_d_e	http://example.org/stkg/time	"2026-02-05T22:37:07Z"^^<http://www.w3.org/2001/XMLSchema#dateTime>
http://example.org/stkg/id/obs_rel_T90_K2BlackPanther_20260205T223707Z_36_e_d	http://www.w3.org/1999/02/22-rdf-syntax-ns#type	http://example.org/stkg/id/SpatialRelationObservation
http://example.org/stkg/id/obs_rel_T90_K2BlackPanther_20260205T223707Z_36_e_d	http://example.org/stkg/subjectEntity	http://example.org/stkg/id/platform_T90
http://example.org/stkg/id/obs_rel_T90_K2BlackPanther_20260205T223707Z_36_e_d	http://example.org/stkg/objectEntity	http://example.org/stkg/id/platform_K2BlackPanther
http://example.org/stkg/id/obs_rel_T90_K2BlackPanther_20260205T223707Z_36_e_d	http://example.org/stkg/relationType	http://example.org/stkg/id/relation_ahead_of
http://example.org/stkg/id/obs_rel_T90_K2BlackPanther_20260205T223707Z_36_e_d	http://example.org/stkg/time	"2026-02-05T22:37:07Z"^^<http://www.w3.org/2001/XMLSchema#dateTime>
http://example.org/stkg/id/obs_rel_BTR80_T90_20260205T223707Z_36_c_e	http://www.w3.org/1999/02/22-rdf-syntax-ns#type	http://example.org/stkg/id/SpatialRelationObservation
http://example.org/stkg/id/obs_rel_BTR80_T90_20260205T223707Z_36_c_e	http://example.org/stkg/subjectEntity	http://example.org/stkg/id/platform_BTR80
http://example.org/stkg/id/obs_rel_BTR80_T90_20260205T223707Z_36_c_e	http://example.org/stkg/objectEntity	http://example.org/stkg/id/platform_T90
http://example.org/stkg/id/obs_rel_BTR80_T90_20260205T223707Z_36_c_e	http://example.org/stkg/relationType	http://example.org/stkg/id/relation_behind_of
http://example.org/stkg/id/obs_rel_BTR80_T90_20260205T223707Z_36_c_e	http://example.org/stkg/time	"2026-02-05T22:37:07Z"^^<http://www.w3.org/2001/XMLSchema#dateTime>
http://example.org/stkg/id/obs_rel_T90_BTR80_20260205T223707Z_36_e_c	http://www.w3.org/1999/02/22-rdf-syntax-ns#type	http://example.org/stkg/id/SpatialRelationObservation
http://example.org/stkg/id/obs_rel_T90_BTR80_20260205T223707Z_36_e_c	http://example.org/stkg/subjectEntity	http://example.org/stkg/id/platform_T90
http://example.org/stkg/id/obs_rel_T90_BTR80_20260205T223707Z_36_e_c	http://example.org/stkg/objectEntity	http://example.org/stkg/id/platform_BTR80
http://example.org/stkg/id/obs_rel_T90_BTR80_20260205T223707Z_36_e_c	http://example.org/stkg/relationType	http://example.org/stkg/id/relation_ahead_of
http://example.org/stkg/id/obs_rel_T90_BTR80_20260205T223707Z_36_e_c	http://example.org/stkg/time	"2026-02-05T22:37:07Z"^^<http://www.w3.org/2001/XMLSchema#dateTime>
http://example.org/stkg/id/obs_rel_BTR80_K2BlackPanther_20260205T223708Z_37_c_d	http://www.w3.org/1999/02/22-rdf-syntax-ns#type	http://example.org/stkg/id/SpatialRelationObservation
http://example.org/stkg/id/obs_rel_BTR80_K2BlackPanther_20260205T223708Z_37_c_d	http://example.org/stkg/subjectEntity	http://example.org/stkg/id/platform_BTR80
http://example.org/stkg/id/obs_rel_BTR80_K2BlackPanther_20260205T223708Z_37_c_d	http://example.org/stkg/objectEntity	http://example.org/stkg/id/platform_K2BlackPanther
http://example.org/stkg/id/obs_rel_BTR80_K2BlackPanther_20260205T223708Z_37_c_d	http://example.org/stkg/relationType	http://example.org/stkg/id/relation_behind_of
http://example.org/stkg/id/obs_rel_BTR80_K2BlackPanther_20260205T223708Z_37_c_d	http://example.org/stkg/time	"2026-02-05T22:37:08Z"^^<http://www.w3.org/2001/XMLSchema#dateTime>
http://example.org/stkg/id/obs_rel_K2BlackPanther_BTR80_20260205T223708Z_37_d_c	http://www.w3.org/1999/02/22-rdf-syntax-ns#type	http://example.org/stkg/id/SpatialRelationObservation
http://example.org/stkg/id/obs_rel_K2BlackPanther_BTR80_20260205T223708Z_37_d_c	http://example.org/stkg/subjectEntity	http://example.org/stkg/id/platform_K2BlackPanther
http://example.org/stkg/id/obs_rel_K2BlackPanther_BTR80_20260205T223708Z_37_d_c	http://example.org/stkg/objectEntity	http://example.org/stkg/id/platform_BTR80
http://example.org/stkg/id/obs_rel_K2BlackPanther_BTR80_20260205T223708Z_37_d_c	http://example.org/stkg/relationType	http://example.org/stkg/id/relation_ahead_of
http://example.org/stkg/id/obs_rel_K2BlackPanther_BTR80_20260205T223708Z_37_d_c	http://example.org/stkg/time	"2026-02-05T22:37:08Z"^^<http://www.w3.org/2001/XMLSchema#dateTime>
http://example.org/stkg/id/obs_rel_K2BlackPanther_T90_20260205T223708Z_37_d_e	http://www.w3.org/1999/02/22-rdf-syntax-ns#type	http://example.org/stkg/id/SpatialRelationObservation
http://example.org/stkg/id/obs_rel_K2BlackPanther_T90_20260205T223708Z_37_d_e	http://example.org/stkg/subjectEntity	http://example.org/stkg/id/platform_K2BlackPanther
http://example.org/stkg/id/obs_rel_K2BlackPanther_T90_20260205T223708Z_37_d_e	http://example.org/stkg/objectEntity	http://example.org/stkg/id/platform_T90
http://example.org/stkg/id/obs_rel_K2BlackPanther_T90_20260205T223708Z_37_d_e	http://example.org/stkg/relationType	http://example.org/stkg/id/relation_behind_of
http://example.org/stkg/id/obs_rel_K2BlackPanther_T90_20260205T223708Z_37_d_e	http://example.org/stkg/time	"2026-02-05T22:37:08Z"^^<http://www.w3.org/2001/XMLSchema#dateTime>
http://example.org/stkg/id/obs_rel_T90_K2BlackPanther_20260205T223708Z_37_e_d	http://www.w3.org/1999/02/22-rdf-syntax-ns#type	http://example.org/stkg/id/SpatialRelationObservation
http://example.org/stkg/id/obs_rel_T90_K2BlackPanther_20260205T223708Z_37_e_d	http://example.org/stkg/subjectEntity	http://example.org/stkg/id/platform_T90
http://example.org/stkg/id/obs_rel_T90_K2BlackPanther_20260205T223708Z_37_e_d	http://example.org/stkg/objectEntity	http://example.org/stkg/id/platform_K2BlackPanther
http://example.org/stkg/id/obs_rel_T90_K2BlackPanther_20260205T223708Z_37_e_d	http://example.org/stkg/relationType	http://example.org/stkg/id/relation_ahead_of
http://example.org/stkg/id/obs_rel_T90_K2BlackPanther_20260205T223708Z_37_e_d	http://example.org/stkg/time	"2026-02-05T22:37:08Z"^^<http://www.w3.org/2001/XMLSchema#dateTime>
http://example.org/stkg/id/obs_rel_BTR80_T90_20260205T223708Z_37_c_e	http://www.w3.org/1999/02/22-rdf-syntax-ns#type	http://example.org/stkg/id/SpatialRelationObservation
http://example.org/stkg/id/obs_rel_BTR80_T90_20260205T223708Z_37_c_e	http://example.org/stkg/subjectEntity	http://example.org/stkg/id/platform_BTR80
http://example.org/stkg/id/obs_rel_BTR80_T90_20260205T223708Z_37_c_e	http://example.org/stkg/objectEntity	http://example.org/stkg/id/platform_T90
http://example.org/stkg/id/obs_rel_BTR80_T90_20260205T223708Z_37_c_e	http://example.org/stkg/relationType	http://example.org/stkg/id/relation_behind_of
http://example.org/stkg/id/obs_rel_BTR80_T90_20260205T223708Z_37_c_e	http://example.org/stkg/time	"2026-02-05T22:37:08Z"^^<http://www.w3.org/2001/XMLSchema#dateTime>
http://example.org/stkg/id/obs_rel_T90_BTR80_20260205T223708Z_37_e_c	http://www.w3.org/1999/02/22-rdf-syntax-ns#type	http://example.org/stkg/id/SpatialRelationObservation
http://example.org/stkg/id/obs_rel_T90_BTR80_20260205T223708Z_37_e_c	http://example.org/stkg/subjectEntity	http://example.org/stkg/id/platform_T90
http://example.org/stkg/id/obs_rel_T90_BTR80_20260205T223708Z_37_e_c	http://example.org/stkg/objectEntity	http://example.org/stkg/id/platform_BTR80
http://example.org/stkg/id/obs_rel_T90_BTR80_20260205T223708Z_37_e_c	http://example.org/stkg/relationType	http://example.org/stkg/id/relation_ahead_of
http://example.org/stkg/id/obs_rel_T90_BTR80_20260205T223708Z_37_e_c	http://example.org/stkg/time	"2026-02-05T22:37:08Z"^^<http://www.w3.org/2001/XMLSchema#dateTime>
http://example.org/stkg/id/obs_rel_BTR80_K2BlackPanther_20260205T223709Z_38_c_d	http://www.w3.org/1999/02/22-rdf-syntax-ns#type	http://example.org/stkg/id/SpatialRelationObservation
http://example.org/stkg/id/obs_rel_BTR80_K2BlackPanther_20260205T223709Z_38_c_d	http://example.org/stkg/subjectEntity	http://example.org/stkg/id/platform_BTR80
http://example.org/stkg/id/obs_rel_BTR80_K2BlackPanther_20260205T223709Z_38_c_d	http://example.org/stkg/objectEntity	http://example.org/stkg/id/platform_K2BlackPanther
http://example.org/stkg/id/obs_rel_BTR80_K2BlackPanther_20260205T223709Z_38_c_d	http://example.org/stkg/relationType	http://example.org/stkg/id/relation_behind_of
http://example.org/stkg/id/obs_rel_BTR80_K2BlackPanther_20260205T223709Z_38_c_d	http://example.org/stkg/time	"2026-02-05T22:37:09Z"^^<http://www.w3.org/2001/XMLSchema#dateTime>
http://example.org/stkg/id/obs_rel_K2BlackPanther_BTR80_20260205T223709Z_38_d_c	http://www.w3.org/1999/02/22-rdf-syntax-ns#type	http://example.org/stkg/id/SpatialRelationObservation
http://example.org/stkg/id/obs_rel_K2BlackPanther_BTR80_20260205T223709Z_38_d_c	http://example.org/stkg/subjectEntity	http://example.org/stkg/id/platform_K2BlackPanther
http://example.org/stkg/id/obs_rel_K2BlackPanther_BTR80_20260205T223709Z_38_d_c	http://example.org/stkg/objectEntity	http://example.org/stkg/id/platform_BTR80
http://example.org/stkg/id/obs_rel_K2BlackPanther_BTR80_20260205T223709Z_38_d_c	http://example.org/stkg/relationType	http://example.org/stkg/id/relation_ahead_of
http://example.org/stkg/id/obs_rel_K2BlackPanther_BTR80_20260205T223709Z_38_d_c	http://example.org/stkg/time	"2026-02-05T22:37:09Z"^^<http://www.w3.org/2001/XMLSchema#dateTime>
http://example.org/stkg/id/obs_rel_K2BlackPanther_T90_20260205T223709Z_38_d_e	http://www.w3.org/1999/02/22-rdf-syntax-ns#type	http://example.org/stkg/id/SpatialRelationObservation
http://example.org/stkg/id/obs_rel_K2BlackPanther_T90_20260205T223709Z_38_d_e	http://example.org/stkg/subjectEntity	http://example.org/stkg/id/platform_K2BlackPanther
http://example.org/stkg/id/obs_rel_K2BlackPanther_T90_20260205T223709Z_38_d_e	http://example.org/stkg/objectEntity	http://example.org/stkg/id/platform_T90
http://example.org/stkg/id/obs_rel_K2BlackPanther_T90_20260205T223709Z_38_d_e	http://example.org/stkg/relationType	http://example.org/stkg/id/relation_behind_of
http://example.org/stkg/id/obs_rel_K2BlackPanther_T90_20260205T223709Z_38_d_e	http://example.org/stkg/time	"2026-02-05T22:37:09Z"^^<http://www.w3.org/2001/XMLSchema#dateTime>
http://example.org/stkg/id/obs_rel_T90_K2BlackPanther_20260205T223709Z_38_e_d	http://www.w3.org/1999/02/22-rdf-syntax-ns#type	http://example.org/stkg/id/SpatialRelationObservation
http://example.org/stkg/id/obs_rel_T90_K2BlackPanther_20260205T223709Z_38_e_d	http://example.org/stkg/subjectEntity	http://example.org/stkg/id/platform_T90
http://example.org/stkg/id/obs_rel_T90_K2BlackPanther_20260205T223709Z_38_e_d	http://example.org/stkg/objectEntity	http://example.org/stkg/id/platform_K2BlackPanther
http://example.org/stkg/id/obs_rel_T90_K2BlackPanther_20260205T223709Z_38_e_d	http://example.org/stkg/relationType	http://example.org/stkg/id/relation_ahead_of
http://example.org/stkg/id/obs_rel_T90_K2BlackPanther_20260205T223709Z_38_e_d	http://example.org/stkg/time	"2026-02-05T22:37:09Z"^^<http://www.w3.org/2001/XMLSchema#dateTime>
http://example.org/stkg/id/obs_rel_BTR80_T90_20260205T223709Z_38_c_e	http://www.w3.org/1999/02/22-rdf-syntax-ns#type	http://example.org/stkg/id/SpatialRelationObservation
http://example.org/stkg/id/obs_rel_BTR80_T90_20260205T223709Z_38_c_e	http://example.org/stkg/subjectEntity	http://example.org/stkg/id/platform_BTR80
http://example.org/stkg/id/obs_rel_BTR80_T90_20260205T223709Z_38_c_e	http://example.org/stkg/objectEntity	http://example.org/stkg/id/platform_T90
http://example.org/stkg/id/obs_rel_BTR80_T90_20260205T223709Z_38_c_e	http://example.org/stkg/relationType	http://example.org/stkg/id/relation_behind_of
http://example.org/stkg/id/obs_rel_BTR80_T90_20260205T223709Z_38_c_e	http://example.org/stkg/time	"2026-02-05T22:37:09Z"^^<http://www.w3.org/2001/XMLSchema#dateTime>
http://example.org/stkg/id/obs_rel_T90_BTR80_20260205T223709Z_38_e_c	http://www.w3.org/1999/02/22-rdf-syntax-ns#type	http://example.org/stkg/id/SpatialRelationObservation
http://example.org/stkg/id/obs_rel_T90_BTR80_20260205T223709Z_38_e_c	http://example.org/stkg/subjectEntity	http://example.org/stkg/id/platform_T90
http://example.org/stkg/id/obs_rel_T90_BTR80_20260205T223709Z_38_e_c	http://example.org/stkg/objectEntity	http://example.org/stkg/id/platform_BTR80
http://example.org/stkg/id/obs_rel_T90_BTR80_20260205T223709Z_38_e_c	http://example.org/stkg/relationType	http://example.org/stkg/id/relation_ahead_of
http://example.org/stkg/id/obs_rel_T90_BTR80_20260205T223709Z_38_e_c	http://example.org/stkg/time	"2026-02-05T22:37:09Z"^^<http://www.w3.org/2001/XMLSchema#dateTime>
http://example.org/stkg/id/obs_rel_BTR80_K2BlackPanther_20260205T223710Z_39_c_d	http://www.w3.org/1999/02/22-rdf-syntax-ns#type	http://example.org/stkg/id/SpatialRelationObservation
http://example.org/stkg/id/obs_rel_BTR80_K2BlackPanther_20260205T223710Z_39_c_d	http://example.org/stkg/subjectEntity	http://example.org/stkg/id/platform_BTR80
http://example.org/stkg/id/obs_rel_BTR80_K2BlackPanther_20260205T223710Z_39_c_d	http://example.org/stkg/objectEntity	http://example.org/stkg/id/platform_K2BlackPanther
http://example.org/stkg/id/obs_rel_BTR80_K2BlackPanther_20260205T223710Z_39_c_d	http://example.org/stkg/relationType	http://example.org/stkg/id/relation_behind_of
http://example.org/stkg/id/obs_rel_BTR80_K2BlackPanther_20260205T223710Z_39_c_d	http://example.org/stkg/time	"2026-02-05T22:37:10Z"^^<http://www.w3.org/2001/XMLSchema#dateTime>
http://example.org/stkg/id/obs_rel_K2BlackPanther_BTR80_20260205T223710Z_39_d_c	http://www.w3.org/1999/02/22-rdf-syntax-ns#type	http://example.org/stkg/id/SpatialRelationObservation
http://example.org/stkg/id/obs_rel_K2BlackPanther_BTR80_20260205T223710Z_39_d_c	http://example.org/stkg/subjectEntity	http://example.org/stkg/id/platform_K2BlackPanther
http://example.org/stkg/id/obs_rel_K2BlackPanther_BTR80_20260205T223710Z_39_d_c	http://example.org/stkg/objectEntity	http://example.org/stkg/id/platform_BTR80
http://example.org/stkg/id/obs_rel_K2BlackPanther_BTR80_20260205T223710Z_39_d_c	http://example.org/stkg/relationType	http://example.org/stkg/id/relation_ahead_of
http://example.org/stkg/id/obs_rel_K2BlackPanther_BTR80_20260205T223710Z_39_d_c	http://example.org/stkg/time	"2026-02-05T22:37:10Z"^^<http://www.w3.org/2001/XMLSchema#dateTime>
http://example.org/stkg/id/obs_rel_K2BlackPanther_T90_20260205T223710Z_39_d_e	http://www.w3.org/1999/02/22-rdf-syntax-ns#type	http://example.org/stkg/id/SpatialRelationObservation
http://example.org/stkg/id/obs_rel_K2BlackPanther_T90_20260205T223710Z_39_d_e	http://example.org/stkg/subjectEntity	http://example.org/stkg/id/platform_K2BlackPanther
http://example.org/stkg/id/obs_rel_K2BlackPanther_T90_20260205T223710Z_39_d_e	http://example.org/stkg/objectEntity	http://example.org/stkg/id/platform_T90
http://example.org/stkg/id/obs_rel_K2BlackPanther_T90_20260205T223710Z_39_d_e	http://example.org/stkg/relationType	http://example.org/stkg/id/relation_behind_of
http://example.org/stkg/id/obs_rel_K2BlackPanther_T90_20260205T223710Z_39_d_e	http://example.org/stkg/time	"2026-02-05T22:37:10Z"^^<http://www.w3.org/2001/XMLSchema#dateTime>
http://example.org/stkg/id/obs_rel_T90_K2BlackPanther_20260205T223710Z_39_e_d	http://www.w3.org/1999/02/22-rdf-syntax-ns#type	http://example.org/stkg/id/SpatialRelationObservation
http://example.org/stkg/id/obs_rel_T90_K2BlackPanther_20260205T223710Z_39_e_d	http://example.org/stkg/subjectEntity	http://example.org/stkg/id/platform_T90
http://example.org/stkg/id/obs_rel_T90_K2BlackPanther_20260205T223710Z_39_e_d	http://example.org/stkg/objectEntity	http://example.org/stkg/id/platform_K2BlackPanther
http://example.org/stkg/id/obs_rel_T90_K2BlackPanther_20260205T223710Z_39_e_d	http://example.org/stkg/relationType	http://example.org/stkg/id/relation_ahead_of
http://example.org/stkg/id/obs_rel_T90_K2BlackPanther_20260205T223710Z_39_e_d	http://example.org/stkg/time	"2026-02-05T22:37:10Z"^^<http://www.w3.org/2001/XMLSchema#dateTime>
http://example.org/stkg/id/obs_rel_BTR80_T90_20260205T223710Z_39_c_e	http://www.w3.org/1999/02/22-rdf-syntax-ns#type	http://example.org/stkg/id/SpatialRelationObservation
http://example.org/stkg/id/obs_rel_BTR80_T90_20260205T223710Z_39_c_e	http://example.org/stkg/subjectEntity	http://example.org/stkg/id/platform_BTR80
http://example.org/stkg/id/obs_rel_BTR80_T90_20260205T223710Z_39_c_e	http://example.org/stkg/objectEntity	http://example.org/stkg/id/platform_T90
http://example.org/stkg/id/obs_rel_BTR80_T90_20260205T223710Z_39_c_e	http://example.org/stkg/relationType	http://example.org/stkg/id/relation_behind_of
http://example.org/stkg/id/obs_rel_BTR80_T90_20260205T223710Z_39_c_e	http://example.org/stkg/time	"2026-02-05T22:37:10Z"^^<http://www.w3.org/2001/XMLSchema#dateTime>
http://example.org/stkg/id/obs_rel_T90_BTR80_20260205T223710Z_39_e_c	http://www.w3.org/1999/02/22-rdf-syntax-ns#type	http://example.org/stkg/id/SpatialRelationObservation
http://example.org/stkg/id/obs_rel_T90_BTR80_20260205T223710Z_39_e_c	http://example.org/stkg/subjectEntity	http://example.org/stkg/id/platform_T90
http://example.org/stkg/id/obs_rel_T90_BTR80_20260205T223710Z_39_e_c	http://example.org/stkg/objectEntity	http://example.org/stkg/id/platform_BTR80
http://example.org/stkg/id/obs_rel_T90_BTR80_20260205T223710Z_39_e_c	http://example.org/stkg/relationType	http://example.org/stkg/id/relation_ahead_of
http://example.org/stkg/id/obs_rel_T90_BTR80_20260205T223710Z_39_e_c	http://example.org/stkg/time	"2026-02-05T22:37:10Z"^^<http://www.w3.org/2001/XMLSchema#dateTime>
http://example.org/stkg/id/obs_rel_BTR80_K2BlackPanther_20260205T223711Z_40_c_d	http://www.w3.org/1999/02/22-rdf-syntax-ns#type	http://example.org/stkg/id/SpatialRelationObservation
http://example.org/stkg/id/obs_rel_BTR80_K2BlackPanther_20260205T223711Z_40_c_d	http://example.org/stkg/subjectEntity	http://example.org/stkg/id/platform_BTR80
http://example.org/stkg/id/obs_rel_BTR80_K2BlackPanther_20260205T223711Z_40_c_d	http://example.org/stkg/objectEntity	http://example.org/stkg/id/platform_K2BlackPanther
http://example.org/stkg/id/obs_rel_BTR80_K2BlackPanther_20260205T223711Z_40_c_d	http://example.org/stkg/relationType	http://example.org/stkg/id/relation_behind_of
http://example.org/stkg/id/obs_rel_BTR80_K2BlackPanther_20260205T223711Z_40_c_d	http://example.org/stkg/time	"2026-02-05T22:37:11Z"^^<http://www.w3.org/2001/XMLSchema#dateTime>
http://example.org/stkg/id/obs_rel_K2BlackPanther_BTR80_20260205T223711Z_40_d_c	http://www.w3.org/1999/02/22-rdf-syntax-ns#type	http://example.org/stkg/id/SpatialRelationObservation
http://example.org/stkg/id/obs_rel_K2BlackPanther_BTR80_20260205T223711Z_40_d_c	http://example.org/stkg/subjectEntity	http://example.org/stkg/id/platform_K2BlackPanther
http://example.org/stkg/id/obs_rel_K2BlackPanther_BTR80_20260205T223711Z_40_d_c	http://example.org/stkg/objectEntity	http://example.org/stkg/id/platform_BTR80
http://example.org/stkg/id/obs_rel_K2BlackPanther_BTR80_20260205T223711Z_40_d_c	http://example.org/stkg/relationType	http://example.org/stkg/id/relation_ahead_of
http://example.org/stkg/id/obs_rel_K2BlackPanther_BTR80_20260205T223711Z_40_d_c	http://example.org/stkg/time	"2026-02-05T22:37:11Z"^^<http://www.w3.org/2001/XMLSchema#dateTime>
http://example.org/stkg/id/obs_rel_K2BlackPanther_T90_20260205T223711Z_40_d_e	http://www.w3.org/1999/02/22-rdf-syntax-ns#type	http://example.org/stkg/id/SpatialRelationObservation
http://example.org/stkg/id/obs_rel_K2BlackPanther_T90_20260205T223711Z_40_d_e	http://example.org/stkg/subjectEntity	http://example.org/stkg/id/platform_K2BlackPanther
http://example.org/stkg/id/obs_rel_K2BlackPanther_T90_20260205T223711Z_40_d_e	http://example.org/stkg/objectEntity	http://example.org/stkg/id/platform_T90
http://example.org/stkg/id/obs_rel_K2BlackPanther_T90_20260205T223711Z_40_d_e	http://example.org/stkg/relationType	http://example.org/stkg/id/relation_behind_of
http://example.org/stkg/id/obs_rel_K2BlackPanther_T90_20260205T223711Z_40_d_e	http://example.org/stkg/time	"2026-02-05T22:37:11Z"^^<http://www.w3.org/2001/XMLSchema#dateTime>
http://example.org/stkg/id/obs_rel_T90_K2BlackPanther_20260205T223711Z_40_e_d	http://www.w3.org/1999/02/22-rdf-syntax-ns#type	http://example.org/stkg/id/SpatialRelationObservation
http://example.org/stkg/id/obs_rel_T90_K2BlackPanther_20260205T223711Z_40_e_d	http://example.org/stkg/subjectEntity	http://example.org/stkg/id/platform_T90
http://example.org/stkg/id/obs_rel_T90_K2BlackPanther_20260205T223711Z_40_e_d	http://example.org/stkg/objectEntity	http://example.org/stkg/id/platform_K2BlackPanther
http://example.org/stkg/id/obs_rel_T90_K2BlackPanther_20260205T223711Z_40_e_d	http://example.org/stkg/relationType	http://example.org/stkg/id/relation_ahead_of
http://example.org/stkg/id/obs_rel_T90_K2BlackPanther_20260205T223711Z_40_e_d	http://example.org/stkg/time	"2026-02-05T22:37:11Z"^^<http://www.w3.org/2001/XMLSchema#dateTime>
http://example.org/stkg/id/obs_rel_BTR80_T90_20260205T223711Z_40_c_e	http://www.w3.org/1999/02/22-rdf-syntax-ns#type	http://example.org/stkg/id/SpatialRelationObservation
http://example.org/stkg/id/obs_rel_BTR80_T90_20260205T223711Z_40_c_e	http://example.org/stkg/subjectEntity	http://example.org/stkg/id/platform_BTR80
http://example.org/stkg/id/obs_rel_BTR80_T90_20260205T223711Z_40_c_e	http://example.org/stkg/objectEntity	http://example.org/stkg/id/platform_T90
http://example.org/stkg/id/obs_rel_BTR80_T90_20260205T223711Z_40_c_e	http://example.org/stkg/relationType	http://example.org/stkg/id/relation_behind_of
http://example.org/stkg/id/obs_rel_BTR80_T90_20260205T223711Z_40_c_e	http://example.org/stkg/time	"2026-02-05T22:37:11Z"^^<http://www.w3.org/2001/XMLSchema#dateTime>
http://example.org/stkg/id/obs_rel_T90_BTR80_20260205T223711Z_40_e_c	http://www.w3.org/1999/02/22-rdf-syntax-ns#type	http://example.org/stkg/id/SpatialRelationObservation
http://example.org/stkg/id/obs_rel_T90_BTR80_20260205T223711Z_40_e_c	http://example.org/stkg/subjectEntity	http://example.org/stkg/id/platform_T90
http://example.org/stkg/id/obs_rel_T90_BTR80_20260205T223711Z_40_e_c	http://example.org/stkg/objectEntity	http://example.org/stkg/id/platform_BTR80
http://example.org/stkg/id/obs_rel_T90_BTR80_20260205T223711Z_40_e_c	http://example.org/stkg/relationType	http://example.org/stkg/id/relation_ahead_of
http://example.org/stkg/id/obs_rel_T90_BTR80_20260205T223711Z_40_e_c	http://example.org/stkg/time	"2026-02-05T22:37:11Z"^^<http://www.w3.org/2001/XMLSchema#dateTime>
http://example.org/stkg/id/obs_rel_BTR80_K2BlackPanther_20260205T223712Z_41_c_d	http://www.w3.org/1999/02/22-rdf-syntax-ns#type	http://example.org/stkg/id/SpatialRelationObservation
http://example.org/stkg/id/obs_rel_BTR80_K2BlackPanther_20260205T223712Z_41_c_d	http://example.org/stkg/subjectEntity	http://example.org/stkg/id/platform_BTR80
http://example.org/stkg/id/obs_rel_BTR80_K2BlackPanther_20260205T223712Z_41_c_d	http://example.org/stkg/objectEntity	http://example.org/stkg/id/platform_K2BlackPanther
http://example.org/stkg/id/obs_rel_BTR80_K2BlackPanther_20260205T223712Z_41_c_d	http://example.org/stkg/relationType	http://example.org/stkg/id/relation_behind_of
http://example.org/stkg/id/obs_rel_BTR80_K2BlackPanther_20260205T223712Z_41_c_d	http://example.org/stkg/time	"2026-02-05T22:37:12Z"^^<http://www.w3.org/2001/XMLSchema#dateTime>
http://example.org/stkg/id/obs_rel_K2BlackPanther_BTR80_20260205T223712Z_41_d_c	http://www.w3.org/1999/02/22-rdf-syntax-ns#type	http://example.org/stkg/id/SpatialRelationObservation
http://example.org/stkg/id/obs_rel_K2BlackPanther_BTR80_20260205T223712Z_41_d_c	http://example.org/stkg/subjectEntity	http://example.org/stkg/id/platform_K2BlackPanther
http://example.org/stkg/id/obs_rel_K2BlackPanther_BTR80_20260205T223712Z_41_d_c	http://example.org/stkg/objectEntity	http://example.org/stkg/id/platform_BTR80
http://example.org/stkg/id/obs_rel_K2BlackPanther_BTR80_20260205T223712Z_41_d_c	http://example.org/stkg/relationType	http://example.org/stkg/id/relation_ahead_of
http://example.org/stkg/id/obs_rel_K2BlackPanther_BTR80_20260205T223712Z_41_d_c	http://example.org/stkg/time	"2026-02-05T22:37:12Z"^^<http://www.w3.org/2001/XMLSchema#dateTime>
http://example.org/stkg/id/obs_rel_K2BlackPanther_T90_20260205T223712Z_41_d_e	http://www.w3.org/1999/02/22-rdf-syntax-ns#type	http://example.org/stkg/id/SpatialRelationObservation
http://example.org/stkg/id/obs_rel_K2BlackPanther_T90_20260205T223712Z_41_d_e	http://example.org/stkg/subjectEntity	http://example.org/stkg/id/platform_K2BlackPanther
http://example.org/stkg/id/obs_rel_K2BlackPanther_T90_20260205T223712Z_41_d_e	http://example.org/stkg/objectEntity	http://example.org/stkg/id/platform_T90
http://example.org/stkg/id/obs_rel_K2BlackPanther_T90_20260205T223712Z_41_d_e	http://example.org/stkg/relationType	http://example.org/stkg/id/relation_behind_of
http://example.org/stkg/id/obs_rel_K2BlackPanther_T90_20260205T223712Z_41_d_e	http://example.org/stkg/time	"2026-02-05T22:37:12Z"^^<http://www.w3.org/2001/XMLSchema#dateTime>
http://example.org/stkg/id/obs_rel_T90_K2BlackPanther_20260205T223712Z_41_e_d	http://www.w3.org/1999/02/22-rdf-syntax-ns#type	http://example.org/stkg/id/SpatialRelationObservation
http://example.org/stkg/id/obs_rel_T90_K2BlackPanther_20260205T223712Z_41_e_d	http://example.org/stkg/subjectEntity	http://example.org/stkg/id/platform_T90
http://example.org/stkg/id/obs_rel_T90_K2BlackPanther_20260205T223712Z_41_e_d	http://example.org/stkg/objectEntity	http://example.org/stkg/id/platform_K2BlackPanther
http://example.org/stkg/id/obs_rel_T90_K2BlackPanther_20260205T223712Z_41_e_d	http://example.org/stkg/relationType	http://example.org/stkg/id/relation_ahead_of
http://example.org/stkg/id/obs_rel_T90_K2BlackPanther_20260205T223712Z_41_e_d	http://example.org/stkg/time	"2026-02-05T22:37:12Z"^^<http://www.w3.org/2001/XMLSchema#dateTime>
http://example.org/stkg/id/obs_rel_BTR80_T90_20260205T223712Z_41_c_e	http://www.w3.org/1999/02/22-rdf-syntax-ns#type	http://example.org/stkg/id/SpatialRelationObservation
http://example.org/stkg/id/obs_rel_BTR80_T90_20260205T223712Z_41_c_e	http://example.org/stkg/subjectEntity	http://example.org/stkg/id/platform_BTR80
http://example.org/stkg/id/obs_rel_BTR80_T90_20260205T223712Z_41_c_e	http://example.org/stkg/objectEntity	http://example.org/stkg/id/platform_T90
http://example.org/stkg/id/obs_rel_BTR80_T90_20260205T223712Z_41_c_e	http://example.org/stkg/relationType	http://example.org/stkg/id/relation_behind_of
http://example.org/stkg/id/obs_rel_BTR80_T90_20260205T223712Z_41_c_e	http://example.org/stkg/time	"2026-02-05T22:37:12Z"^^<http://www.w3.org/2001/XMLSchema#dateTime>
http://example.org/stkg/id/obs_rel_T90_BTR80_20260205T223712Z_41_e_c	http://www.w3.org/1999/02/22-rdf-syntax-ns#type	http://example.org/stkg/id/SpatialRelationObservation
http://example.org/stkg/id/obs_rel_T90_BTR80_20260205T223712Z_41_e_c	http://example.org/stkg/subjectEntity	http://example.org/stkg/id/platform_T90
http://example.org/stkg/id/obs_rel_T90_BTR80_20260205T223712Z_41_e_c	http://example.org/stkg/objectEntity	http://example.org/stkg/id/platform_BTR80
http://example.org/stkg/id/obs_rel_T90_BTR80_20260205T223712Z_41_e_c	http://example.org/stkg/relationType	http://example.org/stkg/id/relation_ahead_of
http://example.org/stkg/id/obs_rel_T90_BTR80_20260205T223712Z_41_e_c	http://example.org/stkg/time	"2026-02-05T22:37:12Z"^^<http://www.w3.org/2001/XMLSchema#dateTime>
http://example.org/stkg/id/obs_rel_BTR80_K2BlackPanther_20260205T223713Z_42_c_d	http://www.w3.org/1999/02/22-rdf-syntax-ns#type	http://example.org/stkg/id/SpatialRelationObservation
http://example.org/stkg/id/obs_rel_BTR80_K2BlackPanther_20260205T223713Z_42_c_d	http://example.org/stkg/subjectEntity	http://example.org/stkg/id/platform_BTR80
http://example.org/stkg/id/obs_rel_BTR80_K2BlackPanther_20260205T223713Z_42_c_d	http://example.org/stkg/objectEntity	http://example.org/stkg/id/platform_K2BlackPanther
http://example.org/stkg/id/obs_rel_BTR80_K2BlackPanther_20260205T223713Z_42_c_d	http://example.org/stkg/relationType	http://example.org/stkg/id/relation_behind_of
http://example.org/stkg/id/obs_rel_BTR80_K2BlackPanther_20260205T223713Z_42_c_d	http://example.org/stkg/time	"2026-02-05T22:37:13Z"^^<http://www.w3.org/2001/XMLSchema#dateTime>
http://example.org/stkg/id/obs_rel_K2BlackPanther_BTR80_20260205T223713Z_42_d_c	http://www.w3.org/1999/02/22-rdf-syntax-ns#type	http://example.org/stkg/id/SpatialRelationObservation
http://example.org/stkg/id/obs_rel_K2BlackPanther_BTR80_20260205T223713Z_42_d_c	http://example.org/stkg/subjectEntity	http://example.org/stkg/id/platform_K2BlackPanther
http://example.org/stkg/id/obs_rel_K2BlackPanther_BTR80_20260205T223713Z_42_d_c	http://example.org/stkg/objectEntity	http://example.org/stkg/id/platform_BTR80
http://example.org/stkg/id/obs_rel_K2BlackPanther_BTR80_20260205T223713Z_42_d_c	http://example.org/stkg/relationType	http://example.org/stkg/id/relation_ahead_of
http://example.org/stkg/id/obs_rel_K2BlackPanther_BTR80_20260205T223713Z_42_d_c	http://example.org/stkg/time	"2026-02-05T22:37:13Z"^^<http://www.w3.org/2001/XMLSchema#dateTime>
http://example.org/stkg/id/obs_rel_K2BlackPanther_T90_20260205T223713Z_42_d_e	http://www.w3.org/1999/02/22-rdf-syntax-ns#type	http://example.org/stkg/id/SpatialRelationObservation
http://example.org/stkg/id/obs_rel_K2BlackPanther_T90_20260205T223713Z_42_d_e	http://example.org/stkg/subjectEntity	http://example.org/stkg/id/platform_K2BlackPanther
http://example.org/stkg/id/obs_rel_K2BlackPanther_T90_20260205T223713Z_42_d_e	http://example.org/stkg/objectEntity	http://example.org/stkg/id/platform_T90
http://example.org/stkg/id/obs_rel_K2BlackPanther_T90_20260205T223713Z_42_d_e	http://example.org/stkg/relationType	http://example.org/stkg/id/relation_behind_of
http://example.org/stkg/id/obs_rel_K2BlackPanther_T90_20260205T223713Z_42_d_e	http://example.org/stkg/time	"2026-02-05T22:37:13Z"^^<http://www.w3.org/2001/XMLSchema#dateTime>
http://example.org/stkg/id/obs_rel_T90_K2BlackPanther_20260205T223713Z_42_e_d	http://www.w3.org/1999/02/22-rdf-syntax-ns#type	http://example.org/stkg/id/SpatialRelationObservation
http://example.org/stkg/id/obs_rel_T90_K2BlackPanther_20260205T223713Z_42_e_d	http://example.org/stkg/subjectEntity	http://example.org/stkg/id/platform_T90
http://example.org/stkg/id/obs_rel_T90_K2BlackPanther_20260205T223713Z_42_e_d	http://example.org/stkg/objectEntity	http://example.org/stkg/id/platform_K2BlackPanther
http://example.org/stkg/id/obs_rel_T90_K2BlackPanther_20260205T223713Z_42_e_d	http://example.org/stkg/relationType	http://example.org/stkg/id/relation_ahead_of
http://example.org/stkg/id/obs_rel_T90_K2BlackPanther_20260205T223713Z_42_e_d	http://example.org/stkg/time	"2026-02-05T22:37:13Z"^^<http://www.w3.org/2001/XMLSchema#dateTime>
http://example.org/stkg/id/obs_rel_BTR80_T90_20260205T223713Z_42_c_e	http://www.w3.org/1999/02/22-rdf-syntax-ns#type	http://example.org/stkg/id/SpatialRelationObservation
http://example.org/stkg/id/obs_rel_BTR80_T90_20260205T223713Z_42_c_e	http://example.org/stkg/subjectEntity	http://example.org/stkg/id/platform_BTR80
http://example.org/stkg/id/obs_rel_BTR80_T90_20260205T223713Z_42_c_e	http://example.org/stkg/objectEntity	http://example.org/stkg/id/platform_T90
http://example.org/stkg/id/obs_rel_BTR80_T90_20260205T223713Z_42_c_e	http://example.org/stkg/relationType	http://example.org/stkg/id/relation_behind_of
http://example.org/stkg/id/obs_rel_BTR80_T90_20260205T223713Z_42_c_e	http://example.org/stkg/time	"2026-02-05T22:37:13Z"^^<http://www.w3.org/2001/XMLSchema#dateTime>
http://example.org/stkg/id/obs_rel_T90_BTR80_20260205T223713Z_42_e_c	http://www.w3.org/1999/02/22-rdf-syntax-ns#type	http://example.org/stkg/id/SpatialRelationObservation
http://example.org/stkg/id/obs_rel_T90_BTR80_20260205T223713Z_42_e_c	http://example.org/stkg/subjectEntity	http://example.org/stkg/id/platform_T90
http://example.org/stkg/id/obs_rel_T90_BTR80_20260205T223713Z_42_e_c	http://example.org/stkg/objectEntity	http://example.org/stkg/id/platform_BTR80
http://example.org/stkg/id/obs_rel_T90_BTR80_20260205T223713Z_42_e_c	http://example.org/stkg/relationType	http://example.org/stkg/id/relation_ahead_of
http://example.org/stkg/id/obs_rel_T90_BTR80_20260205T223713Z_42_e_c	http://example.org/stkg/time	"2026-02-05T22:37:13Z"^^<http://www.w3.org/2001/XMLSchema#dateTime>
http://example.org/stkg/id/obs_rel_BTR80_K2BlackPanther_20260205T223714Z_43_c_d	http://www.w3.org/1999/02/22-rdf-syntax-ns#type	http://example.org/stkg/id/SpatialRelationObservation
http://example.org/stkg/id/obs_rel_BTR80_K2BlackPanther_20260205T223714Z_43_c_d	http://example.org/stkg/subjectEntity	http://example.org/stkg/id/platform_BTR80
http://example.org/stkg/id/obs_rel_BTR80_K2BlackPanther_20260205T223714Z_43_c_d	http://example.org/stkg/objectEntity	http://example.org/stkg/id/platform_K2BlackPanther
http://example.org/stkg/id/obs_rel_BTR80_K2BlackPanther_20260205T223714Z_43_c_d	http://example.org/stkg/relationType	http://example.org/stkg/id/relation_behind_of
http://example.org/stkg/id/obs_rel_BTR80_K2BlackPanther_20260205T223714Z_43_c_d	http://example.org/stkg/time	"2026-02-05T22:37:14Z"^^<http://www.w3.org/2001/XMLSchema#dateTime>
http://example.org/stkg/id/obs_rel_K2BlackPanther_BTR80_20260205T223714Z_43_d_c	http://www.w3.org/1999/02/22-rdf-syntax-ns#type	http://example.org/stkg/id/SpatialRelationObservation
http://example.org/stkg/id/obs_rel_K2BlackPanther_BTR80_20260205T223714Z_43_d_c	http://example.org/stkg/subjectEntity	http://example.org/stkg/id/platform_K2BlackPanther
http://example.org/stkg/id/obs_rel_K2BlackPanther_BTR80_20260205T223714Z_43_d_c	http://example.org/stkg/objectEntity	http://example.org/stkg/id/platform_BTR80
http://example.org/stkg/id/obs_rel_K2BlackPanther_BTR80_20260205T223714Z_43_d_c	http://example.org/stkg/relationType	http://example.org/stkg/id/relation_ahead_of
http://example.org/stkg/id/obs_rel_K2BlackPanther_BTR80_20260205T223714Z_43_d_c	http://example.org/stkg/time	"2026-02-05T22:37:14Z"^^<http://www.w3.org/2001/XMLSchema#dateTime>
http://example.org/stkg/id/obs_rel_K2BlackPanther_T90_20260205T223714Z_43_d_e	http://www.w3.org/1999/02/22-rdf-syntax-ns#type	http://example.org/stkg/id/SpatialRelationObservation
http://example.org/stkg/id/obs_rel_K2BlackPanther_T90_20260205T223714Z_43_d_e	http://example.org/stkg/subjectEntity	http://example.org/stkg/id/platform_K2BlackPanther
http://example.org/stkg/id/obs_rel_K2BlackPanther_T90_20260205T223714Z_43_d_e	http://example.org/stkg/objectEntity	http://example.org/stkg/id/platform_T90
http://example.org/stkg/id/obs_rel_K2BlackPanther_T90_20260205T223714Z_43_d_e	http://example.org/stkg/relationType	http://example.org/stkg/id/relation_behind_of
http://example.org/stkg/id/obs_rel_K2BlackPanther_T90_20260205T223714Z_43_d_e	http://example.org/stkg/time	"2026-02-05T22:37:14Z"^^<http://www.w3.org/2001/XMLSchema#dateTime>
http://example.org/stkg/id/obs_rel_T90_K2BlackPanther_20260205T223714Z_43_e_d	http://www.w3.org/1999/02/22-rdf-syntax-ns#type	http://example.org/stkg/id/SpatialRelationObservation
http://example.org/stkg/id/obs_rel_T90_K2BlackPanther_20260205T223714Z_43_e_d	http://example.org/stkg/subjectEntity	http://example.org/stkg/id/platform_T90
http://example.org/stkg/id/obs_rel_T90_K2BlackPanther_20260205T223714Z_43_e_d	http://example.org/stkg/objectEntity	http://example.org/stkg/id/platform_K2BlackPanther
http://example.org/stkg/id/obs_rel_T90_K2BlackPanther_20260205T223714Z_43_e_d	http://example.org/stkg/relationType	http://example.org/stkg/id/relation_ahead_of
http://example.org/stkg/id/obs_rel_T90_K2BlackPanther_20260205T223714Z_43_e_d	http://example.org/stkg/time	"2026-02-05T22:37:14Z"^^<http://www.w3.org/2001/XMLSchema#dateTime>
http://example.org/stkg/id/obs_rel_BTR80_T90_20260205T223714Z_43_c_e	http://www.w3.org/1999/02/22-rdf-syntax-ns#type	http://example.org/stkg/id/SpatialRelationObservation
http://example.org/stkg/id/obs_rel_BTR80_T90_20260205T223714Z_43_c_e	http://example.org/stkg/subjectEntity	http://example.org/stkg/id/platform_BTR80
http://example.org/stkg/id/obs_rel_BTR80_T90_20260205T223714Z_43_c_e	http://example.org/stkg/objectEntity	http://example.org/stkg/id/platform_T90
http://example.org/stkg/id/obs_rel_BTR80_T90_20260205T223714Z_43_c_e	http://example.org/stkg/relationType	http://example.org/stkg/id/relation_behind_of
http://example.org/stkg/id/obs_rel_BTR80_T90_20260205T223714Z_43_c_e	http://example.org/stkg/time	"2026-02-05T22:37:14Z"^^<http://www.w3.org/2001/XMLSchema#dateTime>
http://example.org/stkg/id/obs_rel_T90_BTR80_20260205T223714Z_43_e_c	http://www.w3.org/1999/02/22-rdf-syntax-ns#type	http://example.org/stkg/id/SpatialRelationObservation
http://example.org/stkg/id/obs_rel_T90_BTR80_20260205T223714Z_43_e_c	http://example.org/stkg/subjectEntity	http://example.org/stkg/id/platform_T90
http://example.org/stkg/id/obs_rel_T90_BTR80_20260205T223714Z_43_e_c	http://example.org/stkg/objectEntity	http://example.org/stkg/id/platform_BTR80
http://example.org/stkg/id/obs_rel_T90_BTR80_20260205T223714Z_43_e_c	http://example.org/stkg/relationType	http://example.org/stkg/id/relation_ahead_of
http://example.org/stkg/id/obs_rel_T90_BTR80_20260205T223714Z_43_e_c	http://example.org/stkg/time	"2026-02-05T22:37:14Z"^^<http://www.w3.org/2001/XMLSchema#dateTime>
http://example.org/stkg/id/obs_rel_BTR80_K2BlackPanther_20260205T223715Z_44_c_d	http://www.w3.org/1999/02/22-rdf-syntax-ns#type	http://example.org/stkg/id/SpatialRelationObservation
http://example.org/stkg/id/obs_rel_BTR80_K2BlackPanther_20260205T223715Z_44_c_d	http://example.org/stkg/subjectEntity	http://example.org/stkg/id/platform_BTR80
http://example.org/stkg/id/obs_rel_BTR80_K2BlackPanther_20260205T223715Z_44_c_d	http://example.org/stkg/objectEntity	http://example.org/stkg/id/platform_K2BlackPanther
http://example.org/stkg/id/obs_rel_BTR80_K2BlackPanther_20260205T223715Z_44_c_d	http://example.org/stkg/relationType	http://example.org/stkg/id/relation_behind_of
http://example.org/stkg/id/obs_rel_BTR80_K2BlackPanther_20260205T223715Z_44_c_d	http://example.org/stkg/time	"2026-02-05T22:37:15Z"^^<http://www.w3.org/2001/XMLSchema#dateTime>
http://example.org/stkg/id/obs_rel_K2BlackPanther_BTR80_20260205T223715Z_44_d_c	http://www.w3.org/1999/02/22-rdf-syntax-ns#type	http://example.org/stkg/id/SpatialRelationObservation
http://example.org/stkg/id/obs_rel_K2BlackPanther_BTR80_20260205T223715Z_44_d_c	http://example.org/stkg/subjectEntity	http://example.org/stkg/id/platform_K2BlackPanther
http://example.org/stkg/id/obs_rel_K2BlackPanther_BTR80_20260205T223715Z_44_d_c	http://example.org/stkg/objectEntity	http://example.org/stkg/id/platform_BTR80
http://example.org/stkg/id/obs_rel_K2BlackPanther_BTR80_20260205T223715Z_44_d_c	http://example.org/stkg/relationType	http://example.org/stkg/id/relation_ahead_of
http://example.org/stkg/id/obs_rel_K2BlackPanther_BTR80_20260205T223715Z_44_d_c	http://example.org/stkg/time	"2026-02-05T22:37:15Z"^^<http://www.w3.org/2001/XMLSchema#dateTime>
http://example.org/stkg/id/obs_rel_K2BlackPanther_T90_20260205T223715Z_44_d_e	http://www.w3.org/1999/02/22-rdf-syntax-ns#type	http://example.org/stkg/id/SpatialRelationObservation
http://example.org/stkg/id/obs_rel_K2BlackPanther_T90_20260205T223715Z_44_d_e	http://example.org/stkg/subjectEntity	http://example.org/stkg/id/platform_K2BlackPanther
http://example.org/stkg/id/obs_rel_K2BlackPanther_T90_20260205T223715Z_44_d_e	http://example.org/stkg/objectEntity	http://example.org/stkg/id/platform_T90
http://example.org/stkg/id/obs_rel_K2BlackPanther_T90_20260205T223715Z_44_d_e	http://example.org/stkg/relationType	http://example.org/stkg/id/relation_behind_of
http://example.org/stkg/id/obs_rel_K2BlackPanther_T90_20260205T223715Z_44_d_e	http://example.org/stkg/time	"2026-02-05T22:37:15Z"^^<http://www.w3.org/2001/XMLSchema#dateTime>
http://example.org/stkg/id/obs_rel_T90_K2BlackPanther_20260205T223715Z_44_e_d	http://www.w3.org/1999/02/22-rdf-syntax-ns#type	http://example.org/stkg/id/SpatialRelationObservation
http://example.org/stkg/id/obs_rel_T90_K2BlackPanther_20260205T223715Z_44_e_d	http://example.org/stkg/subjectEntity	http://example.org/stkg/id/platform_T90
http://example.org/stkg/id/obs_rel_T90_K2BlackPanther_20260205T223715Z_44_e_d	http://example.org/stkg/objectEntity	http://example.org/stkg/id/platform_K2BlackPanther
http://example.org/stkg/id/obs_rel_T90_K2BlackPanther_20260205T223715Z_44_e_d	http://example.org/stkg/relationType	http://example.org/stkg/id/relation_ahead_of
http://example.org/stkg/id/obs_rel_T90_K2BlackPanther_20260205T223715Z_44_e_d	http://example.org/stkg/time	"2026-02-05T22:37:15Z"^^<http://www.w3.org/2001/XMLSchema#dateTime>
http://example.org/stkg/id/obs_rel_BTR80_T90_20260205T223715Z_44_c_e	http://www.w3.org/1999/02/22-rdf-syntax-ns#type	http://example.org/stkg/id/SpatialRelationObservation
http://example.org/stkg/id/obs_rel_BTR80_T90_20260205T223715Z_44_c_e	http://example.org/stkg/subjectEntity	http://example.org/stkg/id/platform_BTR80
http://example.org/stkg/id/obs_rel_BTR80_T90_20260205T223715Z_44_c_e	http://example.org/stkg/objectEntity	http://example.org/stkg/id/platform_T90
http://example.org/stkg/id/obs_rel_BTR80_T90_20260205T223715Z_44_c_e	http://example.org/stkg/relationType	http://example.org/stkg/id/relation_behind_of
http://example.org/stkg/id/obs_rel_BTR80_T90_20260205T223715Z_44_c_e	http://example.org/stkg/time	"2026-02-05T22:37:15Z"^^<http://www.w3.org/2001/XMLSchema#dateTime>
http://example.org/stkg/id/obs_rel_T90_BTR80_20260205T223715Z_44_e_c	http://www.w3.org/1999/02/22-rdf-syntax-ns#type	http://example.org/stkg/id/SpatialRelationObservation
http://example.org/stkg/id/obs_rel_T90_BTR80_20260205T223715Z_44_e_c	http://example.org/stkg/subjectEntity	http://example.org/stkg/id/platform_T90
http://example.org/stkg/id/obs_rel_T90_BTR80_20260205T223715Z_44_e_c	http://example.org/stkg/objectEntity	http://example.org/stkg/id/platform_BTR80
http://example.org/stkg/id/obs_rel_T90_BTR80_20260205T223715Z_44_e_c	http://example.org/stkg/relationType	http://example.org/stkg/id/relation_ahead_of
http://example.org/stkg/id/obs_rel_T90_BTR80_20260205T223715Z_44_e_c	http://example.org/stkg/time	"2026-02-05T22:37:15Z"^^<http://www.w3.org/2001/XMLSchema#dateTime>
http://example.org/stkg/id/obs_rel_BTR80_K2BlackPanther_20260205T223716Z_45_c_d	http://www.w3.org/1999/02/22-rdf-syntax-ns#type	http://example.org/stkg/id/SpatialRelationObservation
http://example.org/stkg/id/obs_rel_BTR80_K2BlackPanther_20260205T223716Z_45_c_d	http://example.org/stkg/subjectEntity	http://example.org/stkg/id/platform_BTR80
http://example.org/stkg/id/obs_rel_BTR80_K2BlackPanther_20260205T223716Z_45_c_d	http://example.org/stkg/objectEntity	http://example.org/stkg/id/platform_K2BlackPanther
http://example.org/stkg/id/obs_rel_BTR80_K2BlackPanther_20260205T223716Z_45_c_d	http://example.org/stkg/relationType	http://example.org/stkg/id/relation_behind_of
http://example.org/stkg/id/obs_rel_BTR80_K2BlackPanther_20260205T223716Z_45_c_d	http://example.org/stkg/time	"2026-02-05T22:37:16Z"^^<http://www.w3.org/2001/XMLSchema#dateTime>
http://example.org/stkg/id/obs_rel_K2BlackPanther_BTR80_20260205T223716Z_45_d_c	http://www.w3.org/1999/02/22-rdf-syntax-ns#type	http://example.org/stkg/id/SpatialRelationObservation
http://example.org/stkg/id/obs_rel_K2BlackPanther_BTR80_20260205T223716Z_45_d_c	http://example.org/stkg/subjectEntity	http://example.org/stkg/id/platform_K2BlackPanther
http://example.org/stkg/id/obs_rel_K2BlackPanther_BTR80_20260205T223716Z_45_d_c	http://example.org/stkg/objectEntity	http://example.org/stkg/id/platform_BTR80
http://example.org/stkg/id/obs_rel_K2BlackPanther_BTR80_20260205T223716Z_45_d_c	http://example.org/stkg/relationType	http://example.org/stkg/id/relation_ahead_of
http://example.org/stkg/id/obs_rel_K2BlackPanther_BTR80_20260205T223716Z_45_d_c	http://example.org/stkg/time	"2026-02-05T22:37:16Z"^^<http://www.w3.org/2001/XMLSchema#dateTime>
http://example.org/stkg/id/obs_rel_K2BlackPanther_T90_20260205T223716Z_45_d_e	http://www.w3.org/1999/02/22-rdf-syntax-ns#type	http://example.org/stkg/id/SpatialRelationObservation
http://example.org/stkg/id/obs_rel_K2BlackPanther_T90_20260205T223716Z_45_d_e	http://example.org/stkg/subjectEntity	http://example.org/stkg/id/platform_K2BlackPanther
http://example.org/stkg/id/obs_rel_K2BlackPanther_T90_20260205T223716Z_45_d_e	http://example.org/stkg/objectEntity	http://example.org/stkg/id/platform_T90
http://example.org/stkg/id/obs_rel_K2BlackPanther_T90_20260205T223716Z_45_d_e	http://example.org/stkg/relationType	http://example.org/stkg/id/relation_behind_of
http://example.org/stkg/id/obs_rel_K2BlackPanther_T90_20260205T223716Z_45_d_e	http://example.org/stkg/time	"2026-02-05T22:37:16Z"^^<http://www.w3.org/2001/XMLSchema#dateTime>
http://example.org/stkg/id/obs_rel_T90_K2BlackPanther_20260205T223716Z_45_e_d	http://www.w3.org/1999/02/22-rdf-syntax-ns#type	http://example.org/stkg/id/SpatialRelationObservation
http://example.org/stkg/id/obs_rel_T90_K2BlackPanther_20260205T223716Z_45_e_d	http://example.org/stkg/subjectEntity	http://example.org/stkg/id/platform_T90
http://example.org/stkg/id/obs_rel_T90_K2BlackPanther_20260205T223716Z_45_e_d	http://example.org/stkg/objectEntity	http://example.org/stkg/id/platform_K2BlackPanther
http://example.org/stkg/id/obs_rel_T90_K2BlackPanther_20260205T223716Z_45_e_d	http://example.org/stkg/relationType	http://example.org/stkg/id/relation_ahead_of
http://example.org/stkg/id/obs_rel_T90_K2BlackPanther_20260205T223716Z_45_e_d	http://example.org/stkg/time	"2026-02-05T22:37:16Z"^^<http://www.w3.org/2001/XMLSchema#dateTime>
http://example.org/stkg/id/obs_rel_BTR80_T90_20260205T223716Z_45_c_e	http://www.w3.org/1999/02/22-rdf-syntax-ns#type	http://example.org/stkg/id/SpatialRelationObservation
http://example.org/stkg/id/obs_rel_BTR80_T90_20260205T223716Z_45_c_e	http://example.org/stkg/subjectEntity	http://example.org/stkg/id/platform_BTR80
http://example.org/stkg/id/obs_rel_BTR80_T90_20260205T223716Z_45_c_e	http://example.org/stkg/objectEntity	http://example.org/stkg/id/platform_T90
http://example.org/stkg/id/obs_rel_BTR80_T90_20260205T223716Z_45_c_e	http://example.org/stkg/relationType	http://example.org/stkg/id/relation_behind_of
http://example.org/stkg/id/obs_rel_BTR80_T90_20260205T223716Z_45_c_e	http://example.org/stkg/time	"2026-02-05T22:37:16Z"^^<http://www.w3.org/2001/XMLSchema#dateTime>
http://example.org/stkg/id/obs_rel_T90_BTR80_20260205T223716Z_45_e_c	http://www.w3.org/1999/02/22-rdf-syntax-ns#type	http://example.org/stkg/id/SpatialRelationObservation
http://example.org/stkg/id/obs_rel_T90_BTR80_20260205T223716Z_45_e_c	http://example.org/stkg/subjectEntity	http://example.org/stkg/id/platform_T90
http://example.org/stkg/id/obs_rel_T90_BTR80_20260205T223716Z_45_e_c	http://example.org/stkg/objectEntity	http://example.org/stkg/id/platform_BTR80
http://example.org/stkg/id/obs_rel_T90_BTR80_20260205T223716Z_45_e_c	http://example.org/stkg/relationType	http://example.org/stkg/id/relation_ahead_of
http://example.org/stkg/id/obs_rel_T90_BTR80_20260205T223716Z_45_e_c	http://example.org/stkg/time	"2026-02-05T22:37:16Z"^^<http://www.w3.org/2001/XMLSchema#dateTime>
http://example.org/stkg/id/obs_rel_BTR80_K2BlackPanther_20260205T223717Z_46_c_d	http://www.w3.org/1999/02/22-rdf-syntax-ns#type	http://example.org/stkg/id/SpatialRelationObservation
http://example.org/stkg/id/obs_rel_BTR80_K2BlackPanther_20260205T223717Z_46_c_d	http://example.org/stkg/subjectEntity	http://example.org/stkg/id/platform_BTR80
http://example.org/stkg/id/obs_rel_BTR80_K2BlackPanther_20260205T223717Z_46_c_d	http://example.org/stkg/objectEntity	http://example.org/stkg/id/platform_K2BlackPanther
http://example.org/stkg/id/obs_rel_BTR80_K2BlackPanther_20260205T223717Z_46_c_d	http://example.org/stkg/relationType	http://example.org/stkg/id/relation_behind_of
http://example.org/stkg/id/obs_rel_BTR80_K2BlackPanther_20260205T223717Z_46_c_d	http://example.org/stkg/time	"2026-02-05T22:37:17Z"^^<http://www.w3.org/2001/XMLSchema#dateTime>
http://example.org/stkg/id/obs_rel_K2BlackPanther_BTR80_20260205T223717Z_46_d_c	http://www.w3.org/1999/02/22-rdf-syntax-ns#type	http://example.org/stkg/id/SpatialRelationObservation
http://example.org/stkg/id/obs_rel_K2BlackPanther_BTR80_20260205T223717Z_46_d_c	http://example.org/stkg/subjectEntity	http://example.org/stkg/id/platform_K2BlackPanther
http://example.org/stkg/id/obs_rel_K2BlackPanther_BTR80_20260205T223717Z_46_d_c	http://example.org/stkg/objectEntity	http://example.org/stkg/id/platform_BTR80
http://example.org/stkg/id/obs_rel_K2BlackPanther_BTR80_20260205T223717Z_46_d_c	http://example.org/stkg/relationType	http://example.org/stkg/id/relation_ahead_of
http://example.org/stkg/id/obs_rel_K2BlackPanther_BTR80_20260205T223717Z_46_d_c	http://example.org/stkg/time	"2026-02-05T22:37:17Z"^^<http://www.w3.org/2001/XMLSchema#dateTime>
http://example.org/stkg/id/obs_rel_K2BlackPanther_T90_20260205T223717Z_46_d_e	http://www.w3.org/1999/02/22-rdf-syntax-ns#type	http://example.org/stkg/id/SpatialRelationObservation
http://example.org/stkg/id/obs_rel_K2BlackPanther_T90_20260205T223717Z_46_d_e	http://example.org/stkg/subjectEntity	http://example.org/stkg/id/platform_K2BlackPanther
http://example.org/stkg/id/obs_rel_K2BlackPanther_T90_20260205T223717Z_46_d_e	http://example.org/stkg/objectEntity	http://example.org/stkg/id/platform_T90
http://example.org/stkg/id/obs_rel_K2BlackPanther_T90_20260205T223717Z_46_d_e	http://example.org/stkg/relationType	http://example.org/stkg/id/relation_behind_of
http://example.org/stkg/id/obs_rel_K2BlackPanther_T90_20260205T223717Z_46_d_e	http://example.org/stkg/time	"2026-02-05T22:37:17Z"^^<http://www.w3.org/2001/XMLSchema#dateTime>
http://example.org/stkg/id/obs_rel_T90_K2BlackPanther_20260205T223717Z_46_e_d	http://www.w3.org/1999/02/22-rdf-syntax-ns#type	http://example.org/stkg/id/SpatialRelationObservation
http://example.org/stkg/id/obs_rel_T90_K2BlackPanther_20260205T223717Z_46_e_d	http://example.org/stkg/subjectEntity	http://example.org/stkg/id/platform_T90
http://example.org/stkg/id/obs_rel_T90_K2BlackPanther_20260205T223717Z_46_e_d	http://example.org/stkg/objectEntity	http://example.org/stkg/id/platform_K2BlackPanther
http://example.org/stkg/id/obs_rel_T90_K2BlackPanther_20260205T223717Z_46_e_d	http://example.org/stkg/relationType	http://example.org/stkg/id/relation_ahead_of
http://example.org/stkg/id/obs_rel_T90_K2BlackPanther_20260205T223717Z_46_e_d	http://example.org/stkg/time	"2026-02-05T22:37:17Z"^^<http://www.w3.org/2001/XMLSchema#dateTime>
http://example.org/stkg/id/obs_rel_BTR80_T90_20260205T223717Z_46_c_e	http://www.w3.org/1999/02/22-rdf-syntax-ns#type	http://example.org/stkg/id/SpatialRelationObservation
http://example.org/stkg/id/obs_rel_BTR80_T90_20260205T223717Z_46_c_e	http://example.org/stkg/subjectEntity	http://example.org/stkg/id/platform_BTR80
http://example.org/stkg/id/obs_rel_BTR80_T90_20260205T223717Z_46_c_e	http://example.org/stkg/objectEntity	http://example.org/stkg/id/platform_T90
http://example.org/stkg/id/obs_rel_BTR80_T90_20260205T223717Z_46_c_e	http://example.org/stkg/relationType	http://example.org/stkg/id/relation_behind_of
http://example.org/stkg/id/obs_rel_BTR80_T90_20260205T223717Z_46_c_e	http://example.org/stkg/time	"2026-02-05T22:37:17Z"^^<http://www.w3.org/2001/XMLSchema#dateTime>
http://example.org/stkg/id/obs_rel_T90_BTR80_20260205T223717Z_46_e_c	http://www.w3.org/1999/02/22-rdf-syntax-ns#type	http://example.org/stkg/id/SpatialRelationObservation
http://example.org/stkg/id/obs_rel_T90_BTR80_20260205T223717Z_46_e_c	http://example.org/stkg/subjectEntity	http://example.org/stkg/id/platform_T90
http://example.org/stkg/id/obs_rel_T90_BTR80_20260205T223717Z_46_e_c	http://example.org/stkg/objectEntity	http://example.org/stkg/id/platform_BTR80
http://example.org/stkg/id/obs_rel_T90_BTR80_20260205T223717Z_46_e_c	http://example.org/stkg/relationType	http://example.org/stkg/id/relation_ahead_of
http://example.org/stkg/id/obs_rel_T90_BTR80_20260205T223717Z_46_e_c	http://example.org/stkg/time	"2026-02-05T22:37:17Z"^^<http://www.w3.org/2001/XMLSchema#dateTime>
http://example.org/stkg/id/obs_rel_BTR80_K2BlackPanther_20260205T223718Z_47_c_d	http://www.w3.org/1999/02/22-rdf-syntax-ns#type	http://example.org/stkg/id/SpatialRelationObservation
http://example.org/stkg/id/obs_rel_BTR80_K2BlackPanther_20260205T223718Z_47_c_d	http://example.org/stkg/subjectEntity	http://example.org/stkg/id/platform_BTR80
http://example.org/stkg/id/obs_rel_BTR80_K2BlackPanther_20260205T223718Z_47_c_d	http://example.org/stkg/objectEntity	http://example.org/stkg/id/platform_K2BlackPanther
http://example.org/stkg/id/obs_rel_BTR80_K2BlackPanther_20260205T223718Z_47_c_d	http://example.org/stkg/relationType	http://example.org/stkg/id/relation_behind_of
http://example.org/stkg/id/obs_rel_BTR80_K2BlackPanther_20260205T223718Z_47_c_d	http://example.org/stkg/time	"2026-02-05T22:37:18Z"^^<http://www.w3.org/2001/XMLSchema#dateTime>
http://example.org/stkg/id/obs_rel_K2BlackPanther_BTR80_20260205T223718Z_47_d_c	http://www.w3.org/1999/02/22-rdf-syntax-ns#type	http://example.org/stkg/id/SpatialRelationObservation
http://example.org/stkg/id/obs_rel_K2BlackPanther_BTR80_20260205T223718Z_47_d_c	http://example.org/stkg/subjectEntity	http://example.org/stkg/id/platform_K2BlackPanther
http://example.org/stkg/id/obs_rel_K2BlackPanther_BTR80_20260205T223718Z_47_d_c	http://example.org/stkg/objectEntity	http://example.org/stkg/id/platform_BTR80
http://example.org/stkg/id/obs_rel_K2BlackPanther_BTR80_20260205T223718Z_47_d_c	http://example.org/stkg/relationType	http://example.org/stkg/id/relation_ahead_of
http://example.org/stkg/id/obs_rel_K2BlackPanther_BTR80_20260205T223718Z_47_d_c	http://example.org/stkg/time	"2026-02-05T22:37:18Z"^^<http://www.w3.org/2001/XMLSchema#dateTime>
http://example.org/stkg/id/obs_rel_K2BlackPanther_T90_20260205T223718Z_47_d_e	http://www.w3.org/1999/02/22-rdf-syntax-ns#type	http://example.org/stkg/id/SpatialRelationObservation
http://example.org/stkg/id/obs_rel_K2BlackPanther_T90_20260205T223718Z_47_d_e	http://example.org/stkg/subjectEntity	http://example.org/stkg/id/platform_K2BlackPanther
http://example.org/stkg/id/obs_rel_K2BlackPanther_T90_20260205T223718Z_47_d_e	http://example.org/stkg/objectEntity	http://example.org/stkg/id/platform_T90
http://example.org/stkg/id/obs_rel_K2BlackPanther_T90_20260205T223718Z_47_d_e	http://example.org/stkg/relationType	http://example.org/stkg/id/relation_behind_of
http://example.org/stkg/id/obs_rel_K2BlackPanther_T90_20260205T223718Z_47_d_e	http://example.org/stkg/time	"2026-02-05T22:37:18Z"^^<http://www.w3.org/2001/XMLSchema#dateTime>
http://example.org/stkg/id/obs_rel_T90_K2BlackPanther_20260205T223718Z_47_e_d	http://www.w3.org/1999/02/22-rdf-syntax-ns#type	http://example.org/stkg/id/SpatialRelationObservation
http://example.org/stkg/id/obs_rel_T90_K2BlackPanther_20260205T223718Z_47_e_d	http://example.org/stkg/subjectEntity	http://example.org/stkg/id/platform_T90
http://example.org/stkg/id/obs_rel_T90_K2BlackPanther_20260205T223718Z_47_e_d	http://example.org/stkg/objectEntity	http://example.org/stkg/id/platform_K2BlackPanther
http://example.org/stkg/id/obs_rel_T90_K2BlackPanther_20260205T223718Z_47_e_d	http://example.org/stkg/relationType	http://example.org/stkg/id/relation_ahead_of
http://example.org/stkg/id/obs_rel_T90_K2BlackPanther_20260205T223718Z_47_e_d	http://example.org/stkg/time	"2026-02-05T22:37:18Z"^^<http://www.w3.org/2001/XMLSchema#dateTime>
http://example.org/stkg/id/obs_rel_BTR80_T90_20260205T223718Z_47_c_e	http://www.w3.org/1999/02/22-rdf-syntax-ns#type	http://example.org/stkg/id/SpatialRelationObservation
http://example.org/stkg/id/obs_rel_BTR80_T90_20260205T223718Z_47_c_e	http://example.org/stkg/subjectEntity	http://example.org/stkg/id/platform_BTR80
http://example.org/stkg/id/obs_rel_BTR80_T90_20260205T223718Z_47_c_e	http://example.org/stkg/objectEntity	http://example.org/stkg/id/platform_T90
http://example.org/stkg/id/obs_rel_BTR80_T90_20260205T223718Z_47_c_e	http://example.org/stkg/relationType	http://example.org/stkg/id/relation_behind_of
http://example.org/stkg/id/obs_rel_BTR80_T90_20260205T223718Z_47_c_e	http://example.org/stkg/time	"2026-02-05T22:37:18Z"^^<http://www.w3.org/2001/XMLSchema#dateTime>
http://example.org/stkg/id/obs_rel_T90_BTR80_20260205T223718Z_47_e_c	http://www.w3.org/1999/02/22-rdf-syntax-ns#type	http://example.org/stkg/id/SpatialRelationObservation
http://example.org/stkg/id/obs_rel_T90_BTR80_20260205T223718Z_47_e_c	http://example.org/stkg/subjectEntity	http://example.org/stkg/id/platform_T90
http://example.org/stkg/id/obs_rel_T90_BTR80_20260205T223718Z_47_e_c	http://example.org/stkg/objectEntity	http://example.org/stkg/id/platform_BTR80
http://example.org/stkg/id/obs_rel_T90_BTR80_20260205T223718Z_47_e_c	http://example.org/stkg/relationType	http://example.org/stkg/id/relation_ahead_of
http://example.org/stkg/id/obs_rel_T90_BTR80_20260205T223718Z_47_e_c	http://example.org/stkg/time	"2026-02-05T22:37:18Z"^^<http://www.w3.org/2001/XMLSchema#dateTime>
http://example.org/stkg/id/obs_rel_BTR80_K2BlackPanther_20260205T223719Z_48_c_d	http://www.w3.org/1999/02/22-rdf-syntax-ns#type	http://example.org/stkg/id/SpatialRelationObservation
http://example.org/stkg/id/obs_rel_BTR80_K2BlackPanther_20260205T223719Z_48_c_d	http://example.org/stkg/subjectEntity	http://example.org/stkg/id/platform_BTR80
http://example.org/stkg/id/obs_rel_BTR80_K2BlackPanther_20260205T223719Z_48_c_d	http://example.org/stkg/objectEntity	http://example.org/stkg/id/platform_K2BlackPanther
http://example.org/stkg/id/obs_rel_BTR80_K2BlackPanther_20260205T223719Z_48_c_d	http://example.org/stkg/relationType	http://example.org/stkg/id/relation_behind_of
http://example.org/stkg/id/obs_rel_BTR80_K2BlackPanther_20260205T223719Z_48_c_d	http://example.org/stkg/time	"2026-02-05T22:37:19Z"^^<http://www.w3.org/2001/XMLSchema#dateTime>
http://example.org/stkg/id/obs_rel_K2BlackPanther_BTR80_20260205T223719Z_48_d_c	http://www.w3.org/1999/02/22-rdf-syntax-ns#type	http://example.org/stkg/id/SpatialRelationObservation
http://example.org/stkg/id/obs_rel_K2BlackPanther_BTR80_20260205T223719Z_48_d_c	http://example.org/stkg/subjectEntity	http://example.org/stkg/id/platform_K2BlackPanther
http://example.org/stkg/id/obs_rel_K2BlackPanther_BTR80_20260205T223719Z_48_d_c	http://example.org/stkg/objectEntity	http://example.org/stkg/id/platform_BTR80
http://example.org/stkg/id/obs_rel_K2BlackPanther_BTR80_20260205T223719Z_48_d_c	http://example.org/stkg/relationType	http://example.org/stkg/id/relation_ahead_of
http://example.org/stkg/id/obs_rel_K2BlackPanther_BTR80_20260205T223719Z_48_d_c	http://example.org/stkg/time	"2026-02-05T22:37:19Z"^^<http://www.w3.org/2001/XMLSchema#dateTime>
http://example.org/stkg/id/obs_rel_K2BlackPanther_T90_20260205T223719Z_48_d_e	http://www.w3.org/1999/02/22-rdf-syntax-ns#type	http://example.org/stkg/id/SpatialRelationObservation
http://example.org/stkg/id/obs_rel_K2BlackPanther_T90_20260205T223719Z_48_d_e	http://example.org/stkg/subjectEntity	http://example.org/stkg/id/platform_K2BlackPanther
http://example.org/stkg/id/obs_rel_K2BlackPanther_T90_20260205T223719Z_48_d_e	http://example.org/stkg/objectEntity	http://example.org/stkg/id/platform_T90
http://example.org/stkg/id/obs_rel_K2BlackPanther_T90_20260205T223719Z_48_d_e	http://example.org/stkg/relationType	http://example.org/stkg/id/relation_behind_of
http://example.org/stkg/id/obs_rel_K2BlackPanther_T90_20260205T223719Z_48_d_e	http://example.org/stkg/time	"2026-02-05T22:37:19Z"^^<http://www.w3.org/2001/XMLSchema#dateTime>
http://example.org/stkg/id/obs_rel_T90_K2BlackPanther_20260205T223719Z_48_e_d	http://www.w3.org/1999/02/22-rdf-syntax-ns#type	http://example.org/stkg/id/SpatialRelationObservation
http://example.org/stkg/id/obs_rel_T90_K2BlackPanther_20260205T223719Z_48_e_d	http://example.org/stkg/subjectEntity	http://example.org/stkg/id/platform_T90
http://example.org/stkg/id/obs_rel_T90_K2BlackPanther_20260205T223719Z_48_e_d	http://example.org/stkg/objectEntity	http://example.org/stkg/id/platform_K2BlackPanther
http://example.org/stkg/id/obs_rel_T90_K2BlackPanther_20260205T223719Z_48_e_d	http://example.org/stkg/relationType	http://example.org/stkg/id/relation_ahead_of
http://example.org/stkg/id/obs_rel_T90_K2BlackPanther_20260205T223719Z_48_e_d	http://example.org/stkg/time	"2026-02-05T22:37:19Z"^^<http://www.w3.org/2001/XMLSchema#dateTime>
http://example.org/stkg/id/obs_rel_BTR80_T90_20260205T223719Z_48_c_e	http://www.w3.org/1999/02/22-rdf-syntax-ns#type	http://example.org/stkg/id/SpatialRelationObservation
http://example.org/stkg/id/obs_rel_BTR80_T90_20260205T223719Z_48_c_e	http://example.org/stkg/subjectEntity	http://example.org/stkg/id/platform_BTR80
http://example.org/stkg/id/obs_rel_BTR80_T90_20260205T223719Z_48_c_e	http://example.org/stkg/objectEntity	http://example.org/stkg/id/platform_T90
http://example.org/stkg/id/obs_rel_BTR80_T90_20260205T223719Z_48_c_e	http://example.org/stkg/relationType	http://example.org/stkg/id/relation_behind_of
http://example.org/stkg/id/obs_rel_BTR80_T90_20260205T223719Z_48_c_e	http://example.org/stkg/time	"2026-02-05T22:37:19Z"^^<http://www.w3.org/2001/XMLSchema#dateTime>
http://example.org/stkg/id/obs_rel_T90_BTR80_20260205T223719Z_48_e_c	http://www.w3.org/1999/02/22-rdf-syntax-ns#type	http://example.org/stkg/id/SpatialRelationObservation
http://example.org/stkg/id/obs_rel_T90_BTR80_20260205T223719Z_48_e_c	http://example.org/stkg/subjectEntity	http://example.org/stkg/id/platform_T90
http://example.org/stkg/id/obs_rel_T90_BTR80_20260205T223719Z_48_e_c	http://example.org/stkg/objectEntity	http://example.org/stkg/id/platform_BTR80
http://example.org/stkg/id/obs_rel_T90_BTR80_20260205T223719Z_48_e_c	http://example.org/stkg/relationType	http://example.org/stkg/id/relation_ahead_of
http://example.org/stkg/id/obs_rel_T90_BTR80_20260205T223719Z_48_e_c	http://example.org/stkg/time	"2026-02-05T22:37:19Z"^^<http://www.w3.org/2001/XMLSchema#dateTime>
http://example.org/stkg/id/obs_rel_BTR80_K2BlackPanther_20260205T223720Z_49_c_d	http://www.w3.org/1999/02/22-rdf-syntax-ns#type	http://example.org/stkg/id/SpatialRelationObservation
http://example.org/stkg/id/obs_rel_BTR80_K2BlackPanther_20260205T223720Z_49_c_d	http://example.org/stkg/subjectEntity	http://example.org/stkg/id/platform_BTR80
http://example.org/stkg/id/obs_rel_BTR80_K2BlackPanther_20260205T223720Z_49_c_d	http://example.org/stkg/objectEntity	http://example.org/stkg/id/platform_K2BlackPanther
http://example.org/stkg/id/obs_rel_BTR80_K2BlackPanther_20260205T223720Z_49_c_d	http://example.org/stkg/relationType	http://example.org/stkg/id/relation_behind_of
http://example.org/stkg/id/obs_rel_BTR80_K2BlackPanther_20260205T223720Z_49_c_d	http://example.org/stkg/time	"2026-02-05T22:37:20Z"^^<http://www.w3.org/2001/XMLSchema#dateTime>
http://example.org/stkg/id/obs_rel_K2BlackPanther_BTR80_20260205T223720Z_49_d_c	http://www.w3.org/1999/02/22-rdf-syntax-ns#type	http://example.org/stkg/id/SpatialRelationObservation
http://example.org/stkg/id/obs_rel_K2BlackPanther_BTR80_20260205T223720Z_49_d_c	http://example.org/stkg/subjectEntity	http://example.org/stkg/id/platform_K2BlackPanther
http://example.org/stkg/id/obs_rel_K2BlackPanther_BTR80_20260205T223720Z_49_d_c	http://example.org/stkg/objectEntity	http://example.org/stkg/id/platform_BTR80
http://example.org/stkg/id/obs_rel_K2BlackPanther_BTR80_20260205T223720Z_49_d_c	http://example.org/stkg/relationType	http://example.org/stkg/id/relation_ahead_of
http://example.org/stkg/id/obs_rel_K2BlackPanther_BTR80_20260205T223720Z_49_d_c	http://example.org/stkg/time	"2026-02-05T22:37:20Z"^^<http://www.w3.org/2001/XMLSchema#dateTime>
http://example.org/stkg/id/obs_rel_K2BlackPanther_T90_20260205T223720Z_49_d_e	http://www.w3.org/1999/02/22-rdf-syntax-ns#type	http://example.org/stkg/id/SpatialRelationObservation
http://example.org/stkg/id/obs_rel_K2BlackPanther_T90_20260205T223720Z_49_d_e	http://example.org/stkg/subjectEntity	http://example.org/stkg/id/platform_K2BlackPanther
http://example.org/stkg/id/obs_rel_K2BlackPanther_T90_20260205T223720Z_49_d_e	http://example.org/stkg/objectEntity	http://example.org/stkg/id/platform_T90
http://example.org/stkg/id/obs_rel_K2BlackPanther_T90_20260205T223720Z_49_d_e	http://example.org/stkg/relationType	http://example.org/stkg/id/relation_behind_of
http://example.org/stkg/id/obs_rel_K2BlackPanther_T90_20260205T223720Z_49_d_e	http://example.org/stkg/time	"2026-02-05T22:37:20Z"^^<http://www.w3.org/2001/XMLSchema#dateTime>
http://example.org/stkg/id/obs_rel_T90_K2BlackPanther_20260205T223720Z_49_e_d	http://www.w3.org/1999/02/22-rdf-syntax-ns#type	http://example.org/stkg/id/SpatialRelationObservation
http://example.org/stkg/id/obs_rel_T90_K2BlackPanther_20260205T223720Z_49_e_d	http://example.org/stkg/subjectEntity	http://example.org/stkg/id/platform_T90
http://example.org/stkg/id/obs_rel_T90_K2BlackPanther_20260205T223720Z_49_e_d	http://example.org/stkg/objectEntity	http://example.org/stkg/id/platform_K2BlackPanther
http://example.org/stkg/id/obs_rel_T90_K2BlackPanther_20260205T223720Z_49_e_d	http://example.org/stkg/relationType	http://example.org/stkg/id/relation_ahead_of
http://example.org/stkg/id/obs_rel_T90_K2BlackPanther_20260205T223720Z_49_e_d	http://example.org/stkg/time	"2026-02-05T22:37:20Z"^^<http://www.w3.org/2001/XMLSchema#dateTime>
http://example.org/stkg/id/obs_rel_BTR80_T90_20260205T223720Z_49_c_e	http://www.w3.org/1999/02/22-rdf-syntax-ns#type	http://example.org/stkg/id/SpatialRelationObservation
http://example.org/stkg/id/obs_rel_BTR80_T90_20260205T223720Z_49_c_e	http://example.org/stkg/subjectEntity	http://example.org/stkg/id/platform_BTR80
http://example.org/stkg/id/obs_rel_BTR80_T90_20260205T223720Z_49_c_e	http://example.org/stkg/objectEntity	http://example.org/stkg/id/platform_T90
http://example.org/stkg/id/obs_rel_BTR80_T90_20260205T223720Z_49_c_e	http://example.org/stkg/relationType	http://example.org/stkg/id/relation_behind_of
http://example.org/stkg/id/obs_rel_BTR80_T90_20260205T223720Z_49_c_e	http://example.org/stkg/time	"2026-02-05T22:37:20Z"^^<http://www.w3.org/2001/XMLSchema#dateTime>
http://example.org/stkg/id/obs_rel_T90_BTR80_20260205T223720Z_49_e_c	http://www.w3.org/1999/02/22-rdf-syntax-ns#type	http://example.org/stkg/id/SpatialRelationObservation
http://example.org/stkg/id/obs_rel_T90_BTR80_20260205T223720Z_49_e_c	http://example.org/stkg/subjectEntity	http://example.org/stkg/id/platform_T90
http://example.org/stkg/id/obs_rel_T90_BTR80_20260205T223720Z_49_e_c	http://example.org/stkg/objectEntity	http://example.org/stkg/id/platform_BTR80
http://example.org/stkg/id/obs_rel_T90_BTR80_20260205T223720Z_49_e_c	http://example.org/stkg/relationType	http://example.org/stkg/id/relation_ahead_of
http://example.org/stkg/id/obs_rel_T90_BTR80_20260205T223720Z_49_e_c	http://example.org/stkg/time	"2026-02-05T22:37:20Z"^^<http://www.w3.org/2001/XMLSchema#dateTime>
http://example.org/stkg/id/obs_rel_BTR80_K2BlackPanther_20260205T223721Z_50_c_d	http://www.w3.org/1999/02/22-rdf-syntax-ns#type	http://example.org/stkg/id/SpatialRelationObservation
http://example.org/stkg/id/obs_rel_BTR80_K2BlackPanther_20260205T223721Z_50_c_d	http://example.org/stkg/subjectEntity	http://example.org/stkg/id/platform_BTR80
http://example.org/stkg/id/obs_rel_BTR80_K2BlackPanther_20260205T223721Z_50_c_d	http://example.org/stkg/objectEntity	http://example.org/stkg/id/platform_K2BlackPanther
http://example.org/stkg/id/obs_rel_BTR80_K2BlackPanther_20260205T223721Z_50_c_d	http://example.org/stkg/relationType	http://example.org/stkg/id/relation_behind_of
http://example.org/stkg/id/obs_rel_BTR80_K2BlackPanther_20260205T223721Z_50_c_d	http://example.org/stkg/time	"2026-02-05T22:37:21Z"^^<http://www.w3.org/2001/XMLSchema#dateTime>
http://example.org/stkg/id/obs_rel_K2BlackPanther_BTR80_20260205T223721Z_50_d_c	http://www.w3.org/1999/02/22-rdf-syntax-ns#type	http://example.org/stkg/id/SpatialRelationObservation
http://example.org/stkg/id/obs_rel_K2BlackPanther_BTR80_20260205T223721Z_50_d_c	http://example.org/stkg/subjectEntity	http://example.org/stkg/id/platform_K2BlackPanther
http://example.org/stkg/id/obs_rel_K2BlackPanther_BTR80_20260205T223721Z_50_d_c	http://example.org/stkg/objectEntity	http://example.org/stkg/id/platform_BTR80
http://example.org/stkg/id/obs_rel_K2BlackPanther_BTR80_20260205T223721Z_50_d_c	http://example.org/stkg/relationType	http://example.org/stkg/id/relation_ahead_of
http://example.org/stkg/id/obs_rel_K2BlackPanther_BTR80_20260205T223721Z_50_d_c	http://example.org/stkg/time	"2026-02-05T22:37:21Z"^^<http://www.w3.org/2001/XMLSchema#dateTime>
http://example.org/stkg/id/obs_rel_K2BlackPanther_T90_20260205T223721Z_50_d_e	http://www.w3.org/1999/02/22-rdf-syntax-ns#type	http://example.org/stkg/id/SpatialRelationObservation
http://example.org/stkg/id/obs_rel_K2BlackPanther_T90_20260205T223721Z_50_d_e	http://example.org/stkg/subjectEntity	http://example.org/stkg/id/platform_K2BlackPanther
http://example.org/stkg/id/obs_rel_K2BlackPanther_T90_20260205T223721Z_50_d_e	http://example.org/stkg/objectEntity	http://example.org/stkg/id/platform_T90
http://example.org/stkg/id/obs_rel_K2BlackPanther_T90_20260205T223721Z_50_d_e	http://example.org/stkg/relationType	http://example.org/stkg/id/relation_behind_of
http://example.org/stkg/id/obs_rel_K2BlackPanther_T90_20260205T223721Z_50_d_e	http://example.org/stkg/time	"2026-02-05T22:37:21Z"^^<http://www.w3.org/2001/XMLSchema#dateTime>
http://example.org/stkg/id/obs_rel_T90_K2BlackPanther_20260205T223721Z_50_e_d	http://www.w3.org/1999/02/22-rdf-syntax-ns#type	http://example.org/stkg/id/SpatialRelationObservation
http://example.org/stkg/id/obs_rel_T90_K2BlackPanther_20260205T223721Z_50_e_d	http://example.org/stkg/subjectEntity	http://example.org/stkg/id/platform_T90
http://example.org/stkg/id/obs_rel_T90_K2BlackPanther_20260205T223721Z_50_e_d	http://example.org/stkg/objectEntity	http://example.org/stkg/id/platform_K2BlackPanther
http://example.org/stkg/id/obs_rel_T90_K2BlackPanther_20260205T223721Z_50_e_d	http://example.org/stkg/relationType	http://example.org/stkg/id/relation_ahead_of
http://example.org/stkg/id/obs_rel_T90_K2BlackPanther_20260205T223721Z_50_e_d	http://example.org/stkg/time	"2026-02-05T22:37:21Z"^^<http://www.w3.org/2001/XMLSchema#dateTime>
http://example.org/stkg/id/obs_rel_BTR80_T90_20260205T223721Z_50_c_e	http://www.w3.org/1999/02/22-rdf-syntax-ns#type	http://example.org/stkg/id/SpatialRelationObservation
http://example.org/stkg/id/obs_rel_BTR80_T90_20260205T223721Z_50_c_e	http://example.org/stkg/subjectEntity	http://example.org/stkg/id/platform_BTR80
http://example.org/stkg/id/obs_rel_BTR80_T90_20260205T223721Z_50_c_e	http://example.org/stkg/objectEntity	http://example.org/stkg/id/platform_T90
http://example.org/stkg/id/obs_rel_BTR80_T90_20260205T223721Z_50_c_e	http://example.org/stkg/relationType	http://example.org/stkg/id/relation_behind_of
http://example.org/stkg/id/obs_rel_BTR80_T90_20260205T223721Z_50_c_e	http://example.org/stkg/time	"2026-02-05T22:37:21Z"^^<http://www.w3.org/2001/XMLSchema#dateTime>
http://example.org/stkg/id/obs_rel_T90_BTR80_20260205T223721Z_50_e_c	http://www.w3.org/1999/02/22-rdf-syntax-ns#type	http://example.org/stkg/id/SpatialRelationObservation
http://example.org/stkg/id/obs_rel_T90_BTR80_20260205T223721Z_50_e_c	http://example.org/stkg/subjectEntity	http://example.org/stkg/id/platform_T90
http://example.org/stkg/id/obs_rel_T90_BTR80_20260205T223721Z_50_e_c	http://example.org/stkg/objectEntity	http://example.org/stkg/id/platform_BTR80
http://example.org/stkg/id/obs_rel_T90_BTR80_20260205T223721Z_50_e_c	http://example.org/stkg/relationType	http://example.org/stkg/id/relation_ahead_of
http://example.org/stkg/id/obs_rel_T90_BTR80_20260205T223721Z_50_e_c	http://example.org/stkg/time	"2026-02-05T22:37:21Z"^^<http://www.w3.org/2001/XMLSchema#dateTime>
http://example.org/stkg/id/obs_rel_BTR80_K2BlackPanther_20260205T223722Z_51_c_d	http://www.w3.org/1999/02/22-rdf-syntax-ns#type	http://example.org/stkg/id/SpatialRelationObservation
http://example.org/stkg/id/obs_rel_BTR80_K2BlackPanther_20260205T223722Z_51_c_d	http://example.org/stkg/subjectEntity	http://example.org/stkg/id/platform_BTR80
http://example.org/stkg/id/obs_rel_BTR80_K2BlackPanther_20260205T223722Z_51_c_d	http://example.org/stkg/objectEntity	http://example.org/stkg/id/platform_K2BlackPanther
http://example.org/stkg/id/obs_rel_BTR80_K2BlackPanther_20260205T223722Z_51_c_d	http://example.org/stkg/relationType	http://example.org/stkg/id/relation_behind_of
http://example.org/stkg/id/obs_rel_BTR80_K2BlackPanther_20260205T223722Z_51_c_d	http://example.org/stkg/time	"2026-02-05T22:37:22Z"^^<http://www.w3.org/2001/XMLSchema#dateTime>
http://example.org/stkg/id/obs_rel_K2BlackPanther_BTR80_20260205T223722Z_51_d_c	http://www.w3.org/1999/02/22-rdf-syntax-ns#type	http://example.org/stkg/id/SpatialRelationObservation
http://example.org/stkg/id/obs_rel_K2BlackPanther_BTR80_20260205T223722Z_51_d_c	http://example.org/stkg/subjectEntity	http://example.org/stkg/id/platform_K2BlackPanther
http://example.org/stkg/id/obs_rel_K2BlackPanther_BTR80_20260205T223722Z_51_d_c	http://example.org/stkg/objectEntity	http://example.org/stkg/id/platform_BTR80
http://example.org/stkg/id/obs_rel_K2BlackPanther_BTR80_20260205T223722Z_51_d_c	http://example.org/stkg/relationType	http://example.org/stkg/id/relation_ahead_of
http://example.org/stkg/id/obs_rel_K2BlackPanther_BTR80_20260205T223722Z_51_d_c	http://example.org/stkg/time	"2026-02-05T22:37:22Z"^^<http://www.w3.org/2001/XMLSchema#dateTime>
http://example.org/stkg/id/obs_rel_K2BlackPanther_T90_20260205T223722Z_51_d_e	http://www.w3.org/1999/02/22-rdf-syntax-ns#type	http://example.org/stkg/id/SpatialRelationObservation
http://example.org/stkg/id/obs_rel_K2BlackPanther_T90_20260205T223722Z_51_d_e	http://example.org/stkg/subjectEntity	http://example.org/stkg/id/platform_K2BlackPanther
http://example.org/stkg/id/obs_rel_K2BlackPanther_T90_20260205T223722Z_51_d_e	http://example.org/stkg/objectEntity	http://example.org/stkg/id/platform_T90
http://example.org/stkg/id/obs_rel_K2BlackPanther_T90_20260205T223722Z_51_d_e	http://example.org/stkg/relationType	http://example.org/stkg/id/relation_behind_of
http://example.org/stkg/id/obs_rel_K2BlackPanther_T90_20260205T223722Z_51_d_e	http://example.org/stkg/time	"2026-02-05T22:37:22Z"^^<http://www.w3.org/2001/XMLSchema#dateTime>
http://example.org/stkg/id/obs_rel_T90_K2BlackPanther_20260205T223722Z_51_e_d	http://www.w3.org/1999/02/22-rdf-syntax-ns#type	http://example.org/stkg/id/SpatialRelationObservation
http://example.org/stkg/id/obs_rel_T90_K2BlackPanther_20260205T223722Z_51_e_d	http://example.org/stkg/subjectEntity	http://example.org/stkg/id/platform_T90
http://example.org/stkg/id/obs_rel_T90_K2BlackPanther_20260205T223722Z_51_e_d	http://example.org/stkg/objectEntity	http://example.org/stkg/id/platform_K2BlackPanther
http://example.org/stkg/id/obs_rel_T90_K2BlackPanther_20260205T223722Z_51_e_d	http://example.org/stkg/relationType	http://example.org/stkg/id/relation_ahead_of
http://example.org/stkg/id/obs_rel_T90_K2BlackPanther_20260205T223722Z_51_e_d	http://example.org/stkg/time	"2026-02-05T22:37:22Z"^^<http://www.w3.org/2001/XMLSchema#dateTime>
http://example.org/stkg/id/obs_rel_BTR80_T90_20260205T223722Z_51_c_e	http://www.w3.org/1999/02/22-rdf-syntax-ns#type	http://example.org/stkg/id/SpatialRelationObservation
http://example.org/stkg/id/obs_rel_BTR80_T90_20260205T223722Z_51_c_e	http://example.org/stkg/subjectEntity	http://example.org/stkg/id/platform_BTR80
http://example.org/stkg/id/obs_rel_BTR80_T90_20260205T223722Z_51_c_e	http://example.org/stkg/objectEntity	http://example.org/stkg/id/platform_T90
http://example.org/stkg/id/obs_rel_BTR80_T90_20260205T223722Z_51_c_e	http://example.org/stkg/relationType	http://example.org/stkg/id/relation_behind_of
http://example.org/stkg/id/obs_rel_BTR80_T90_20260205T223722Z_51_c_e	http://example.org/stkg/time	"2026-02-05T22:37:22Z"^^<http://www.w3.org/2001/XMLSchema#dateTime>
http://example.org/stkg/id/obs_rel_T90_BTR80_20260205T223722Z_51_e_c	http://www.w3.org/1999/02/22-rdf-syntax-ns#type	http://example.org/stkg/id/SpatialRelationObservation
http://example.org/stkg/id/obs_rel_T90_BTR80_20260205T223722Z_51_e_c	http://example.org/stkg/subjectEntity	http://example.org/stkg/id/platform_T90
http://example.org/stkg/id/obs_rel_T90_BTR80_20260205T223722Z_51_e_c	http://example.org/stkg/objectEntity	http://example.org/stkg/id/platform_BTR80
http://example.org/stkg/id/obs_rel_T90_BTR80_20260205T223722Z_51_e_c	http://example.org/stkg/relationType	http://example.org/stkg/id/relation_ahead_of
http://example.org/stkg/id/obs_rel_T90_BTR80_20260205T223722Z_51_e_c	http://example.org/stkg/time	"2026-02-05T22:37:22Z"^^<http://www.w3.org/2001/XMLSchema#dateTime>
http://example.org/stkg/id/obs_rel_BTR80_K2BlackPanther_20260205T223723Z_52_c_d	http://www.w3.org/1999/02/22-rdf-syntax-ns#type	http://example.org/stkg/id/SpatialRelationObservation
http://example.org/stkg/id/obs_rel_BTR80_K2BlackPanther_20260205T223723Z_52_c_d	http://example.org/stkg/subjectEntity	http://example.org/stkg/id/platform_BTR80
http://example.org/stkg/id/obs_rel_BTR80_K2BlackPanther_20260205T223723Z_52_c_d	http://example.org/stkg/objectEntity	http://example.org/stkg/id/platform_K2BlackPanther
http://example.org/stkg/id/obs_rel_BTR80_K2BlackPanther_20260205T223723Z_52_c_d	http://example.org/stkg/relationType	http://example.org/stkg/id/relation_behind_of
http://example.org/stkg/id/obs_rel_BTR80_K2BlackPanther_20260205T223723Z_52_c_d	http://example.org/stkg/time	"2026-02-05T22:37:23Z"^^<http://www.w3.org/2001/XMLSchema#dateTime>
http://example.org/stkg/id/obs_rel_K2BlackPanther_BTR80_20260205T223723Z_52_d_c	http://www.w3.org/1999/02/22-rdf-syntax-ns#type	http://example.org/stkg/id/SpatialRelationObservation
http://example.org/stkg/id/obs_rel_K2BlackPanther_BTR80_20260205T223723Z_52_d_c	http://example.org/stkg/subjectEntity	http://example.org/stkg/id/platform_K2BlackPanther
http://example.org/stkg/id/obs_rel_K2BlackPanther_BTR80_20260205T223723Z_52_d_c	http://example.org/stkg/objectEntity	http://example.org/stkg/id/platform_BTR80
http://example.org/stkg/id/obs_rel_K2BlackPanther_BTR80_20260205T223723Z_52_d_c	http://example.org/stkg/relationType	http://example.org/stkg/id/relation_ahead_of
http://example.org/stkg/id/obs_rel_K2BlackPanther_BTR80_20260205T223723Z_52_d_c	http://example.org/stkg/time	"2026-02-05T22:37:23Z"^^<http://www.w3.org/2001/XMLSchema#dateTime>
http://example.org/stkg/id/obs_rel_K2BlackPanther_T90_20260205T223723Z_52_d_e	http://www.w3.org/1999/02/22-rdf-syntax-ns#type	http://example.org/stkg/id/SpatialRelationObservation
http://example.org/stkg/id/obs_rel_K2BlackPanther_T90_20260205T223723Z_52_d_e	http://example.org/stkg/subjectEntity	http://example.org/stkg/id/platform_K2BlackPanther
http://example.org/stkg/id/obs_rel_K2BlackPanther_T90_20260205T223723Z_52_d_e	http://example.org/stkg/objectEntity	http://example.org/stkg/id/platform_T90
http://example.org/stkg/id/obs_rel_K2BlackPanther_T90_20260205T223723Z_52_d_e	http://example.org/stkg/relationType	http://example.org/stkg/id/relation_behind_of
http://example.org/stkg/id/obs_rel_K2BlackPanther_T90_20260205T223723Z_52_d_e	http://example.org/stkg/time	"2026-02-05T22:37:23Z"^^<http://www.w3.org/2001/XMLSchema#dateTime>
http://example.org/stkg/id/obs_rel_T90_K2BlackPanther_20260205T223723Z_52_e_d	http://www.w3.org/1999/02/22-rdf-syntax-ns#type	http://example.org/stkg/id/SpatialRelationObservation
http://example.org/stkg/id/obs_rel_T90_K2BlackPanther_20260205T223723Z_52_e_d	http://example.org/stkg/subjectEntity	http://example.org/stkg/id/platform_T90
http://example.org/stkg/id/obs_rel_T90_K2BlackPanther_20260205T223723Z_52_e_d	http://example.org/stkg/objectEntity	http://example.org/stkg/id/platform_K2BlackPanther
http://example.org/stkg/id/obs_rel_T90_K2BlackPanther_20260205T223723Z_52_e_d	http://example.org/stkg/relationType	http://example.org/stkg/id/relation_ahead_of
http://example.org/stkg/id/obs_rel_T90_K2BlackPanther_20260205T223723Z_52_e_d	http://example.org/stkg/time	"2026-02-05T22:37:23Z"^^<http://www.w3.org/2001/XMLSchema#dateTime>
http://example.org/stkg/id/obs_rel_BTR80_T90_20260205T223723Z_52_c_e	http://www.w3.org/1999/02/22-rdf-syntax-ns#type	http://example.org/stkg/id/SpatialRelationObservation
http://example.org/stkg/id/obs_rel_BTR80_T90_20260205T223723Z_52_c_e	http://example.org/stkg/subjectEntity	http://example.org/stkg/id/platform_BTR80
http://example.org/stkg/id/obs_rel_BTR80_T90_20260205T223723Z_52_c_e	http://example.org/stkg/objectEntity	http://example.org/stkg/id/platform_T90
http://example.org/stkg/id/obs_rel_BTR80_T90_20260205T223723Z_52_c_e	http://example.org/stkg/relationType	http://example.org/stkg/id/relation_behind_of
http://example.org/stkg/id/obs_rel_BTR80_T90_20260205T223723Z_52_c_e	http://example.org/stkg/time	"2026-02-05T22:37:23Z"^^<http://www.w3.org/2001/XMLSchema#dateTime>
http://example.org/stkg/id/obs_rel_T90_BTR80_20260205T223723Z_52_e_c	http://www.w3.org/1999/02/22-rdf-syntax-ns#type	http://example.org/stkg/id/SpatialRelationObservation
http://example.org/stkg/id/obs_rel_T90_BTR80_20260205T223723Z_52_e_c	http://example.org/stkg/subjectEntity	http://example.org/stkg/id/platform_T90
http://example.org/stkg/id/obs_rel_T90_BTR80_20260205T223723Z_52_e_c	http://example.org/stkg/objectEntity	http://example.org/stkg/id/platform_BTR80
http://example.org/stkg/id/obs_rel_T90_BTR80_20260205T223723Z_52_e_c	http://example.org/stkg/relationType	http://example.org/stkg/id/relation_ahead_of
http://example.org/stkg/id/obs_rel_T90_BTR80_20260205T223723Z_52_e_c	http://example.org/stkg/time	"2026-02-05T22:37:23Z"^^<http://www.w3.org/2001/XMLSchema#dateTime>
http://example.org/stkg/id/obs_rel_BTR80_K2BlackPanther_20260205T223724Z_53_c_d	http://www.w3.org/1999/02/22-rdf-syntax-ns#type	http://example.org/stkg/id/SpatialRelationObservation
http://example.org/stkg/id/obs_rel_BTR80_K2BlackPanther_20260205T223724Z_53_c_d	http://example.org/stkg/subjectEntity	http://example.org/stkg/id/platform_BTR80
http://example.org/stkg/id/obs_rel_BTR80_K2BlackPanther_20260205T223724Z_53_c_d	http://example.org/stkg/objectEntity	http://example.org/stkg/id/platform_K2BlackPanther
http://example.org/stkg/id/obs_rel_BTR80_K2BlackPanther_20260205T223724Z_53_c_d	http://example.org/stkg/relationType	http://example.org/stkg/id/relation_behind_of
http://example.org/stkg/id/obs_rel_BTR80_K2BlackPanther_20260205T223724Z_53_c_d	http://example.org/stkg/time	"2026-02-05T22:37:24Z"^^<http://www.w3.org/2001/XMLSchema#dateTime>
http://example.org/stkg/id/obs_rel_K2BlackPanther_BTR80_20260205T223724Z_53_d_c	http://www.w3.org/1999/02/22-rdf-syntax-ns#type	http://example.org/stkg/id/SpatialRelationObservation
http://example.org/stkg/id/obs_rel_K2BlackPanther_BTR80_20260205T223724Z_53_d_c	http://example.org/stkg/subjectEntity	http://example.org/stkg/id/platform_K2BlackPanther
http://example.org/stkg/id/obs_rel_K2BlackPanther_BTR80_20260205T223724Z_53_d_c	http://example.org/stkg/objectEntity	http://example.org/stkg/id/platform_BTR80
http://example.org/stkg/id/obs_rel_K2BlackPanther_BTR80_20260205T223724Z_53_d_c	http://example.org/stkg/relationType	http://example.org/stkg/id/relation_ahead_of
http://example.org/stkg/id/obs_rel_K2BlackPanther_BTR80_20260205T223724Z_53_d_c	http://example.org/stkg/time	"2026-02-05T22:37:24Z"^^<http://www.w3.org/2001/XMLSchema#dateTime>
http://example.org/stkg/id/obs_rel_K2BlackPanther_T90_20260205T223724Z_53_d_e	http://www.w3.org/1999/02/22-rdf-syntax-ns#type	http://example.org/stkg/id/SpatialRelationObservation
http://example.org/stkg/id/obs_rel_K2BlackPanther_T90_20260205T223724Z_53_d_e	http://example.org/stkg/subjectEntity	http://example.org/stkg/id/platform_K2BlackPanther
http://example.org/stkg/id/obs_rel_K2BlackPanther_T90_20260205T223724Z_53_d_e	http://example.org/stkg/objectEntity	http://example.org/stkg/id/platform_T90
http://example.org/stkg/id/obs_rel_K2BlackPanther_T90_20260205T223724Z_53_d_e	http://example.org/stkg/relationType	http://example.org/stkg/id/relation_behind_of
http://example.org/stkg/id/obs_rel_K2BlackPanther_T90_20260205T223724Z_53_d_e	http://example.org/stkg/time	"2026-02-05T22:37:24Z"^^<http://www.w3.org/2001/XMLSchema#dateTime>
http://example.org/stkg/id/obs_rel_T90_K2BlackPanther_20260205T223724Z_53_e_d	http://www.w3.org/1999/02/22-rdf-syntax-ns#type	http://example.org/stkg/id/SpatialRelationObservation
http://example.org/stkg/id/obs_rel_T90_K2BlackPanther_20260205T223724Z_53_e_d	http://example.org/stkg/subjectEntity	http://example.org/stkg/id/platform_T90
http://example.org/stkg/id/obs_rel_T90_K2BlackPanther_20260205T223724Z_53_e_d	http://example.org/stkg/objectEntity	http://example.org/stkg/id/platform_K2BlackPanther
http://example.org/stkg/id/obs_rel_T90_K2BlackPanther_20260205T223724Z_53_e_d	http://example.org/stkg/relationType	http://example.org/stkg/id/relation_ahead_of
http://example.org/stkg/id/obs_rel_T90_K2BlackPanther_20260205T223724Z_53_e_d	http://example.org/stkg/time	"2026-02-05T22:37:24Z"^^<http://www.w3.org/2001/XMLSchema#dateTime>
http://example.org/stkg/id/obs_rel_BTR80_T90_20260205T223724Z_53_c_e	http://www.w3.org/1999/02/22-rdf-syntax-ns#type	http://example.org/stkg/id/SpatialRelationObservation
http://example.org/stkg/id/obs_rel_BTR80_T90_20260205T223724Z_53_c_e	http://example.org/stkg/subjectEntity	http://example.org/stkg/id/platform_BTR80
http://example.org/stkg/id/obs_rel_BTR80_T90_20260205T223724Z_53_c_e	http://example.org/stkg/objectEntity	http://example.org/stkg/id/platform_T90
http://example.org/stkg/id/obs_rel_BTR80_T90_20260205T223724Z_53_c_e	http://example.org/stkg/relationType	http://example.org/stkg/id/relation_behind_of
http://example.org/stkg/id/obs_rel_BTR80_T90_20260205T223724Z_53_c_e	http://example.org/stkg/time	"2026-02-05T22:37:24Z"^^<http://www.w3.org/2001/XMLSchema#dateTime>
http://example.org/stkg/id/obs_rel_T90_BTR80_20260205T223724Z_53_e_c	http://www.w3.org/1999/02/22-rdf-syntax-ns#type	http://example.org/stkg/id/SpatialRelationObservation
http://example.org/stkg/id/obs_rel_T90_BTR80_20260205T223724Z_53_e_c	http://example.org/stkg/subjectEntity	http://example.org/stkg/id/platform_T90
http://example.org/stkg/id/obs_rel_T90_BTR80_20260205T223724Z_53_e_c	http://example.org/stkg/objectEntity	http://example.org/stkg/id/platform_BTR80
http://example.org/stkg/id/obs_rel_T90_BTR80_20260205T223724Z_53_e_c	http://example.org/stkg/relationType	http://example.org/stkg/id/relation_ahead_of
http://example.org/stkg/id/obs_rel_T90_BTR80_20260205T223724Z_53_e_c	http://example.org/stkg/time	"2026-02-05T22:37:24Z"^^<http://www.w3.org/2001/XMLSchema#dateTime>
http://example.org/stkg/id/obs_rel_BTR80_K2BlackPanther_20260205T223725Z_54_c_d	http://www.w3.org/1999/02/22-rdf-syntax-ns#type	http://example.org/stkg/id/SpatialRelationObservation
http://example.org/stkg/id/obs_rel_BTR80_K2BlackPanther_20260205T223725Z_54_c_d	http://example.org/stkg/subjectEntity	http://example.org/stkg/id/platform_BTR80
http://example.org/stkg/id/obs_rel_BTR80_K2BlackPanther_20260205T223725Z_54_c_d	http://example.org/stkg/objectEntity	http://example.org/stkg/id/platform_K2BlackPanther
http://example.org/stkg/id/obs_rel_BTR80_K2BlackPanther_20260205T223725Z_54_c_d	http://example.org/stkg/relationType	http://example.org/stkg/id/relation_behind_of
http://example.org/stkg/id/obs_rel_BTR80_K2BlackPanther_20260205T223725Z_54_c_d	http://example.org/stkg/time	"2026-02-05T22:37:25Z"^^<http://www.w3.org/2001/XMLSchema#dateTime>
http://example.org/stkg/id/obs_rel_K2BlackPanther_BTR80_20260205T223725Z_54_d_c	http://www.w3.org/1999/02/22-rdf-syntax-ns#type	http://example.org/stkg/id/SpatialRelationObservation
http://example.org/stkg/id/obs_rel_K2BlackPanther_BTR80_20260205T223725Z_54_d_c	http://example.org/stkg/subjectEntity	http://example.org/stkg/id/platform_K2BlackPanther
http://example.org/stkg/id/obs_rel_K2BlackPanther_BTR80_20260205T223725Z_54_d_c	http://example.org/stkg/objectEntity	http://example.org/stkg/id/platform_BTR80
http://example.org/stkg/id/obs_rel_K2BlackPanther_BTR80_20260205T223725Z_54_d_c	http://example.org/stkg/relationType	http://example.org/stkg/id/relation_ahead_of
http://example.org/stkg/id/obs_rel_K2BlackPanther_BTR80_20260205T223725Z_54_d_c	http://example.org/stkg/time	"2026-02-05T22:37:25Z"^^<http://www.w3.org/2001/XMLSchema#dateTime>
http://example.org/stkg/id/obs_rel_K2BlackPanther_T90_20260205T223725Z_54_d_e	http://www.w3.org/1999/02/22-rdf-syntax-ns#type	http://example.org/stkg/id/SpatialRelationObservation
http://example.org/stkg/id/obs_rel_K2BlackPanther_T90_20260205T223725Z_54_d_e	http://example.org/stkg/subjectEntity	http://example.org/stkg/id/platform_K2BlackPanther
http://example.org/stkg/id/obs_rel_K2BlackPanther_T90_20260205T223725Z_54_d_e	http://example.org/stkg/objectEntity	http://example.org/stkg/id/platform_T90
http://example.org/stkg/id/obs_rel_K2BlackPanther_T90_20260205T223725Z_54_d_e	http://example.org/stkg/relationType	http://example.org/stkg/id/relation_behind_of
http://example.org/stkg/id/obs_rel_K2BlackPanther_T90_20260205T223725Z_54_d_e	http://example.org/stkg/time	"2026-02-05T22:37:25Z"^^<http://www.w3.org/2001/XMLSchema#dateTime>
http://example.org/stkg/id/obs_rel_T90_K2BlackPanther_20260205T223725Z_54_e_d	http://www.w3.org/1999/02/22-rdf-syntax-ns#type	http://example.org/stkg/id/SpatialRelationObservation
http://example.org/stkg/id/obs_rel_T90_K2BlackPanther_20260205T223725Z_54_e_d	http://example.org/stkg/subjectEntity	http://example.org/stkg/id/platform_T90
http://example.org/stkg/id/obs_rel_T90_K2BlackPanther_20260205T223725Z_54_e_d	http://example.org/stkg/objectEntity	http://example.org/stkg/id/platform_K2BlackPanther
http://example.org/stkg/id/obs_rel_T90_K2BlackPanther_20260205T223725Z_54_e_d	http://example.org/stkg/relationType	http://example.org/stkg/id/relation_ahead_of
http://example.org/stkg/id/obs_rel_T90_K2BlackPanther_20260205T223725Z_54_e_d	http://example.org/stkg/time	"2026-02-05T22:37:25Z"^^<http://www.w3.org/2001/XMLSchema#dateTime>
http://example.org/stkg/id/obs_rel_BTR80_T90_20260205T223725Z_54_c_e	http://www.w3.org/1999/02/22-rdf-syntax-ns#type	http://example.org/stkg/id/SpatialRelationObservation
http://example.org/stkg/id/obs_rel_BTR80_T90_20260205T223725Z_54_c_e	http://example.org/stkg/subjectEntity	http://example.org/stkg/id/platform_BTR80
http://example.org/stkg/id/obs_rel_BTR80_T90_20260205T223725Z_54_c_e	http://example.org/stkg/objectEntity	http://example.org/stkg/id/platform_T90
http://example.org/stkg/id/obs_rel_BTR80_T90_20260205T223725Z_54_c_e	http://example.org/stkg/relationType	http://example.org/stkg/id/relation_behind_of
http://example.org/stkg/id/obs_rel_BTR80_T90_20260205T223725Z_54_c_e	http://example.org/stkg/time	"2026-02-05T22:37:25Z"^^<http://www.w3.org/2001/XMLSchema#dateTime>
http://example.org/stkg/id/obs_rel_T90_BTR80_20260205T223725Z_54_e_c	http://www.w3.org/1999/02/22-rdf-syntax-ns#type	http://example.org/stkg/id/SpatialRelationObservation
http://example.org/stkg/id/obs_rel_T90_BTR80_20260205T223725Z_54_e_c	http://example.org/stkg/subjectEntity	http://example.org/stkg/id/platform_T90
http://example.org/stkg/id/obs_rel_T90_BTR80_20260205T223725Z_54_e_c	http://example.org/stkg/objectEntity	http://example.org/stkg/id/platform_BTR80
http://example.org/stkg/id/obs_rel_T90_BTR80_20260205T223725Z_54_e_c	http://example.org/stkg/relationType	http://example.org/stkg/id/relation_ahead_of
http://example.org/stkg/id/obs_rel_T90_BTR80_20260205T223725Z_54_e_c	http://example.org/stkg/time	"2026-02-05T22:37:25Z"^^<http://www.w3.org/2001/XMLSchema#dateTime>
http://example.org/stkg/id/obs_rel_BTR80_K2BlackPanther_20260205T223726Z_55_c_d	http://www.w3.org/1999/02/22-rdf-syntax-ns#type	http://example.org/stkg/id/SpatialRelationObservation
http://example.org/stkg/id/obs_rel_BTR80_K2BlackPanther_20260205T223726Z_55_c_d	http://example.org/stkg/subjectEntity	http://example.org/stkg/id/platform_BTR80
http://example.org/stkg/id/obs_rel_BTR80_K2BlackPanther_20260205T223726Z_55_c_d	http://example.org/stkg/objectEntity	http://example.org/stkg/id/platform_K2BlackPanther
http://example.org/stkg/id/obs_rel_BTR80_K2BlackPanther_20260205T223726Z_55_c_d	http://example.org/stkg/relationType	http://example.org/stkg/id/relation_behind_of
http://example.org/stkg/id/obs_rel_BTR80_K2BlackPanther_20260205T223726Z_55_c_d	http://example.org/stkg/time	"2026-02-05T22:37:26Z"^^<http://www.w3.org/2001/XMLSchema#dateTime>
http://example.org/stkg/id/obs_rel_K2BlackPanther_BTR80_20260205T223726Z_55_d_c	http://www.w3.org/1999/02/22-rdf-syntax-ns#type	http://example.org/stkg/id/SpatialRelationObservation
http://example.org/stkg/id/obs_rel_K2BlackPanther_BTR80_20260205T223726Z_55_d_c	http://example.org/stkg/subjectEntity	http://example.org/stkg/id/platform_K2BlackPanther
http://example.org/stkg/id/obs_rel_K2BlackPanther_BTR80_20260205T223726Z_55_d_c	http://example.org/stkg/objectEntity	http://example.org/stkg/id/platform_BTR80
http://example.org/stkg/id/obs_rel_K2BlackPanther_BTR80_20260205T223726Z_55_d_c	http://example.org/stkg/relationType	http://example.org/stkg/id/relation_ahead_of
http://example.org/stkg/id/obs_rel_K2BlackPanther_BTR80_20260205T223726Z_55_d_c	http://example.org/stkg/time	"2026-02-05T22:37:26Z"^^<http://www.w3.org/2001/XMLSchema#dateTime>
http://example.org/stkg/id/obs_rel_K2BlackPanther_T90_20260205T223726Z_55_d_e	http://www.w3.org/1999/02/22-rdf-syntax-ns#type	http://example.org/stkg/id/SpatialRelationObservation
http://example.org/stkg/id/obs_rel_K2BlackPanther_T90_20260205T223726Z_55_d_e	http://example.org/stkg/subjectEntity	http://example.org/stkg/id/platform_K2BlackPanther
http://example.org/stkg/id/obs_rel_K2BlackPanther_T90_20260205T223726Z_55_d_e	http://example.org/stkg/objectEntity	http://example.org/stkg/id/platform_T90
http://example.org/stkg/id/obs_rel_K2BlackPanther_T90_20260205T223726Z_55_d_e	http://example.org/stkg/relationType	http://example.org/stkg/id/relation_behind_of
http://example.org/stkg/id/obs_rel_K2BlackPanther_T90_20260205T223726Z_55_d_e	http://example.org/stkg/time	"2026-02-05T22:37:26Z"^^<http://www.w3.org/2001/XMLSchema#dateTime>
http://example.org/stkg/id/obs_rel_T90_K2BlackPanther_20260205T223726Z_55_e_d	http://www.w3.org/1999/02/22-rdf-syntax-ns#type	http://example.org/stkg/id/SpatialRelationObservation
http://example.org/stkg/id/obs_rel_T90_K2BlackPanther_20260205T223726Z_55_e_d	http://example.org/stkg/subjectEntity	http://example.org/stkg/id/platform_T90
http://example.org/stkg/id/obs_rel_T90_K2BlackPanther_20260205T223726Z_55_e_d	http://example.org/stkg/objectEntity	http://example.org/stkg/id/platform_K2BlackPanther
http://example.org/stkg/id/obs_rel_T90_K2BlackPanther_20260205T223726Z_55_e_d	http://example.org/stkg/relationType	http://example.org/stkg/id/relation_ahead_of
http://example.org/stkg/id/obs_rel_T90_K2BlackPanther_20260205T223726Z_55_e_d	http://example.org/stkg/time	"2026-02-05T22:37:26Z"^^<http://www.w3.org/2001/XMLSchema#dateTime>
http://example.org/stkg/id/obs_rel_BTR80_T90_20260205T223726Z_55_c_e	http://www.w3.org/1999/02/22-rdf-syntax-ns#type	http://example.org/stkg/id/SpatialRelationObservation
http://example.org/stkg/id/obs_rel_BTR80_T90_20260205T223726Z_55_c_e	http://example.org/stkg/subjectEntity	http://example.org/stkg/id/platform_BTR80
http://example.org/stkg/id/obs_rel_BTR80_T90_20260205T223726Z_55_c_e	http://example.org/stkg/objectEntity	http://example.org/stkg/id/platform_T90
http://example.org/stkg/id/obs_rel_BTR80_T90_20260205T223726Z_55_c_e	http://example.org/stkg/relationType	http://example.org/stkg/id/relation_behind_of
http://example.org/stkg/id/obs_rel_BTR80_T90_20260205T223726Z_55_c_e	http://example.org/stkg/time	"2026-02-05T22:37:26Z"^^<http://www.w3.org/2001/XMLSchema#dateTime>
http://example.org/stkg/id/obs_rel_T90_BTR80_20260205T223726Z_55_e_c	http://www.w3.org/1999/02/22-rdf-syntax-ns#type	http://example.org/stkg/id/SpatialRelationObservation
http://example.org/stkg/id/obs_rel_T90_BTR80_20260205T223726Z_55_e_c	http://example.org/stkg/subjectEntity	http://example.org/stkg/id/platform_T90
http://example.org/stkg/id/obs_rel_T90_BTR80_20260205T223726Z_55_e_c	http://example.org/stkg/objectEntity	http://example.org/stkg/id/platform_BTR80
http://example.org/stkg/id/obs_rel_T90_BTR80_20260205T223726Z_55_e_c	http://example.org/stkg/relationType	http://example.org/stkg/id/relation_ahead_of
http://example.org/stkg/id/obs_rel_T90_BTR80_20260205T223726Z_55_e_c	http://example.org/stkg/time	"2026-02-05T22:37:26Z"^^<http://www.w3.org/2001/XMLSchema#dateTime>
http://example.org/stkg/id/obs_rel_BTR80_K2BlackPanther_20260205T223727Z_56_c_d	http://www.w3.org/1999/02/22-rdf-syntax-ns#type	http://example.org/stkg/id/SpatialRelationObservation
http://example.org/stkg/id/obs_rel_BTR80_K2BlackPanther_20260205T223727Z_56_c_d	http://example.org/stkg/subjectEntity	http://example.org/stkg/id/platform_BTR80
http://example.org/stkg/id/obs_rel_BTR80_K2BlackPanther_20260205T223727Z_56_c_d	http://example.org/stkg/objectEntity	http://example.org/stkg/id/platform_K2BlackPanther
http://example.org/stkg/id/obs_rel_BTR80_K2BlackPanther_20260205T223727Z_56_c_d	http://example.org/stkg/relationType	http://example.org/stkg/id/relation_behind_of
http://example.org/stkg/id/obs_rel_BTR80_K2BlackPanther_20260205T223727Z_56_c_d	http://example.org/stkg/time	"2026-02-05T22:37:27Z"^^<http://www.w3.org/2001/XMLSchema#dateTime>
http://example.org/stkg/id/obs_rel_K2BlackPanther_BTR80_20260205T223727Z_56_d_c	http://www.w3.org/1999/02/22-rdf-syntax-ns#type	http://example.org/stkg/id/SpatialRelationObservation
http://example.org/stkg/id/obs_rel_K2BlackPanther_BTR80_20260205T223727Z_56_d_c	http://example.org/stkg/subjectEntity	http://example.org/stkg/id/platform_K2BlackPanther
http://example.org/stkg/id/obs_rel_K2BlackPanther_BTR80_20260205T223727Z_56_d_c	http://example.org/stkg/objectEntity	http://example.org/stkg/id/platform_BTR80
http://example.org/stkg/id/obs_rel_K2BlackPanther_BTR80_20260205T223727Z_56_d_c	http://example.org/stkg/relationType	http://example.org/stkg/id/relation_ahead_of
http://example.org/stkg/id/obs_rel_K2BlackPanther_BTR80_20260205T223727Z_56_d_c	http://example.org/stkg/time	"2026-02-05T22:37:27Z"^^<http://www.w3.org/2001/XMLSchema#dateTime>
http://example.org/stkg/id/obs_rel_K2BlackPanther_T90_20260205T223727Z_56_d_e	http://www.w3.org/1999/02/22-rdf-syntax-ns#type	http://example.org/stkg/id/SpatialRelationObservation
http://example.org/stkg/id/obs_rel_K2BlackPanther_T90_20260205T223727Z_56_d_e	http://example.org/stkg/subjectEntity	http://example.org/stkg/id/platform_K2BlackPanther
http://example.org/stkg/id/obs_rel_K2BlackPanther_T90_20260205T223727Z_56_d_e	http://example.org/stkg/objectEntity	http://example.org/stkg/id/platform_T90
http://example.org/stkg/id/obs_rel_K2BlackPanther_T90_20260205T223727Z_56_d_e	http://example.org/stkg/relationType	http://example.org/stkg/id/relation_behind_of
http://example.org/stkg/id/obs_rel_K2BlackPanther_T90_20260205T223727Z_56_d_e	http://example.org/stkg/time	"2026-02-05T22:37:27Z"^^<http://www.w3.org/2001/XMLSchema#dateTime>
http://example.org/stkg/id/obs_rel_T90_K2BlackPanther_20260205T223727Z_56_e_d	http://www.w3.org/1999/02/22-rdf-syntax-ns#type	http://example.org/stkg/id/SpatialRelationObservation
http://example.org/stkg/id/obs_rel_T90_K2BlackPanther_20260205T223727Z_56_e_d	http://example.org/stkg/subjectEntity	http://example.org/stkg/id/platform_T90
http://example.org/stkg/id/obs_rel_T90_K2BlackPanther_20260205T223727Z_56_e_d	http://example.org/stkg/objectEntity	http://example.org/stkg/id/platform_K2BlackPanther
http://example.org/stkg/id/obs_rel_T90_K2BlackPanther_20260205T223727Z_56_e_d	http://example.org/stkg/relationType	http://example.org/stkg/id/relation_ahead_of
http://example.org/stkg/id/obs_rel_T90_K2BlackPanther_20260205T223727Z_56_e_d	http://example.org/stkg/time	"2026-02-05T22:37:27Z"^^<http://www.w3.org/2001/XMLSchema#dateTime>
http://example.org/stkg/id/obs_rel_BTR80_T90_20260205T223727Z_56_c_e	http://www.w3.org/1999/02/22-rdf-syntax-ns#type	http://example.org/stkg/id/SpatialRelationObservation
http://example.org/stkg/id/obs_rel_BTR80_T90_20260205T223727Z_56_c_e	http://example.org/stkg/subjectEntity	http://example.org/stkg/id/platform_BTR80
http://example.org/stkg/id/obs_rel_BTR80_T90_20260205T223727Z_56_c_e	http://example.org/stkg/objectEntity	http://example.org/stkg/id/platform_T90
http://example.org/stkg/id/obs_rel_BTR80_T90_20260205T223727Z_56_c_e	http://example.org/stkg/relationType	http://example.org/stkg/id/relation_behind_of
http://example.org/stkg/id/obs_rel_BTR80_T90_20260205T223727Z_56_c_e	http://example.org/stkg/time	"2026-02-05T22:37:27Z"^^<http://www.w3.org/2001/XMLSchema#dateTime>
http://example.org/stkg/id/obs_rel_T90_BTR80_20260205T223727Z_56_e_c	http://www.w3.org/1999/02/22-rdf-syntax-ns#type	http://example.org/stkg/id/SpatialRelationObservation
http://example.org/stkg/id/obs_rel_T90_BTR80_20260205T223727Z_56_e_c	http://example.org/stkg/subjectEntity	http://example.org/stkg/id/platform_T90
http://example.org/stkg/id/obs_rel_T90_BTR80_20260205T223727Z_56_e_c	http://example.org/stkg/objectEntity	http://example.org/stkg/id/platform_BTR80
http://example.org/stkg/id/obs_rel_T90_BTR80_20260205T223727Z_56_e_c	http://example.org/stkg/relationType	http://example.org/stkg/id/relation_ahead_of
http://example.org/stkg/id/obs_rel_T90_BTR80_20260205T223727Z_56_e_c	http://example.org/stkg/time	"2026-02-05T22:37:27Z"^^<http://www.w3.org/2001/XMLSchema#dateTime>
http://example.org/stkg/id/obs_rel_BTR80_K2BlackPanther_20260205T223728Z_57_c_d	http://www.w3.org/1999/02/22-rdf-syntax-ns#type	http://example.org/stkg/id/SpatialRelationObservation
http://example.org/stkg/id/obs_rel_BTR80_K2BlackPanther_20260205T223728Z_57_c_d	http://example.org/stkg/subjectEntity	http://example.org/stkg/id/platform_BTR80
http://example.org/stkg/id/obs_rel_BTR80_K2BlackPanther_20260205T223728Z_57_c_d	http://example.org/stkg/objectEntity	http://example.org/stkg/id/platform_K2BlackPanther
http://example.org/stkg/id/obs_rel_BTR80_K2BlackPanther_20260205T223728Z_57_c_d	http://example.org/stkg/relationType	http://example.org/stkg/id/relation_behind_of
http://example.org/stkg/id/obs_rel_BTR80_K2BlackPanther_20260205T223728Z_57_c_d	http://example.org/stkg/time	"2026-02-05T22:37:28Z"^^<http://www.w3.org/2001/XMLSchema#dateTime>
http://example.org/stkg/id/obs_rel_K2BlackPanther_BTR80_20260205T223728Z_57_d_c	http://www.w3.org/1999/02/22-rdf-syntax-ns#type	http://example.org/stkg/id/SpatialRelationObservation
http://example.org/stkg/id/obs_rel_K2BlackPanther_BTR80_20260205T223728Z_57_d_c	http://example.org/stkg/subjectEntity	http://example.org/stkg/id/platform_K2BlackPanther
http://example.org/stkg/id/obs_rel_K2BlackPanther_BTR80_20260205T223728Z_57_d_c	http://example.org/stkg/objectEntity	http://example.org/stkg/id/platform_BTR80
http://example.org/stkg/id/obs_rel_K2BlackPanther_BTR80_20260205T223728Z_57_d_c	http://example.org/stkg/relationType	http://example.org/stkg/id/relation_ahead_of
http://example.org/stkg/id/obs_rel_K2BlackPanther_BTR80_20260205T223728Z_57_d_c	http://example.org/stkg/time	"2026-02-05T22:37:28Z"^^<http://www.w3.org/2001/XMLSchema#dateTime>
http://example.org/stkg/id/obs_rel_K2BlackPanther_T90_20260205T223728Z_57_d_e	http://www.w3.org/1999/02/22-rdf-syntax-ns#type	http://example.org/stkg/id/SpatialRelationObservation
http://example.org/stkg/id/obs_rel_K2BlackPanther_T90_20260205T223728Z_57_d_e	http://example.org/stkg/subjectEntity	http://example.org/stkg/id/platform_K2BlackPanther
http://example.org/stkg/id/obs_rel_K2BlackPanther_T90_20260205T223728Z_57_d_e	http://example.org/stkg/objectEntity	http://example.org/stkg/id/platform_T90
http://example.org/stkg/id/obs_rel_K2BlackPanther_T90_20260205T223728Z_57_d_e	http://example.org/stkg/relationType	http://example.org/stkg/id/relation_behind_of
http://example.org/stkg/id/obs_rel_K2BlackPanther_T90_20260205T223728Z_57_d_e	http://example.org/stkg/time	"2026-02-05T22:37:28Z"^^<http://www.w3.org/2001/XMLSchema#dateTime>
http://example.org/stkg/id/obs_rel_T90_K2BlackPanther_20260205T223728Z_57_e_d	http://www.w3.org/1999/02/22-rdf-syntax-ns#type	http://example.org/stkg/id/SpatialRelationObservation
http://example.org/stkg/id/obs_rel_T90_K2BlackPanther_20260205T223728Z_57_e_d	http://example.org/stkg/subjectEntity	http://example.org/stkg/id/platform_T90
http://example.org/stkg/id/obs_rel_T90_K2BlackPanther_20260205T223728Z_57_e_d	http://example.org/stkg/objectEntity	http://example.org/stkg/id/platform_K2BlackPanther
http://example.org/stkg/id/obs_rel_T90_K2BlackPanther_20260205T223728Z_57_e_d	http://example.org/stkg/relationType	http://example.org/stkg/id/relation_ahead_of
http://example.org/stkg/id/obs_rel_T90_K2BlackPanther_20260205T223728Z_57_e_d	http://example.org/stkg/time	"2026-02-05T22:37:28Z"^^<http://www.w3.org/2001/XMLSchema#dateTime>
http://example.org/stkg/id/obs_rel_BTR80_T90_20260205T223728Z_57_c_e	http://www.w3.org/1999/02/22-rdf-syntax-ns#type	http://example.org/stkg/id/SpatialRelationObservation
http://example.org/stkg/id/obs_rel_BTR80_T90_20260205T223728Z_57_c_e	http://example.org/stkg/subjectEntity	http://example.org/stkg/id/platform_BTR80
http://example.org/stkg/id/obs_rel_BTR80_T90_20260205T223728Z_57_c_e	http://example.org/stkg/objectEntity	http://example.org/stkg/id/platform_T90
http://example.org/stkg/id/obs_rel_BTR80_T90_20260205T223728Z_57_c_e	http://example.org/stkg/relationType	http://example.org/stkg/id/relation_behind_of
http://example.org/stkg/id/obs_rel_BTR80_T90_20260205T223728Z_57_c_e	http://example.org/stkg/time	"2026-02-05T22:37:28Z"^^<http://www.w3.org/2001/XMLSchema#dateTime>
http://example.org/stkg/id/obs_rel_T90_BTR80_20260205T223728Z_57_e_c	http://www.w3.org/1999/02/22-rdf-syntax-ns#type	http://example.org/stkg/id/SpatialRelationObservation
http://example.org/stkg/id/obs_rel_T90_BTR80_20260205T223728Z_57_e_c	http://example.org/stkg/subjectEntity	http://example.org/stkg/id/platform_T90
http://example.org/stkg/id/obs_rel_T90_BTR80_20260205T223728Z_57_e_c	http://example.org/stkg/objectEntity	http://example.org/stkg/id/platform_BTR80
http://example.org/stkg/id/obs_rel_T90_BTR80_20260205T223728Z_57_e_c	http://example.org/stkg/relationType	http://example.org/stkg/id/relation_ahead_of
http://example.org/stkg/id/obs_rel_T90_BTR80_20260205T223728Z_57_e_c	http://example.org/stkg/time	"2026-02-05T22:37:28Z"^^<http://www.w3.org/2001/XMLSchema#dateTime>
http://example.org/stkg/id/obs_rel_BTR80_K2BlackPanther_20260205T223729Z_58_c_d	http://www.w3.org/1999/02/22-rdf-syntax-ns#type	http://example.org/stkg/id/SpatialRelationObservation
http://example.org/stkg/id/obs_rel_BTR80_K2BlackPanther_20260205T223729Z_58_c_d	http://example.org/stkg/subjectEntity	http://example.org/stkg/id/platform_BTR80
http://example.org/stkg/id/obs_rel_BTR80_K2BlackPanther_20260205T223729Z_58_c_d	http://example.org/stkg/objectEntity	http://example.org/stkg/id/platform_K2BlackPanther
http://example.org/stkg/id/obs_rel_BTR80_K2BlackPanther_20260205T223729Z_58_c_d	http://example.org/stkg/relationType	http://example.org/stkg/id/relation_behind_of
http://example.org/stkg/id/obs_rel_BTR80_K2BlackPanther_20260205T223729Z_58_c_d	http://example.org/stkg/time	"2026-02-05T22:37:29Z"^^<http://www.w3.org/2001/XMLSchema#dateTime>
http://example.org/stkg/id/obs_rel_K2BlackPanther_BTR80_20260205T223729Z_58_d_c	http://www.w3.org/1999/02/22-rdf-syntax-ns#type	http://example.org/stkg/id/SpatialRelationObservation
http://example.org/stkg/id/obs_rel_K2BlackPanther_BTR80_20260205T223729Z_58_d_c	http://example.org/stkg/subjectEntity	http://example.org/stkg/id/platform_K2BlackPanther
http://example.org/stkg/id/obs_rel_K2BlackPanther_BTR80_20260205T223729Z_58_d_c	http://example.org/stkg/objectEntity	http://example.org/stkg/id/platform_BTR80
http://example.org/stkg/id/obs_rel_K2BlackPanther_BTR80_20260205T223729Z_58_d_c	http://example.org/stkg/relationType	http://example.org/stkg/id/relation_ahead_of
http://example.org/stkg/id/obs_rel_K2BlackPanther_BTR80_20260205T223729Z_58_d_c	http://example.org/stkg/time	"2026-02-05T22:37:29Z"^^<http://www.w3.org/2001/XMLSchema#dateTime>
http://example.org/stkg/id/obs_rel_K2BlackPanther_T90_20260205T223729Z_58_d_e	http://www.w3.org/1999/02/22-rdf-syntax-ns#type	http://example.org/stkg/id/SpatialRelationObservation
http://example.org/stkg/id/obs_rel_K2BlackPanther_T90_20260205T223729Z_58_d_e	http://example.org/stkg/subjectEntity	http://example.org/stkg/id/platform_K2BlackPanther
http://example.org/stkg/id/obs_rel_K2BlackPanther_T90_20260205T223729Z_58_d_e	http://example.org/stkg/objectEntity	http://example.org/stkg/id/platform_T90
http://example.org/stkg/id/obs_rel_K2BlackPanther_T90_20260205T223729Z_58_d_e	http://example.org/stkg/relationType	http://example.org/stkg/id/relation_behind_of
http://example.org/stkg/id/obs_rel_K2BlackPanther_T90_20260205T223729Z_58_d_e	http://example.org/stkg/time	"2026-02-05T22:37:29Z"^^<http://www.w3.org/2001/XMLSchema#dateTime>
http://example.org/stkg/id/obs_rel_T90_K2BlackPanther_20260205T223729Z_58_e_d	http://www.w3.org/1999/02/22-rdf-syntax-ns#type	http://example.org/stkg/id/SpatialRelationObservation
http://example.org/stkg/id/obs_rel_T90_K2BlackPanther_20260205T223729Z_58_e_d	http://example.org/stkg/subjectEntity	http://example.org/stkg/id/platform_T90
http://example.org/stkg/id/obs_rel_T90_K2BlackPanther_20260205T223729Z_58_e_d	http://example.org/stkg/objectEntity	http://example.org/stkg/id/platform_K2BlackPanther
http://example.org/stkg/id/obs_rel_T90_K2BlackPanther_20260205T223729Z_58_e_d	http://example.org/stkg/relationType	http://example.org/stkg/id/relation_ahead_of
http://example.org/stkg/id/obs_rel_T90_K2BlackPanther_20260205T223729Z_58_e_d	http://example.org/stkg/time	"2026-02-05T22:37:29Z"^^<http://www.w3.org/2001/XMLSchema#dateTime>
http://example.org/stkg/id/obs_rel_BTR80_T90_20260205T223729Z_58_c_e	http://www.w3.org/1999/02/22-rdf-syntax-ns#type	http://example.org/stkg/id/SpatialRelationObservation
http://example.org/stkg/id/obs_rel_BTR80_T90_20260205T223729Z_58_c_e	http://example.org/stkg/subjectEntity	http://example.org/stkg/id/platform_BTR80
http://example.org/stkg/id/obs_rel_BTR80_T90_20260205T223729Z_58_c_e	http://example.org/stkg/objectEntity	http://example.org/stkg/id/platform_T90
http://example.org/stkg/id/obs_rel_BTR80_T90_20260205T223729Z_58_c_e	http://example.org/stkg/relationType	http://example.org/stkg/id/relation_behind_of
http://example.org/stkg/id/obs_rel_BTR80_T90_20260205T223729Z_58_c_e	http://example.org/stkg/time	"2026-02-05T22:37:29Z"^^<http://www.w3.org/2001/XMLSchema#dateTime>
http://example.org/stkg/id/obs_rel_T90_BTR80_20260205T223729Z_58_e_c	http://www.w3.org/1999/02/22-rdf-syntax-ns#type	http://example.org/stkg/id/SpatialRelationObservation
http://example.org/stkg/id/obs_rel_T90_BTR80_20260205T223729Z_58_e_c	http://example.org/stkg/subjectEntity	http://example.org/stkg/id/platform_T90
http://example.org/stkg/id/obs_rel_T90_BTR80_20260205T223729Z_58_e_c	http://example.org/stkg/objectEntity	http://example.org/stkg/id/platform_BTR80
http://example.org/stkg/id/obs_rel_T90_BTR80_20260205T223729Z_58_e_c	http://example.org/stkg/relationType	http://example.org/stkg/id/relation_ahead_of
http://example.org/stkg/id/obs_rel_T90_BTR80_20260205T223729Z_58_e_c	http://example.org/stkg/time	"2026-02-05T22:37:29Z"^^<http://www.w3.org/2001/XMLSchema#dateTime>
http://example.org/stkg/id/obs_rel_BTR80_K2BlackPanther_20260205T223730Z_59_c_d	http://www.w3.org/1999/02/22-rdf-syntax-ns#type	http://example.org/stkg/id/SpatialRelationObservation
http://example.org/stkg/id/obs_rel_BTR80_K2BlackPanther_20260205T223730Z_59_c_d	http://example.org/stkg/subjectEntity	http://example.org/stkg/id/platform_BTR80
http://example.org/stkg/id/obs_rel_BTR80_K2BlackPanther_20260205T223730Z_59_c_d	http://example.org/stkg/objectEntity	http://example.org/stkg/id/platform_K2BlackPanther
http://example.org/stkg/id/obs_rel_BTR80_K2BlackPanther_20260205T223730Z_59_c_d	http://example.org/stkg/relationType	http://example.org/stkg/id/relation_behind_of
http://example.org/stkg/id/obs_rel_BTR80_K2BlackPanther_20260205T223730Z_59_c_d	http://example.org/stkg/time	"2026-02-05T22:37:30Z"^^<http://www.w3.org/2001/XMLSchema#dateTime>
http://example.org/stkg/id/obs_rel_K2BlackPanther_BTR80_20260205T223730Z_59_d_c	http://www.w3.org/1999/02/22-rdf-syntax-ns#type	http://example.org/stkg/id/SpatialRelationObservation
http://example.org/stkg/id/obs_rel_K2BlackPanther_BTR80_20260205T223730Z_59_d_c	http://example.org/stkg/subjectEntity	http://example.org/stkg/id/platform_K2BlackPanther
http://example.org/stkg/id/obs_rel_K2BlackPanther_BTR80_20260205T223730Z_59_d_c	http://example.org/stkg/objectEntity	http://example.org/stkg/id/platform_BTR80
http://example.org/stkg/id/obs_rel_K2BlackPanther_BTR80_20260205T223730Z_59_d_c	http://example.org/stkg/relationType	http://example.org/stkg/id/relation_ahead_of
http://example.org/stkg/id/obs_rel_K2BlackPanther_BTR80_20260205T223730Z_59_d_c	http://example.org/stkg/time	"2026-02-05T22:37:30Z"^^<http://www.w3.org/2001/XMLSchema#dateTime>
http://example.org/stkg/id/obs_rel_K2BlackPanther_T90_20260205T223730Z_59_d_e	http://www.w3.org/1999/02/22-rdf-syntax-ns#type	http://example.org/stkg/id/SpatialRelationObservation
http://example.org/stkg/id/obs_rel_K2BlackPanther_T90_20260205T223730Z_59_d_e	http://example.org/stkg/subjectEntity	http://example.org/stkg/id/platform_K2BlackPanther
http://example.org/stkg/id/obs_rel_K2BlackPanther_T90_20260205T223730Z_59_d_e	http://example.org/stkg/objectEntity	http://example.org/stkg/id/platform_T90
http://example.org/stkg/id/obs_rel_K2BlackPanther_T90_20260205T223730Z_59_d_e	http://example.org/stkg/relationType	http://example.org/stkg/id/relation_behind_of
http://example.org/stkg/id/obs_rel_K2BlackPanther_T90_20260205T223730Z_59_d_e	http://example.org/stkg/time	"2026-02-05T22:37:30Z"^^<http://www.w3.org/2001/XMLSchema#dateTime>
http://example.org/stkg/id/obs_rel_T90_K2BlackPanther_20260205T223730Z_59_e_d	http://www.w3.org/1999/02/22-rdf-syntax-ns#type	http://example.org/stkg/id/SpatialRelationObservation
http://example.org/stkg/id/obs_rel_T90_K2BlackPanther_20260205T223730Z_59_e_d	http://example.org/stkg/subjectEntity	http://example.org/stkg/id/platform_T90
http://example.org/stkg/id/obs_rel_T90_K2BlackPanther_20260205T223730Z_59_e_d	http://example.org/stkg/objectEntity	http://example.org/stkg/id/platform_K2BlackPanther
http://example.org/stkg/id/obs_rel_T90_K2BlackPanther_20260205T223730Z_59_e_d	http://example.org/stkg/relationType	http://example.org/stkg/id/relation_ahead_of
http://example.org/stkg/id/obs_rel_T90_K2BlackPanther_20260205T223730Z_59_e_d	http://example.org/stkg/time	"2026-02-05T22:37:30Z"^^<http://www.w3.org/2001/XMLSchema#dateTime>
http://example.org/stkg/id/obs_rel_BTR80_T90_20260205T223730Z_59_c_e	http://www.w3.org/1999/02/22-rdf-syntax-ns#type	http://example.org/stkg/id/SpatialRelationObservation
http://example.org/stkg/id/obs_rel_BTR80_T90_20260205T223730Z_59_c_e	http://example.org/stkg/subjectEntity	http://example.org/stkg/id/platform_BTR80
http://example.org/stkg/id/obs_rel_BTR80_T90_20260205T223730Z_59_c_e	http://example.org/stkg/objectEntity	http://example.org/stkg/id/platform_T90
http://example.org/stkg/id/obs_rel_BTR80_T90_20260205T223730Z_59_c_e	http://example.org/stkg/relationType	http://example.org/stkg/id/relation_behind_of
http://example.org/stkg/id/obs_rel_BTR80_T90_20260205T223730Z_59_c_e	http://example.org/stkg/time	"2026-02-05T22:37:30Z"^^<http://www.w3.org/2001/XMLSchema#dateTime>
http://example.org/stkg/id/obs_rel_T90_BTR80_20260205T223730Z_59_e_c	http://www.w3.org/1999/02/22-rdf-syntax-ns#type	http://example.org/stkg/id/SpatialRelationObservation
http://example.org/stkg/id/obs_rel_T90_BTR80_20260205T223730Z_59_e_c	http://example.org/stkg/subjectEntity	http://example.org/stkg/id/platform_T90
http://example.org/stkg/id/obs_rel_T90_BTR80_20260205T223730Z_59_e_c	http://example.org/stkg/objectEntity	http://example.org/stkg/id/platform_BTR80
http://example.org/stkg/id/obs_rel_T90_BTR80_20260205T223730Z_59_e_c	http://example.org/stkg/relationType	http://example.org/stkg/id/relation_ahead_of
http://example.org/stkg/id/obs_rel_T90_BTR80_20260205T223730Z_59_e_c	http://example.org/stkg/time	"2026-02-05T22:37:30Z"^^<http://www.w3.org/2001/XMLSchema#dateTime>
http://example.org/stkg/id/obs_rel_BTR80_K2BlackPanther_20260205T223731Z_60_c_d	http://www.w3.org/1999/02/22-rdf-syntax-ns#type	http://example.org/stkg/id/SpatialRelationObservation
http://example.org/stkg/id/obs_rel_BTR80_K2BlackPanther_20260205T223731Z_60_c_d	http://example.org/stkg/subjectEntity	http://example.org/stkg/id/platform_BTR80
http://example.org/stkg/id/obs_rel_BTR80_K2BlackPanther_20260205T223731Z_60_c_d	http://example.org/stkg/objectEntity	http://example.org/stkg/id/platform_K2BlackPanther
http://example.org/stkg/id/obs_rel_BTR80_K2BlackPanther_20260205T223731Z_60_c_d	http://example.org/stkg/relationType	http://example.org/stkg/id/relation_behind_of
http://example.org/stkg/id/obs_rel_BTR80_K2BlackPanther_20260205T223731Z_60_c_d	http://example.org/stkg/time	"2026-02-05T22:37:31Z"^^<http://www.w3.org/2001/XMLSchema#dateTime>
http://example.org/stkg/id/obs_rel_K2BlackPanther_BTR80_20260205T223731Z_60_d_c	http://www.w3.org/1999/02/22-rdf-syntax-ns#type	http://example.org/stkg/id/SpatialRelationObservation
http://example.org/stkg/id/obs_rel_K2BlackPanther_BTR80_20260205T223731Z_60_d_c	http://example.org/stkg/subjectEntity	http://example.org/stkg/id/platform_K2BlackPanther
http://example.org/stkg/id/obs_rel_K2BlackPanther_BTR80_20260205T223731Z_60_d_c	http://example.org/stkg/objectEntity	http://example.org/stkg/id/platform_BTR80
http://example.org/stkg/id/obs_rel_K2BlackPanther_BTR80_20260205T223731Z_60_d_c	http://example.org/stkg/relationType	http://example.org/stkg/id/relation_ahead_of
http://example.org/stkg/id/obs_rel_K2BlackPanther_BTR80_20260205T223731Z_60_d_c	http://example.org/stkg/time	"2026-02-05T22:37:31Z"^^<http://www.w3.org/2001/XMLSchema#dateTime>
http://example.org/stkg/id/obs_rel_K2BlackPanther_T90_20260205T223731Z_60_d_e	http://www.w3.org/1999/02/22-rdf-syntax-ns#type	http://example.org/stkg/id/SpatialRelationObservation
http://example.org/stkg/id/obs_rel_K2BlackPanther_T90_20260205T223731Z_60_d_e	http://example.org/stkg/subjectEntity	http://example.org/stkg/id/platform_K2BlackPanther
http://example.org/stkg/id/obs_rel_K2BlackPanther_T90_20260205T223731Z_60_d_e	http://example.org/stkg/objectEntity	http://example.org/stkg/id/platform_T90
http://example.org/stkg/id/obs_rel_K2BlackPanther_T90_20260205T223731Z_60_d_e	http://example.org/stkg/relationType	http://example.org/stkg/id/relation_behind_of
http://example.org/stkg/id/obs_rel_K2BlackPanther_T90_20260205T223731Z_60_d_e	http://example.org/stkg/time	"2026-02-05T22:37:31Z"^^<http://www.w3.org/2001/XMLSchema#dateTime>
http://example.org/stkg/id/obs_rel_T90_K2BlackPanther_20260205T223731Z_60_e_d	http://www.w3.org/1999/02/22-rdf-syntax-ns#type	http://example.org/stkg/id/SpatialRelationObservation
http://example.org/stkg/id/obs_rel_T90_K2BlackPanther_20260205T223731Z_60_e_d	http://example.org/stkg/subjectEntity	http://example.org/stkg/id/platform_T90
http://example.org/stkg/id/obs_rel_T90_K2BlackPanther_20260205T223731Z_60_e_d	http://example.org/stkg/objectEntity	http://example.org/stkg/id/platform_K2BlackPanther
http://example.org/stkg/id/obs_rel_T90_K2BlackPanther_20260205T223731Z_60_e_d	http://example.org/stkg/relationType	http://example.org/stkg/id/relation_ahead_of
http://example.org/stkg/id/obs_rel_T90_K2BlackPanther_20260205T223731Z_60_e_d	http://example.org/stkg/time	"2026-02-05T22:37:31Z"^^<http://www.w3.org/2001/XMLSchema#dateTime>
http://example.org/stkg/id/obs_rel_BTR80_T90_20260205T223731Z_60_c_e	http://www.w3.org/1999/02/22-rdf-syntax-ns#type	http://example.org/stkg/id/SpatialRelationObservation
http://example.org/stkg/id/obs_rel_BTR80_T90_20260205T223731Z_60_c_e	http://example.org/stkg/subjectEntity	http://example.org/stkg/id/platform_BTR80
http://example.org/stkg/id/obs_rel_BTR80_T90_20260205T223731Z_60_c_e	http://example.org/stkg/objectEntity	http://example.org/stkg/id/platform_T90
http://example.org/stkg/id/obs_rel_BTR80_T90_20260205T223731Z_60_c_e	http://example.org/stkg/relationType	http://example.org/stkg/id/relation_behind_of
http://example.org/stkg/id/obs_rel_BTR80_T90_20260205T223731Z_60_c_e	http://example.org/stkg/time	"2026-02-05T22:37:31Z"^^<http://www.w3.org/2001/XMLSchema#dateTime>
http://example.org/stkg/id/obs_rel_T90_BTR80_20260205T223731Z_60_e_c	http://www.w3.org/1999/02/22-rdf-syntax-ns#type	http://example.org/stkg/id/SpatialRelationObservation
http://example.org/stkg/id/obs_rel_T90_BTR80_20260205T223731Z_60_e_c	http://example.org/stkg/subjectEntity	http://example.org/stkg/id/platform_T90
http://example.org/stkg/id/obs_rel_T90_BTR80_20260205T223731Z_60_e_c	http://example.org/stkg/objectEntity	http://example.org/stkg/id/platform_BTR80
http://example.org/stkg/id/obs_rel_T90_BTR80_20260205T223731Z_60_e_c	http://example.org/stkg/relationType	http://example.org/stkg/id/relation_ahead_of
http://example.org/stkg/id/obs_rel_T90_BTR80_20260205T223731Z_60_e_c	http://example.org/stkg/time	"2026-02-05T22:37:31Z"^^<http://www.w3.org/2001/XMLSchema#dateTime>
http://example.org/stkg/id/obs_rel_BTR80_K2BlackPanther_20260205T223732Z_61_c_d	http://www.w3.org/1999/02/22-rdf-syntax-ns#type	http://example.org/stkg/id/SpatialRelationObservation
http://example.org/stkg/id/obs_rel_BTR80_K2BlackPanther_20260205T223732Z_61_c_d	http://example.org/stkg/subjectEntity	http://example.org/stkg/id/platform_BTR80
http://example.org/stkg/id/obs_rel_BTR80_K2BlackPanther_20260205T223732Z_61_c_d	http://example.org/stkg/objectEntity	http://example.org/stkg/id/platform_K2BlackPanther
http://example.org/stkg/id/obs_rel_BTR80_K2BlackPanther_20260205T223732Z_61_c_d	http://example.org/stkg/relationType	http://example.org/stkg/id/relation_behind_of
http://example.org/stkg/id/obs_rel_BTR80_K2BlackPanther_20260205T223732Z_61_c_d	http://example.org/stkg/time	"2026-02-05T22:37:32Z"^^<http://www.w3.org/2001/XMLSchema#dateTime>
http://example.org/stkg/id/obs_rel_K2BlackPanther_BTR80_20260205T223732Z_61_d_c	http://www.w3.org/1999/02/22-rdf-syntax-ns#type	http://example.org/stkg/id/SpatialRelationObservation
http://example.org/stkg/id/obs_rel_K2BlackPanther_BTR80_20260205T223732Z_61_d_c	http://example.org/stkg/subjectEntity	http://example.org/stkg/id/platform_K2BlackPanther
http://example.org/stkg/id/obs_rel_K2BlackPanther_BTR80_20260205T223732Z_61_d_c	http://example.org/stkg/objectEntity	http://example.org/stkg/id/platform_BTR80
http://example.org/stkg/id/obs_rel_K2BlackPanther_BTR80_20260205T223732Z_61_d_c	http://example.org/stkg/relationType	http://example.org/stkg/id/relation_ahead_of
http://example.org/stkg/id/obs_rel_K2BlackPanther_BTR80_20260205T223732Z_61_d_c	http://example.org/stkg/time	"2026-02-05T22:37:32Z"^^<http://www.w3.org/2001/XMLSchema#dateTime>
http://example.org/stkg/id/obs_rel_K2BlackPanther_T90_20260205T223732Z_61_d_e	http://www.w3.org/1999/02/22-rdf-syntax-ns#type	http://example.org/stkg/id/SpatialRelationObservation
http://example.org/stkg/id/obs_rel_K2BlackPanther_T90_20260205T223732Z_61_d_e	http://example.org/stkg/subjectEntity	http://example.org/stkg/id/platform_K2BlackPanther
http://example.org/stkg/id/obs_rel_K2BlackPanther_T90_20260205T223732Z_61_d_e	http://example.org/stkg/objectEntity	http://example.org/stkg/id/platform_T90
http://example.org/stkg/id/obs_rel_K2BlackPanther_T90_20260205T223732Z_61_d_e	http://example.org/stkg/relationType	http://example.org/stkg/id/relation_behind_of
http://example.org/stkg/id/obs_rel_K2BlackPanther_T90_20260205T223732Z_61_d_e	http://example.org/stkg/time	"2026-02-05T22:37:32Z"^^<http://www.w3.org/2001/XMLSchema#dateTime>
http://example.org/stkg/id/obs_rel_T90_K2BlackPanther_20260205T223732Z_61_e_d	http://www.w3.org/1999/02/22-rdf-syntax-ns#type	http://example.org/stkg/id/SpatialRelationObservation
http://example.org/stkg/id/obs_rel_T90_K2BlackPanther_20260205T223732Z_61_e_d	http://example.org/stkg/subjectEntity	http://example.org/stkg/id/platform_T90
http://example.org/stkg/id/obs_rel_T90_K2BlackPanther_20260205T223732Z_61_e_d	http://example.org/stkg/objectEntity	http://example.org/stkg/id/platform_K2BlackPanther
http://example.org/stkg/id/obs_rel_T90_K2BlackPanther_20260205T223732Z_61_e_d	http://example.org/stkg/relationType	http://example.org/stkg/id/relation_ahead_of
http://example.org/stkg/id/obs_rel_T90_K2BlackPanther_20260205T223732Z_61_e_d	http://example.org/stkg/time	"2026-02-05T22:37:32Z"^^<http://www.w3.org/2001/XMLSchema#dateTime>
http://example.org/stkg/id/obs_rel_BTR80_T90_20260205T223732Z_61_c_e	http://www.w3.org/1999/02/22-rdf-syntax-ns#type	http://example.org/stkg/id/SpatialRelationObservation
http://example.org/stkg/id/obs_rel_BTR80_T90_20260205T223732Z_61_c_e	http://example.org/stkg/subjectEntity	http://example.org/stkg/id/platform_BTR80
http://example.org/stkg/id/obs_rel_BTR80_T90_20260205T223732Z_61_c_e	http://example.org/stkg/objectEntity	http://example.org/stkg/id/platform_T90
http://example.org/stkg/id/obs_rel_BTR80_T90_20260205T223732Z_61_c_e	http://example.org/stkg/relationType	http://example.org/stkg/id/relation_behind_of
http://example.org/stkg/id/obs_rel_BTR80_T90_20260205T223732Z_61_c_e	http://example.org/stkg/time	"2026-02-05T22:37:32Z"^^<http://www.w3.org/2001/XMLSchema#dateTime>
http://example.org/stkg/id/obs_rel_T90_BTR80_20260205T223732Z_61_e_c	http://www.w3.org/1999/02/22-rdf-syntax-ns#type	http://example.org/stkg/id/SpatialRelationObservation
http://example.org/stkg/id/obs_rel_T90_BTR80_20260205T223732Z_61_e_c	http://example.org/stkg/subjectEntity	http://example.org/stkg/id/platform_T90
http://example.org/stkg/id/obs_rel_T90_BTR80_20260205T223732Z_61_e_c	http://example.org/stkg/objectEntity	http://example.org/stkg/id/platform_BTR80
http://example.org/stkg/id/obs_rel_T90_BTR80_20260205T223732Z_61_e_c	http://example.org/stkg/relationType	http://example.org/stkg/id/relation_ahead_of
http://example.org/stkg/id/obs_rel_T90_BTR80_20260205T223732Z_61_e_c	http://example.org/stkg/time	"2026-02-05T22:37:32Z"^^<http://www.w3.org/2001/XMLSchema#dateTime>
http://example.org/stkg/id/obs_rel_BTR80_K2BlackPanther_20260205T223733Z_62_c_d	http://www.w3.org/1999/02/22-rdf-syntax-ns#type	http://example.org/stkg/id/SpatialRelationObservation
http://example.org/stkg/id/obs_rel_BTR80_K2BlackPanther_20260205T223733Z_62_c_d	http://example.org/stkg/subjectEntity	http://example.org/stkg/id/platform_BTR80
http://example.org/stkg/id/obs_rel_BTR80_K2BlackPanther_20260205T223733Z_62_c_d	http://example.org/stkg/objectEntity	http://example.org/stkg/id/platform_K2BlackPanther
http://example.org/stkg/id/obs_rel_BTR80_K2BlackPanther_20260205T223733Z_62_c_d	http://example.org/stkg/relationType	http://example.org/stkg/id/relation_behind_of
http://example.org/stkg/id/obs_rel_BTR80_K2BlackPanther_20260205T223733Z_62_c_d	http://example.org/stkg/time	"2026-02-05T22:37:33Z"^^<http://www.w3.org/2001/XMLSchema#dateTime>
http://example.org/stkg/id/obs_rel_K2BlackPanther_BTR80_20260205T223733Z_62_d_c	http://www.w3.org/1999/02/22-rdf-syntax-ns#type	http://example.org/stkg/id/SpatialRelationObservation
http://example.org/stkg/id/obs_rel_K2BlackPanther_BTR80_20260205T223733Z_62_d_c	http://example.org/stkg/subjectEntity	http://example.org/stkg/id/platform_K2BlackPanther
http://example.org/stkg/id/obs_rel_K2BlackPanther_BTR80_20260205T223733Z_62_d_c	http://example.org/stkg/objectEntity	http://example.org/stkg/id/platform_BTR80
http://example.org/stkg/id/obs_rel_K2BlackPanther_BTR80_20260205T223733Z_62_d_c	http://example.org/stkg/relationType	http://example.org/stkg/id/relation_ahead_of
http://example.org/stkg/id/obs_rel_K2BlackPanther_BTR80_20260205T223733Z_62_d_c	http://example.org/stkg/time	"2026-02-05T22:37:33Z"^^<http://www.w3.org/2001/XMLSchema#dateTime>
http://example.org/stkg/id/obs_rel_K2BlackPanther_T90_20260205T223733Z_62_d_e	http://www.w3.org/1999/02/22-rdf-syntax-ns#type	http://example.org/stkg/id/SpatialRelationObservation
http://example.org/stkg/id/obs_rel_K2BlackPanther_T90_20260205T223733Z_62_d_e	http://example.org/stkg/subjectEntity	http://example.org/stkg/id/platform_K2BlackPanther
http://example.org/stkg/id/obs_rel_K2BlackPanther_T90_20260205T223733Z_62_d_e	http://example.org/stkg/objectEntity	http://example.org/stkg/id/platform_T90
http://example.org/stkg/id/obs_rel_K2BlackPanther_T90_20260205T223733Z_62_d_e	http://example.org/stkg/relationType	http://example.org/stkg/id/relation_behind_of
http://example.org/stkg/id/obs_rel_K2BlackPanther_T90_20260205T223733Z_62_d_e	http://example.org/stkg/time	"2026-02-05T22:37:33Z"^^<http://www.w3.org/2001/XMLSchema#dateTime>
http://example.org/stkg/id/obs_rel_T90_K2BlackPanther_20260205T223733Z_62_e_d	http://www.w3.org/1999/02/22-rdf-syntax-ns#type	http://example.org/stkg/id/SpatialRelationObservation
http://example.org/stkg/id/obs_rel_T90_K2BlackPanther_20260205T223733Z_62_e_d	http://example.org/stkg/subjectEntity	http://example.org/stkg/id/platform_T90
http://example.org/stkg/id/obs_rel_T90_K2BlackPanther_20260205T223733Z_62_e_d	http://example.org/stkg/objectEntity	http://example.org/stkg/id/platform_K2BlackPanther
http://example.org/stkg/id/obs_rel_T90_K2BlackPanther_20260205T223733Z_62_e_d	http://example.org/stkg/relationType	http://example.org/stkg/id/relation_ahead_of
http://example.org/stkg/id/obs_rel_T90_K2BlackPanther_20260205T223733Z_62_e_d	http://example.org/stkg/time	"2026-02-05T22:37:33Z"^^<http://www.w3.org/2001/XMLSchema#dateTime>
http://example.org/stkg/id/obs_rel_BTR80_T90_20260205T223733Z_62_c_e	http://www.w3.org/1999/02/22-rdf-syntax-ns#type	http://example.org/stkg/id/SpatialRelationObservation
http://example.org/stkg/id/obs_rel_BTR80_T90_20260205T223733Z_62_c_e	http://example.org/stkg/subjectEntity	http://example.org/stkg/id/platform_BTR80
http://example.org/stkg/id/obs_rel_BTR80_T90_20260205T223733Z_62_c_e	http://example.org/stkg/objectEntity	http://example.org/stkg/id/platform_T90
http://example.org/stkg/id/obs_rel_BTR80_T90_20260205T223733Z_62_c_e	http://example.org/stkg/relationType	http://example.org/stkg/id/relation_behind_of
http://example.org/stkg/id/obs_rel_BTR80_T90_20260205T223733Z_62_c_e	http://example.org/stkg/time	"2026-02-05T22:37:33Z"^^<http://www.w3.org/2001/XMLSchema#dateTime>
http://example.org/stkg/id/obs_rel_T90_BTR80_20260205T223733Z_62_e_c	http://www.w3.org/1999/02/22-rdf-syntax-ns#type	http://example.org/stkg/id/SpatialRelationObservation
http://example.org/stkg/id/obs_rel_T90_BTR80_20260205T223733Z_62_e_c	http://example.org/stkg/subjectEntity	http://example.org/stkg/id/platform_T90
http://example.org/stkg/id/obs_rel_T90_BTR80_20260205T223733Z_62_e_c	http://example.org/stkg/objectEntity	http://example.org/stkg/id/platform_BTR80
http://example.org/stkg/id/obs_rel_T90_BTR80_20260205T223733Z_62_e_c	http://example.org/stkg/relationType	http://example.org/stkg/id/relation_ahead_of
http://example.org/stkg/id/obs_rel_T90_BTR80_20260205T223733Z_62_e_c	http://example.org/stkg/time	"2026-02-05T22:37:33Z"^^<http://www.w3.org/2001/XMLSchema#dateTime>
http://example.org/stkg/id/obs_rel_BTR80_K2BlackPanther_20260205T223734Z_63_c_d	http://www.w3.org/1999/02/22-rdf-syntax-ns#type	http://example.org/stkg/id/SpatialRelationObservation
http://example.org/stkg/id/obs_rel_BTR80_K2BlackPanther_20260205T223734Z_63_c_d	http://example.org/stkg/subjectEntity	http://example.org/stkg/id/platform_BTR80
http://example.org/stkg/id/obs_rel_BTR80_K2BlackPanther_20260205T223734Z_63_c_d	http://example.org/stkg/objectEntity	http://example.org/stkg/id/platform_K2BlackPanther
http://example.org/stkg/id/obs_rel_BTR80_K2BlackPanther_20260205T223734Z_63_c_d	http://example.org/stkg/relationType	http://example.org/stkg/id/relation_behind_of
http://example.org/stkg/id/obs_rel_BTR80_K2BlackPanther_20260205T223734Z_63_c_d	http://example.org/stkg/time	"2026-02-05T22:37:34Z"^^<http://www.w3.org/2001/XMLSchema#dateTime>
http://example.org/stkg/id/obs_rel_K2BlackPanther_BTR80_20260205T223734Z_63_d_c	http://www.w3.org/1999/02/22-rdf-syntax-ns#type	http://example.org/stkg/id/SpatialRelationObservation
http://example.org/stkg/id/obs_rel_K2BlackPanther_BTR80_20260205T223734Z_63_d_c	http://example.org/stkg/subjectEntity	http://example.org/stkg/id/platform_K2BlackPanther
http://example.org/stkg/id/obs_rel_K2BlackPanther_BTR80_20260205T223734Z_63_d_c	http://example.org/stkg/objectEntity	http://example.org/stkg/id/platform_BTR80
http://example.org/stkg/id/obs_rel_K2BlackPanther_BTR80_20260205T223734Z_63_d_c	http://example.org/stkg/relationType	http://example.org/stkg/id/relation_ahead_of
http://example.org/stkg/id/obs_rel_K2BlackPanther_BTR80_20260205T223734Z_63_d_c	http://example.org/stkg/time	"2026-02-05T22:37:34Z"^^<http://www.w3.org/2001/XMLSchema#dateTime>
http://example.org/stkg/id/obs_rel_K2BlackPanther_T90_20260205T223734Z_63_d_e	http://www.w3.org/1999/02/22-rdf-syntax-ns#type	http://example.org/stkg/id/SpatialRelationObservation
http://example.org/stkg/id/obs_rel_K2BlackPanther_T90_20260205T223734Z_63_d_e	http://example.org/stkg/subjectEntity	http://example.org/stkg/id/platform_K2BlackPanther
http://example.org/stkg/id/obs_rel_K2BlackPanther_T90_20260205T223734Z_63_d_e	http://example.org/stkg/objectEntity	http://example.org/stkg/id/platform_T90
http://example.org/stkg/id/obs_rel_K2BlackPanther_T90_20260205T223734Z_63_d_e	http://example.org/stkg/relationType	http://example.org/stkg/id/relation_behind_of
http://example.org/stkg/id/obs_rel_K2BlackPanther_T90_20260205T223734Z_63_d_e	http://example.org/stkg/time	"2026-02-05T22:37:34Z"^^<http://www.w3.org/2001/XMLSchema#dateTime>
http://example.org/stkg/id/obs_rel_T90_K2BlackPanther_20260205T223734Z_63_e_d	http://www.w3.org/1999/02/22-rdf-syntax-ns#type	http://example.org/stkg/id/SpatialRelationObservation
http://example.org/stkg/id/obs_rel_T90_K2BlackPanther_20260205T223734Z_63_e_d	http://example.org/stkg/subjectEntity	http://example.org/stkg/id/platform_T90
http://example.org/stkg/id/obs_rel_T90_K2BlackPanther_20260205T223734Z_63_e_d	http://example.org/stkg/objectEntity	http://example.org/stkg/id/platform_K2BlackPanther
http://example.org/stkg/id/obs_rel_T90_K2BlackPanther_20260205T223734Z_63_e_d	http://example.org/stkg/relationType	http://example.org/stkg/id/relation_ahead_of
http://example.org/stkg/id/obs_rel_T90_K2BlackPanther_20260205T223734Z_63_e_d	http://example.org/stkg/time	"2026-02-05T22:37:34Z"^^<http://www.w3.org/2001/XMLSchema#dateTime>
http://example.org/stkg/id/obs_rel_BTR80_T90_20260205T223734Z_63_c_e	http://www.w3.org/1999/02/22-rdf-syntax-ns#type	http://example.org/stkg/id/SpatialRelationObservation
http://example.org/stkg/id/obs_rel_BTR80_T90_20260205T223734Z_63_c_e	http://example.org/stkg/subjectEntity	http://example.org/stkg/id/platform_BTR80
http://example.org/stkg/id/obs_rel_BTR80_T90_20260205T223734Z_63_c_e	http://example.org/stkg/objectEntity	http://example.org/stkg/id/platform_T90
http://example.org/stkg/id/obs_rel_BTR80_T90_20260205T223734Z_63_c_e	http://example.org/stkg/relationType	http://example.org/stkg/id/relation_behind_of
http://example.org/stkg/id/obs_rel_BTR80_T90_20260205T223734Z_63_c_e	http://example.org/stkg/time	"2026-02-05T22:37:34Z"^^<http://www.w3.org/2001/XMLSchema#dateTime>
http://example.org/stkg/id/obs_rel_T90_BTR80_20260205T223734Z_63_e_c	http://www.w3.org/1999/02/22-rdf-syntax-ns#type	http://example.org/stkg/id/SpatialRelationObservation
http://example.org/stkg/id/obs_rel_T90_BTR80_20260205T223734Z_63_e_c	http://example.org/stkg/subjectEntity	http://example.org/stkg/id/platform_T90
http://example.org/stkg/id/obs_rel_T90_BTR80_20260205T223734Z_63_e_c	http://example.org/stkg/objectEntity	http://example.org/stkg/id/platform_BTR80
http://example.org/stkg/id/obs_rel_T90_BTR80_20260205T223734Z_63_e_c	http://example.org/stkg/relationType	http://example.org/stkg/id/relation_ahead_of
http://example.org/stkg/id/obs_rel_T90_BTR80_20260205T223734Z_63_e_c	http://example.org/stkg/time	"2026-02-05T22:37:34Z"^^<http://www.w3.org/2001/XMLSchema#dateTime>
http://example.org/stkg/id/obs_rel_BTR80_K2BlackPanther_20260205T223735Z_64_c_d	http://www.w3.org/1999/02/22-rdf-syntax-ns#type	http://example.org/stkg/id/SpatialRelationObservation
http://example.org/stkg/id/obs_rel_BTR80_K2BlackPanther_20260205T223735Z_64_c_d	http://example.org/stkg/subjectEntity	http://example.org/stkg/id/platform_BTR80
http://example.org/stkg/id/obs_rel_BTR80_K2BlackPanther_20260205T223735Z_64_c_d	http://example.org/stkg/objectEntity	http://example.org/stkg/id/platform_K2BlackPanther
http://example.org/stkg/id/obs_rel_BTR80_K2BlackPanther_20260205T223735Z_64_c_d	http://example.org/stkg/relationType	http://example.org/stkg/id/relation_behind_of
http://example.org/stkg/id/obs_rel_BTR80_K2BlackPanther_20260205T223735Z_64_c_d	http://example.org/stkg/time	"2026-02-05T22:37:35Z"^^<http://www.w3.org/2001/XMLSchema#dateTime>
http://example.org/stkg/id/obs_rel_K2BlackPanther_BTR80_20260205T223735Z_64_d_c	http://www.w3.org/1999/02/22-rdf-syntax-ns#type	http://example.org/stkg/id/SpatialRelationObservation
http://example.org/stkg/id/obs_rel_K2BlackPanther_BTR80_20260205T223735Z_64_d_c	http://example.org/stkg/subjectEntity	http://example.org/stkg/id/platform_K2BlackPanther
http://example.org/stkg/id/obs_rel_K2BlackPanther_BTR80_20260205T223735Z_64_d_c	http://example.org/stkg/objectEntity	http://example.org/stkg/id/platform_BTR80
http://example.org/stkg/id/obs_rel_K2BlackPanther_BTR80_20260205T223735Z_64_d_c	http://example.org/stkg/relationType	http://example.org/stkg/id/relation_ahead_of
http://example.org/stkg/id/obs_rel_K2BlackPanther_BTR80_20260205T223735Z_64_d_c	http://example.org/stkg/time	"2026-02-05T22:37:35Z"^^<http://www.w3.org/2001/XMLSchema#dateTime>
http://example.org/stkg/id/obs_rel_K2BlackPanther_T90_20260205T223735Z_64_d_e	http://www.w3.org/1999/02/22-rdf-syntax-ns#type	http://example.org/stkg/id/SpatialRelationObservation
http://example.org/stkg/id/obs_rel_K2BlackPanther_T90_20260205T223735Z_64_d_e	http://example.org/stkg/subjectEntity	http://example.org/stkg/id/platform_K2BlackPanther
http://example.org/stkg/id/obs_rel_K2BlackPanther_T90_20260205T223735Z_64_d_e	http://example.org/stkg/objectEntity	http://example.org/stkg/id/platform_T90
http://example.org/stkg/id/obs_rel_K2BlackPanther_T90_20260205T223735Z_64_d_e	http://example.org/stkg/relationType	http://example.org/stkg/id/relation_behind_of
http://example.org/stkg/id/obs_rel_K2BlackPanther_T90_20260205T223735Z_64_d_e	http://example.org/stkg/time	"2026-02-05T22:37:35Z"^^<http://www.w3.org/2001/XMLSchema#dateTime>
http://example.org/stkg/id/obs_rel_T90_K2BlackPanther_20260205T223735Z_64_e_d	http://www.w3.org/1999/02/22-rdf-syntax-ns#type	http://example.org/stkg/id/SpatialRelationObservation
http://example.org/stkg/id/obs_rel_T90_K2BlackPanther_20260205T223735Z_64_e_d	http://example.org/stkg/subjectEntity	http://example.org/stkg/id/platform_T90
http://example.org/stkg/id/obs_rel_T90_K2BlackPanther_20260205T223735Z_64_e_d	http://example.org/stkg/objectEntity	http://example.org/stkg/id/platform_K2BlackPanther
http://example.org/stkg/id/obs_rel_T90_K2BlackPanther_20260205T223735Z_64_e_d	http://example.org/stkg/relationType	http://example.org/stkg/id/relation_ahead_of
http://example.org/stkg/id/obs_rel_T90_K2BlackPanther_20260205T223735Z_64_e_d	http://example.org/stkg/time	"2026-02-05T22:37:35Z"^^<http://www.w3.org/2001/XMLSchema#dateTime>
http://example.org/stkg/id/obs_rel_BTR80_T90_20260205T223735Z_64_c_e	http://www.w3.org/1999/02/22-rdf-syntax-ns#type	http://example.org/stkg/id/SpatialRelationObservation
http://example.org/stkg/id/obs_rel_BTR80_T90_20260205T223735Z_64_c_e	http://example.org/stkg/subjectEntity	http://example.org/stkg/id/platform_BTR80
http://example.org/stkg/id/obs_rel_BTR80_T90_20260205T223735Z_64_c_e	http://example.org/stkg/objectEntity	http://example.org/stkg/id/platform_T90
http://example.org/stkg/id/obs_rel_BTR80_T90_20260205T223735Z_64_c_e	http://example.org/stkg/relationType	http://example.org/stkg/id/relation_behind_of
http://example.org/stkg/id/obs_rel_BTR80_T90_20260205T223735Z_64_c_e	http://example.org/stkg/time	"2026-02-05T22:37:35Z"^^<http://www.w3.org/2001/XMLSchema#dateTime>
http://example.org/stkg/id/obs_rel_T90_BTR80_20260205T223735Z_64_e_c	http://www.w3.org/1999/02/22-rdf-syntax-ns#type	http://example.org/stkg/id/SpatialRelationObservation
http://example.org/stkg/id/obs_rel_T90_BTR80_20260205T223735Z_64_e_c	http://example.org/stkg/subjectEntity	http://example.org/stkg/id/platform_T90
http://example.org/stkg/id/obs_rel_T90_BTR80_20260205T223735Z_64_e_c	http://example.org/stkg/objectEntity	http://example.org/stkg/id/platform_BTR80
http://example.org/stkg/id/obs_rel_T90_BTR80_20260205T223735Z_64_e_c	http://example.org/stkg/relationType	http://example.org/stkg/id/relation_ahead_of
http://example.org/stkg/id/obs_rel_T90_BTR80_20260205T223735Z_64_e_c	http://example.org/stkg/time	"2026-02-05T22:37:35Z"^^<http://www.w3.org/2001/XMLSchema#dateTime>
http://example.org/stkg/id/obs_rel_BTR80_K2BlackPanther_20260205T223736Z_65_c_d	http://www.w3.org/1999/02/22-rdf-syntax-ns#type	http://example.org/stkg/id/SpatialRelationObservation
http://example.org/stkg/id/obs_rel_BTR80_K2BlackPanther_20260205T223736Z_65_c_d	http://example.org/stkg/subjectEntity	http://example.org/stkg/id/platform_BTR80
http://example.org/stkg/id/obs_rel_BTR80_K2BlackPanther_20260205T223736Z_65_c_d	http://example.org/stkg/objectEntity	http://example.org/stkg/id/platform_K2BlackPanther
http://example.org/stkg/id/obs_rel_BTR80_K2BlackPanther_20260205T223736Z_65_c_d	http://example.org/stkg/relationType	http://example.org/stkg/id/relation_behind_of
http://example.org/stkg/id/obs_rel_BTR80_K2BlackPanther_20260205T223736Z_65_c_d	http://example.org/stkg/time	"2026-02-05T22:37:36Z"^^<http://www.w3.org/2001/XMLSchema#dateTime>
http://example.org/stkg/id/obs_rel_K2BlackPanther_BTR80_20260205T223736Z_65_d_c	http://www.w3.org/1999/02/22-rdf-syntax-ns#type	http://example.org/stkg/id/SpatialRelationObservation
http://example.org/stkg/id/obs_rel_K2BlackPanther_BTR80_20260205T223736Z_65_d_c	http://example.org/stkg/subjectEntity	http://example.org/stkg/id/platform_K2BlackPanther
http://example.org/stkg/id/obs_rel_K2BlackPanther_BTR80_20260205T223736Z_65_d_c	http://example.org/stkg/objectEntity	http://example.org/stkg/id/platform_BTR80
http://example.org/stkg/id/obs_rel_K2BlackPanther_BTR80_20260205T223736Z_65_d_c	http://example.org/stkg/relationType	http://example.org/stkg/id/relation_ahead_of
http://example.org/stkg/id/obs_rel_K2BlackPanther_BTR80_20260205T223736Z_65_d_c	http://example.org/stkg/time	"2026-02-05T22:37:36Z"^^<http://www.w3.org/2001/XMLSchema#dateTime>
http://example.org/stkg/id/obs_rel_K2BlackPanther_T90_20260205T223736Z_65_d_e	http://www.w3.org/1999/02/22-rdf-syntax-ns#type	http://example.org/stkg/id/SpatialRelationObservation
http://example.org/stkg/id/obs_rel_K2BlackPanther_T90_20260205T223736Z_65_d_e	http://example.org/stkg/subjectEntity	http://example.org/stkg/id/platform_K2BlackPanther
http://example.org/stkg/id/obs_rel_K2BlackPanther_T90_20260205T223736Z_65_d_e	http://example.org/stkg/objectEntity	http://example.org/stkg/id/platform_T90
http://example.org/stkg/id/obs_rel_K2BlackPanther_T90_20260205T223736Z_65_d_e	http://example.org/stkg/relationType	http://example.org/stkg/id/relation_behind_of
http://example.org/stkg/id/obs_rel_K2BlackPanther_T90_20260205T223736Z_65_d_e	http://example.org/stkg/time	"2026-02-05T22:37:36Z"^^<http://www.w3.org/2001/XMLSchema#dateTime>
http://example.org/stkg/id/obs_rel_T90_K2BlackPanther_20260205T223736Z_65_e_d	http://www.w3.org/1999/02/22-rdf-syntax-ns#type	http://example.org/stkg/id/SpatialRelationObservation
http://example.org/stkg/id/obs_rel_T90_K2BlackPanther_20260205T223736Z_65_e_d	http://example.org/stkg/subjectEntity	http://example.org/stkg/id/platform_T90
http://example.org/stkg/id/obs_rel_T90_K2BlackPanther_20260205T223736Z_65_e_d	http://example.org/stkg/objectEntity	http://example.org/stkg/id/platform_K2BlackPanther
http://example.org/stkg/id/obs_rel_T90_K2BlackPanther_20260205T223736Z_65_e_d	http://example.org/stkg/relationType	http://example.org/stkg/id/relation_ahead_of
http://example.org/stkg/id/obs_rel_T90_K2BlackPanther_20260205T223736Z_65_e_d	http://example.org/stkg/time	"2026-02-05T22:37:36Z"^^<http://www.w3.org/2001/XMLSchema#dateTime>
http://example.org/stkg/id/obs_rel_BTR80_T90_20260205T223736Z_65_c_e	http://www.w3.org/1999/02/22-rdf-syntax-ns#type	http://example.org/stkg/id/SpatialRelationObservation
http://example.org/stkg/id/obs_rel_BTR80_T90_20260205T223736Z_65_c_e	http://example.org/stkg/subjectEntity	http://example.org/stkg/id/platform_BTR80
http://example.org/stkg/id/obs_rel_BTR80_T90_20260205T223736Z_65_c_e	http://example.org/stkg/objectEntity	http://example.org/stkg/id/platform_T90
http://example.org/stkg/id/obs_rel_BTR80_T90_20260205T223736Z_65_c_e	http://example.org/stkg/relationType	http://example.org/stkg/id/relation_behind_of
http://example.org/stkg/id/obs_rel_BTR80_T90_20260205T223736Z_65_c_e	http://example.org/stkg/time	"2026-02-05T22:37:36Z"^^<http://www.w3.org/2001/XMLSchema#dateTime>
http://example.org/stkg/id/obs_rel_T90_BTR80_20260205T223736Z_65_e_c	http://www.w3.org/1999/02/22-rdf-syntax-ns#type	http://example.org/stkg/id/SpatialRelationObservation
http://example.org/stkg/id/obs_rel_T90_BTR80_20260205T223736Z_65_e_c	http://example.org/stkg/subjectEntity	http://example.org/stkg/id/platform_T90
http://example.org/stkg/id/obs_rel_T90_BTR80_20260205T223736Z_65_e_c	http://example.org/stkg/objectEntity	http://example.org/stkg/id/platform_BTR80
http://example.org/stkg/id/obs_rel_T90_BTR80_20260205T223736Z_65_e_c	http://example.org/stkg/relationType	http://example.org/stkg/id/relation_ahead_of
http://example.org/stkg/id/obs_rel_T90_BTR80_20260205T223736Z_65_e_c	http://example.org/stkg/time	"2026-02-05T22:37:36Z"^^<http://www.w3.org/2001/XMLSchema#dateTime>
http://example.org/stkg/id/obs_rel_BTR80_K2BlackPanther_20260205T223737Z_66_c_d	http://www.w3.org/1999/02/22-rdf-syntax-ns#type	http://example.org/stkg/id/SpatialRelationObservation
http://example.org/stkg/id/obs_rel_BTR80_K2BlackPanther_20260205T223737Z_66_c_d	http://example.org/stkg/subjectEntity	http://example.org/stkg/id/platform_BTR80
http://example.org/stkg/id/obs_rel_BTR80_K2BlackPanther_20260205T223737Z_66_c_d	http://example.org/stkg/objectEntity	http://example.org/stkg/id/platform_K2BlackPanther
http://example.org/stkg/id/obs_rel_BTR80_K2BlackPanther_20260205T223737Z_66_c_d	http://example.org/stkg/relationType	http://example.org/stkg/id/relation_behind_of
http://example.org/stkg/id/obs_rel_BTR80_K2BlackPanther_20260205T223737Z_66_c_d	http://example.org/stkg/time	"2026-02-05T22:37:37Z"^^<http://www.w3.org/2001/XMLSchema#dateTime>
http://example.org/stkg/id/obs_rel_K2BlackPanther_BTR80_20260205T223737Z_66_d_c	http://www.w3.org/1999/02/22-rdf-syntax-ns#type	http://example.org/stkg/id/SpatialRelationObservation
http://example.org/stkg/id/obs_rel_K2BlackPanther_BTR80_20260205T223737Z_66_d_c	http://example.org/stkg/subjectEntity	http://example.org/stkg/id/platform_K2BlackPanther
http://example.org/stkg/id/obs_rel_K2BlackPanther_BTR80_20260205T223737Z_66_d_c	http://example.org/stkg/objectEntity	http://example.org/stkg/id/platform_BTR80
http://example.org/stkg/id/obs_rel_K2BlackPanther_BTR80_20260205T223737Z_66_d_c	http://example.org/stkg/relationType	http://example.org/stkg/id/relation_ahead_of
http://example.org/stkg/id/obs_rel_K2BlackPanther_BTR80_20260205T223737Z_66_d_c	http://example.org/stkg/time	"2026-02-05T22:37:37Z"^^<http://www.w3.org/2001/XMLSchema#dateTime>
http://example.org/stkg/id/obs_rel_K2BlackPanther_T90_20260205T223737Z_66_d_e	http://www.w3.org/1999/02/22-rdf-syntax-ns#type	http://example.org/stkg/id/SpatialRelationObservation
http://example.org/stkg/id/obs_rel_K2BlackPanther_T90_20260205T223737Z_66_d_e	http://example.org/stkg/subjectEntity	http://example.org/stkg/id/platform_K2BlackPanther
http://example.org/stkg/id/obs_rel_K2BlackPanther_T90_20260205T223737Z_66_d_e	http://example.org/stkg/objectEntity	http://example.org/stkg/id/platform_T90
http://example.org/stkg/id/obs_rel_K2BlackPanther_T90_20260205T223737Z_66_d_e	http://example.org/stkg/relationType	http://example.org/stkg/id/relation_behind_of
http://example.org/stkg/id/obs_rel_K2BlackPanther_T90_20260205T223737Z_66_d_e	http://example.org/stkg/time	"2026-02-05T22:37:37Z"^^<http://www.w3.org/2001/XMLSchema#dateTime>
http://example.org/stkg/id/obs_rel_T90_K2BlackPanther_20260205T223737Z_66_e_d	http://www.w3.org/1999/02/22-rdf-syntax-ns#type	http://example.org/stkg/id/SpatialRelationObservation
http://example.org/stkg/id/obs_rel_T90_K2BlackPanther_20260205T223737Z_66_e_d	http://example.org/stkg/subjectEntity	http://example.org/stkg/id/platform_T90
http://example.org/stkg/id/obs_rel_T90_K2BlackPanther_20260205T223737Z_66_e_d	http://example.org/stkg/objectEntity	http://example.org/stkg/id/platform_K2BlackPanther
http://example.org/stkg/id/obs_rel_T90_K2BlackPanther_20260205T223737Z_66_e_d	http://example.org/stkg/relationType	http://example.org/stkg/id/relation_ahead_of
http://example.org/stkg/id/obs_rel_T90_K2BlackPanther_20260205T223737Z_66_e_d	http://example.org/stkg/time	"2026-02-05T22:37:37Z"^^<http://www.w3.org/2001/XMLSchema#dateTime>
http://example.org/stkg/id/obs_rel_BTR80_T90_20260205T223737Z_66_c_e	http://www.w3.org/1999/02/22-rdf-syntax-ns#type	http://example.org/stkg/id/SpatialRelationObservation
http://example.org/stkg/id/obs_rel_BTR80_T90_20260205T223737Z_66_c_e	http://example.org/stkg/subjectEntity	http://example.org/stkg/id/platform_BTR80
http://example.org/stkg/id/obs_rel_BTR80_T90_20260205T223737Z_66_c_e	http://example.org/stkg/objectEntity	http://example.org/stkg/id/platform_T90
http://example.org/stkg/id/obs_rel_BTR80_T90_20260205T223737Z_66_c_e	http://example.org/stkg/relationType	http://example.org/stkg/id/relation_behind_of
http://example.org/stkg/id/obs_rel_BTR80_T90_20260205T223737Z_66_c_e	http://example.org/stkg/time	"2026-02-05T22:37:37Z"^^<http://www.w3.org/2001/XMLSchema#dateTime>
http://example.org/stkg/id/obs_rel_T90_BTR80_20260205T223737Z_66_e_c	http://www.w3.org/1999/02/22-rdf-syntax-ns#type	http://example.org/stkg/id/SpatialRelationObservation
http://example.org/stkg/id/obs_rel_T90_BTR80_20260205T223737Z_66_e_c	http://example.org/stkg/subjectEntity	http://example.org/stkg/id/platform_T90
http://example.org/stkg/id/obs_rel_T90_BTR80_20260205T223737Z_66_e_c	http://example.org/stkg/objectEntity	http://example.org/stkg/id/platform_BTR80
http://example.org/stkg/id/obs_rel_T90_BTR80_20260205T223737Z_66_e_c	http://example.org/stkg/relationType	http://example.org/stkg/id/relation_ahead_of
http://example.org/stkg/id/obs_rel_T90_BTR80_20260205T223737Z_66_e_c	http://example.org/stkg/time	"2026-02-05T22:37:37Z"^^<http://www.w3.org/2001/XMLSchema#dateTime>
http://example.org/stkg/id/obs_rel_BTR80_K2BlackPanther_20260205T223738Z_67_c_d	http://www.w3.org/1999/02/22-rdf-syntax-ns#type	http://example.org/stkg/id/SpatialRelationObservation
http://example.org/stkg/id/obs_rel_BTR80_K2BlackPanther_20260205T223738Z_67_c_d	http://example.org/stkg/subjectEntity	http://example.org/stkg/id/platform_BTR80
http://example.org/stkg/id/obs_rel_BTR80_K2BlackPanther_20260205T223738Z_67_c_d	http://example.org/stkg/objectEntity	http://example.org/stkg/id/platform_K2BlackPanther
http://example.org/stkg/id/obs_rel_BTR80_K2BlackPanther_20260205T223738Z_67_c_d	http://example.org/stkg/relationType	http://example.org/stkg/id/relation_behind_of
http://example.org/stkg/id/obs_rel_BTR80_K2BlackPanther_20260205T223738Z_67_c_d	http://example.org/stkg/time	"2026-02-05T22:37:38Z"^^<http://www.w3.org/2001/XMLSchema#dateTime>
http://example.org/stkg/id/obs_rel_K2BlackPanther_BTR80_20260205T223738Z_67_d_c	http://www.w3.org/1999/02/22-rdf-syntax-ns#type	http://example.org/stkg/id/SpatialRelationObservation
http://example.org/stkg/id/obs_rel_K2BlackPanther_BTR80_20260205T223738Z_67_d_c	http://example.org/stkg/subjectEntity	http://example.org/stkg/id/platform_K2BlackPanther
http://example.org/stkg/id/obs_rel_K2BlackPanther_BTR80_20260205T223738Z_67_d_c	http://example.org/stkg/objectEntity	http://example.org/stkg/id/platform_BTR80
http://example.org/stkg/id/obs_rel_K2BlackPanther_BTR80_20260205T223738Z_67_d_c	http://example.org/stkg/relationType	http://example.org/stkg/id/relation_ahead_of
http://example.org/stkg/id/obs_rel_K2BlackPanther_BTR80_20260205T223738Z_67_d_c	http://example.org/stkg/time	"2026-02-05T22:37:38Z"^^<http://www.w3.org/2001/XMLSchema#dateTime>
http://example.org/stkg/id/obs_rel_K2BlackPanther_T90_20260205T223738Z_67_d_e	http://www.w3.org/1999/02/22-rdf-syntax-ns#type	http://example.org/stkg/id/SpatialRelationObservation
http://example.org/stkg/id/obs_rel_K2BlackPanther_T90_20260205T223738Z_67_d_e	http://example.org/stkg/subjectEntity	http://example.org/stkg/id/platform_K2BlackPanther
http://example.org/stkg/id/obs_rel_K2BlackPanther_T90_20260205T223738Z_67_d_e	http://example.org/stkg/objectEntity	http://example.org/stkg/id/platform_T90
http://example.org/stkg/id/obs_rel_K2BlackPanther_T90_20260205T223738Z_67_d_e	http://example.org/stkg/relationType	http://example.org/stkg/id/relation_behind_of
http://example.org/stkg/id/obs_rel_K2BlackPanther_T90_20260205T223738Z_67_d_e	http://example.org/stkg/time	"2026-02-05T22:37:38Z"^^<http://www.w3.org/2001/XMLSchema#dateTime>
http://example.org/stkg/id/obs_rel_T90_K2BlackPanther_20260205T223738Z_67_e_d	http://www.w3.org/1999/02/22-rdf-syntax-ns#type	http://example.org/stkg/id/SpatialRelationObservation
http://example.org/stkg/id/obs_rel_T90_K2BlackPanther_20260205T223738Z_67_e_d	http://example.org/stkg/subjectEntity	http://example.org/stkg/id/platform_T90
http://example.org/stkg/id/obs_rel_T90_K2BlackPanther_20260205T223738Z_67_e_d	http://example.org/stkg/objectEntity	http://example.org/stkg/id/platform_K2BlackPanther
http://example.org/stkg/id/obs_rel_T90_K2BlackPanther_20260205T223738Z_67_e_d	http://example.org/stkg/relationType	http://example.org/stkg/id/relation_ahead_of
http://example.org/stkg/id/obs_rel_T90_K2BlackPanther_20260205T223738Z_67_e_d	http://example.org/stkg/time	"2026-02-05T22:37:38Z"^^<http://www.w3.org/2001/XMLSchema#dateTime>
http://example.org/stkg/id/obs_rel_BTR80_T90_20260205T223738Z_67_c_e	http://www.w3.org/1999/02/22-rdf-syntax-ns#type	http://example.org/stkg/id/SpatialRelationObservation
http://example.org/stkg/id/obs_rel_BTR80_T90_20260205T223738Z_67_c_e	http://example.org/stkg/subjectEntity	http://example.org/stkg/id/platform_BTR80
http://example.org/stkg/id/obs_rel_BTR80_T90_20260205T223738Z_67_c_e	http://example.org/stkg/objectEntity	http://example.org/stkg/id/platform_T90
http://example.org/stkg/id/obs_rel_BTR80_T90_20260205T223738Z_67_c_e	http://example.org/stkg/relationType	http://example.org/stkg/id/relation_behind_of
http://example.org/stkg/id/obs_rel_BTR80_T90_20260205T223738Z_67_c_e	http://example.org/stkg/time	"2026-02-05T22:37:38Z"^^<http://www.w3.org/2001/XMLSchema#dateTime>
http://example.org/stkg/id/obs_rel_T90_BTR80_20260205T223738Z_67_e_c	http://www.w3.org/1999/02/22-rdf-syntax-ns#type	http://example.org/stkg/id/SpatialRelationObservation
http://example.org/stkg/id/obs_rel_T90_BTR80_20260205T223738Z_67_e_c	http://example.org/stkg/subjectEntity	http://example.org/stkg/id/platform_T90
http://example.org/stkg/id/obs_rel_T90_BTR80_20260205T223738Z_67_e_c	http://example.org/stkg/objectEntity	http://example.org/stkg/id/platform_BTR80
http://example.org/stkg/id/obs_rel_T90_BTR80_20260205T223738Z_67_e_c	http://example.org/stkg/relationType	http://example.org/stkg/id/relation_ahead_of
http://example.org/stkg/id/obs_rel_T90_BTR80_20260205T223738Z_67_e_c	http://example.org/stkg/time	"2026-02-05T22:37:38Z"^^<http://www.w3.org/2001/XMLSchema#dateTime>
http://example.org/stkg/id/obs_rel_BTR80_K2BlackPanther_20260205T223739Z_68_c_d	http://www.w3.org/1999/02/22-rdf-syntax-ns#type	http://example.org/stkg/id/SpatialRelationObservation
http://example.org/stkg/id/obs_rel_BTR80_K2BlackPanther_20260205T223739Z_68_c_d	http://example.org/stkg/subjectEntity	http://example.org/stkg/id/platform_BTR80
http://example.org/stkg/id/obs_rel_BTR80_K2BlackPanther_20260205T223739Z_68_c_d	http://example.org/stkg/objectEntity	http://example.org/stkg/id/platform_K2BlackPanther
http://example.org/stkg/id/obs_rel_BTR80_K2BlackPanther_20260205T223739Z_68_c_d	http://example.org/stkg/relationType	http://example.org/stkg/id/relation_behind_of
http://example.org/stkg/id/obs_rel_BTR80_K2BlackPanther_20260205T223739Z_68_c_d	http://example.org/stkg/time	"2026-02-05T22:37:39Z"^^<http://www.w3.org/2001/XMLSchema#dateTime>
http://example.org/stkg/id/obs_rel_K2BlackPanther_BTR80_20260205T223739Z_68_d_c	http://www.w3.org/1999/02/22-rdf-syntax-ns#type	http://example.org/stkg/id/SpatialRelationObservation
http://example.org/stkg/id/obs_rel_K2BlackPanther_BTR80_20260205T223739Z_68_d_c	http://example.org/stkg/subjectEntity	http://example.org/stkg/id/platform_K2BlackPanther
http://example.org/stkg/id/obs_rel_K2BlackPanther_BTR80_20260205T223739Z_68_d_c	http://example.org/stkg/objectEntity	http://example.org/stkg/id/platform_BTR80
http://example.org/stkg/id/obs_rel_K2BlackPanther_BTR80_20260205T223739Z_68_d_c	http://example.org/stkg/relationType	http://example.org/stkg/id/relation_ahead_of
http://example.org/stkg/id/obs_rel_K2BlackPanther_BTR80_20260205T223739Z_68_d_c	http://example.org/stkg/time	"2026-02-05T22:37:39Z"^^<http://www.w3.org/2001/XMLSchema#dateTime>
http://example.org/stkg/id/obs_rel_K2BlackPanther_T90_20260205T223739Z_68_d_e	http://www.w3.org/1999/02/22-rdf-syntax-ns#type	http://example.org/stkg/id/SpatialRelationObservation
http://example.org/stkg/id/obs_rel_K2BlackPanther_T90_20260205T223739Z_68_d_e	http://example.org/stkg/subjectEntity	http://example.org/stkg/id/platform_K2BlackPanther
http://example.org/stkg/id/obs_rel_K2BlackPanther_T90_20260205T223739Z_68_d_e	http://example.org/stkg/objectEntity	http://example.org/stkg/id/platform_T90
http://example.org/stkg/id/obs_rel_K2BlackPanther_T90_20260205T223739Z_68_d_e	http://example.org/stkg/relationType	http://example.org/stkg/id/relation_behind_of
http://example.org/stkg/id/obs_rel_K2BlackPanther_T90_20260205T223739Z_68_d_e	http://example.org/stkg/time	"2026-02-05T22:37:39Z"^^<http://www.w3.org/2001/XMLSchema#dateTime>
http://example.org/stkg/id/obs_rel_T90_K2BlackPanther_20260205T223739Z_68_e_d	http://www.w3.org/1999/02/22-rdf-syntax-ns#type	http://example.org/stkg/id/SpatialRelationObservation
http://example.org/stkg/id/obs_rel_T90_K2BlackPanther_20260205T223739Z_68_e_d	http://example.org/stkg/subjectEntity	http://example.org/stkg/id/platform_T90
http://example.org/stkg/id/obs_rel_T90_K2BlackPanther_20260205T223739Z_68_e_d	http://example.org/stkg/objectEntity	http://example.org/stkg/id/platform_K2BlackPanther
http://example.org/stkg/id/obs_rel_T90_K2BlackPanther_20260205T223739Z_68_e_d	http://example.org/stkg/relationType	http://example.org/stkg/id/relation_ahead_of
http://example.org/stkg/id/obs_rel_T90_K2BlackPanther_20260205T223739Z_68_e_d	http://example.org/stkg/time	"2026-02-05T22:37:39Z"^^<http://www.w3.org/2001/XMLSchema#dateTime>
http://example.org/stkg/id/obs_rel_BTR80_T90_20260205T223739Z_68_c_e	http://www.w3.org/1999/02/22-rdf-syntax-ns#type	http://example.org/stkg/id/SpatialRelationObservation
http://example.org/stkg/id/obs_rel_BTR80_T90_20260205T223739Z_68_c_e	http://example.org/stkg/subjectEntity	http://example.org/stkg/id/platform_BTR80
http://example.org/stkg/id/obs_rel_BTR80_T90_20260205T223739Z_68_c_e	http://example.org/stkg/objectEntity	http://example.org/stkg/id/platform_T90
http://example.org/stkg/id/obs_rel_BTR80_T90_20260205T223739Z_68_c_e	http://example.org/stkg/relationType	http://example.org/stkg/id/relation_behind_of
http://example.org/stkg/id/obs_rel_BTR80_T90_20260205T223739Z_68_c_e	http://example.org/stkg/time	"2026-02-05T22:37:39Z"^^<http://www.w3.org/2001/XMLSchema#dateTime>
http://example.org/stkg/id/obs_rel_T90_BTR80_20260205T223739Z_68_e_c	http://www.w3.org/1999/02/22-rdf-syntax-ns#type	http://example.org/stkg/id/SpatialRelationObservation
http://example.org/stkg/id/obs_rel_T90_BTR80_20260205T223739Z_68_e_c	http://example.org/stkg/subjectEntity	http://example.org/stkg/id/platform_T90
http://example.org/stkg/id/obs_rel_T90_BTR80_20260205T223739Z_68_e_c	http://example.org/stkg/objectEntity	http://example.org/stkg/id/platform_BTR80
http://example.org/stkg/id/obs_rel_T90_BTR80_20260205T223739Z_68_e_c	http://example.org/stkg/relationType	http://example.org/stkg/id/relation_ahead_of
http://example.org/stkg/id/obs_rel_T90_BTR80_20260205T223739Z_68_e_c	http://example.org/stkg/time	"2026-02-05T22:37:39Z"^^<http://www.w3.org/2001/XMLSchema#dateTime>
http://example.org/stkg/id/obs_rel_BTR80_K2BlackPanther_20260205T223740Z_69_c_d	http://www.w3.org/1999/02/22-rdf-syntax-ns#type	http://example.org/stkg/id/SpatialRelationObservation
http://example.org/stkg/id/obs_rel_BTR80_K2BlackPanther_20260205T223740Z_69_c_d	http://example.org/stkg/subjectEntity	http://example.org/stkg/id/platform_BTR80
http://example.org/stkg/id/obs_rel_BTR80_K2BlackPanther_20260205T223740Z_69_c_d	http://example.org/stkg/objectEntity	http://example.org/stkg/id/platform_K2BlackPanther
http://example.org/stkg/id/obs_rel_BTR80_K2BlackPanther_20260205T223740Z_69_c_d	http://example.org/stkg/relationType	http://example.org/stkg/id/relation_behind_of
http://example.org/stkg/id/obs_rel_BTR80_K2BlackPanther_20260205T223740Z_69_c_d	http://example.org/stkg/time	"2026-02-05T22:37:40Z"^^<http://www.w3.org/2001/XMLSchema#dateTime>
http://example.org/stkg/id/obs_rel_K2BlackPanther_BTR80_20260205T223740Z_69_d_c	http://www.w3.org/1999/02/22-rdf-syntax-ns#type	http://example.org/stkg/id/SpatialRelationObservation
http://example.org/stkg/id/obs_rel_K2BlackPanther_BTR80_20260205T223740Z_69_d_c	http://example.org/stkg/subjectEntity	http://example.org/stkg/id/platform_K2BlackPanther
http://example.org/stkg/id/obs_rel_K2BlackPanther_BTR80_20260205T223740Z_69_d_c	http://example.org/stkg/objectEntity	http://example.org/stkg/id/platform_BTR80
http://example.org/stkg/id/obs_rel_K2BlackPanther_BTR80_20260205T223740Z_69_d_c	http://example.org/stkg/relationType	http://example.org/stkg/id/relation_ahead_of
http://example.org/stkg/id/obs_rel_K2BlackPanther_BTR80_20260205T223740Z_69_d_c	http://example.org/stkg/time	"2026-02-05T22:37:40Z"^^<http://www.w3.org/2001/XMLSchema#dateTime>
http://example.org/stkg/id/obs_rel_K2BlackPanther_T90_20260205T223740Z_69_d_e	http://www.w3.org/1999/02/22-rdf-syntax-ns#type	http://example.org/stkg/id/SpatialRelationObservation
http://example.org/stkg/id/obs_rel_K2BlackPanther_T90_20260205T223740Z_69_d_e	http://example.org/stkg/subjectEntity	http://example.org/stkg/id/platform_K2BlackPanther
http://example.org/stkg/id/obs_rel_K2BlackPanther_T90_20260205T223740Z_69_d_e	http://example.org/stkg/objectEntity	http://example.org/stkg/id/platform_T90
http://example.org/stkg/id/obs_rel_K2BlackPanther_T90_20260205T223740Z_69_d_e	http://example.org/stkg/relationType	http://example.org/stkg/id/relation_behind_of
http://example.org/stkg/id/obs_rel_K2BlackPanther_T90_20260205T223740Z_69_d_e	http://example.org/stkg/time	"2026-02-05T22:37:40Z"^^<http://www.w3.org/2001/XMLSchema#dateTime>
http://example.org/stkg/id/obs_rel_T90_K2BlackPanther_20260205T223740Z_69_e_d	http://www.w3.org/1999/02/22-rdf-syntax-ns#type	http://example.org/stkg/id/SpatialRelationObservation
http://example.org/stkg/id/obs_rel_T90_K2BlackPanther_20260205T223740Z_69_e_d	http://example.org/stkg/subjectEntity	http://example.org/stkg/id/platform_T90
http://example.org/stkg/id/obs_rel_T90_K2BlackPanther_20260205T223740Z_69_e_d	http://example.org/stkg/objectEntity	http://example.org/stkg/id/platform_K2BlackPanther
http://example.org/stkg/id/obs_rel_T90_K2BlackPanther_20260205T223740Z_69_e_d	http://example.org/stkg/relationType	http://example.org/stkg/id/relation_ahead_of
http://example.org/stkg/id/obs_rel_T90_K2BlackPanther_20260205T223740Z_69_e_d	http://example.org/stkg/time	"2026-02-05T22:37:40Z"^^<http://www.w3.org/2001/XMLSchema#dateTime>
http://example.org/stkg/id/obs_rel_BTR80_T90_20260205T223740Z_69_c_e	http://www.w3.org/1999/02/22-rdf-syntax-ns#type	http://example.org/stkg/id/SpatialRelationObservation
http://example.org/stkg/id/obs_rel_BTR80_T90_20260205T223740Z_69_c_e	http://example.org/stkg/subjectEntity	http://example.org/stkg/id/platform_BTR80
http://example.org/stkg/id/obs_rel_BTR80_T90_20260205T223740Z_69_c_e	http://example.org/stkg/objectEntity	http://example.org/stkg/id/platform_T90
http://example.org/stkg/id/obs_rel_BTR80_T90_20260205T223740Z_69_c_e	http://example.org/stkg/relationType	http://example.org/stkg/id/relation_behind_of
http://example.org/stkg/id/obs_rel_BTR80_T90_20260205T223740Z_69_c_e	http://example.org/stkg/time	"2026-02-05T22:37:40Z"^^<http://www.w3.org/2001/XMLSchema#dateTime>
http://example.org/stkg/id/obs_rel_T90_BTR80_20260205T223740Z_69_e_c	http://www.w3.org/1999/02/22-rdf-syntax-ns#type	http://example.org/stkg/id/SpatialRelationObservation
http://example.org/stkg/id/obs_rel_T90_BTR80_20260205T223740Z_69_e_c	http://example.org/stkg/subjectEntity	http://example.org/stkg/id/platform_T90
http://example.org/stkg/id/obs_rel_T90_BTR80_20260205T223740Z_69_e_c	http://example.org/stkg/objectEntity	http://example.org/stkg/id/platform_BTR80
http://example.org/stkg/id/obs_rel_T90_BTR80_20260205T223740Z_69_e_c	http://example.org/stkg/relationType	http://example.org/stkg/id/relation_ahead_of
http://example.org/stkg/id/obs_rel_T90_BTR80_20260205T223740Z_69_e_c	http://example.org/stkg/time	"2026-02-05T22:37:40Z"^^<http://www.w3.org/2001/XMLSchema#dateTime>
http://example.org/stkg/id/obs_rel_BTR80_K2BlackPanther_20260205T223741Z_70_c_d	http://www.w3.org/1999/02/22-rdf-syntax-ns#type	http://example.org/stkg/id/SpatialRelationObservation
http://example.org/stkg/id/obs_rel_BTR80_K2BlackPanther_20260205T223741Z_70_c_d	http://example.org/stkg/subjectEntity	http://example.org/stkg/id/platform_BTR80
http://example.org/stkg/id/obs_rel_BTR80_K2BlackPanther_20260205T223741Z_70_c_d	http://example.org/stkg/objectEntity	http://example.org/stkg/id/platform_K2BlackPanther
http://example.org/stkg/id/obs_rel_BTR80_K2BlackPanther_20260205T223741Z_70_c_d	http://example.org/stkg/relationType	http://example.org/stkg/id/relation_behind_of
http://example.org/stkg/id/obs_rel_BTR80_K2BlackPanther_20260205T223741Z_70_c_d	http://example.org/stkg/time	"2026-02-05T22:37:41Z"^^<http://www.w3.org/2001/XMLSchema#dateTime>
http://example.org/stkg/id/obs_rel_K2BlackPanther_BTR80_20260205T223741Z_70_d_c	http://www.w3.org/1999/02/22-rdf-syntax-ns#type	http://example.org/stkg/id/SpatialRelationObservation
http://example.org/stkg/id/obs_rel_K2BlackPanther_BTR80_20260205T223741Z_70_d_c	http://example.org/stkg/subjectEntity	http://example.org/stkg/id/platform_K2BlackPanther
http://example.org/stkg/id/obs_rel_K2BlackPanther_BTR80_20260205T223741Z_70_d_c	http://example.org/stkg/objectEntity	http://example.org/stkg/id/platform_BTR80
http://example.org/stkg/id/obs_rel_K2BlackPanther_BTR80_20260205T223741Z_70_d_c	http://example.org/stkg/relationType	http://example.org/stkg/id/relation_ahead_of
http://example.org/stkg/id/obs_rel_K2BlackPanther_BTR80_20260205T223741Z_70_d_c	http://example.org/stkg/time	"2026-02-05T22:37:41Z"^^<http://www.w3.org/2001/XMLSchema#dateTime>
http://example.org/stkg/id/obs_rel_K2BlackPanther_T90_20260205T223741Z_70_d_e	http://www.w3.org/1999/02/22-rdf-syntax-ns#type	http://example.org/stkg/id/SpatialRelationObservation
http://example.org/stkg/id/obs_rel_K2BlackPanther_T90_20260205T223741Z_70_d_e	http://example.org/stkg/subjectEntity	http://example.org/stkg/id/platform_K2BlackPanther
http://example.org/stkg/id/obs_rel_K2BlackPanther_T90_20260205T223741Z_70_d_e	http://example.org/stkg/objectEntity	http://example.org/stkg/id/platform_T90
http://example.org/stkg/id/obs_rel_K2BlackPanther_T90_20260205T223741Z_70_d_e	http://example.org/stkg/relationType	http://example.org/stkg/id/relation_behind_of
http://example.org/stkg/id/obs_rel_K2BlackPanther_T90_20260205T223741Z_70_d_e	http://example.org/stkg/time	"2026-02-05T22:37:41Z"^^<http://www.w3.org/2001/XMLSchema#dateTime>
http://example.org/stkg/id/obs_rel_T90_K2BlackPanther_20260205T223741Z_70_e_d	http://www.w3.org/1999/02/22-rdf-syntax-ns#type	http://example.org/stkg/id/SpatialRelationObservation
http://example.org/stkg/id/obs_rel_T90_K2BlackPanther_20260205T223741Z_70_e_d	http://example.org/stkg/subjectEntity	http://example.org/stkg/id/platform_T90
http://example.org/stkg/id/obs_rel_T90_K2BlackPanther_20260205T223741Z_70_e_d	http://example.org/stkg/objectEntity	http://example.org/stkg/id/platform_K2BlackPanther
http://example.org/stkg/id/obs_rel_T90_K2BlackPanther_20260205T223741Z_70_e_d	http://example.org/stkg/relationType	http://example.org/stkg/id/relation_ahead_of
http://example.org/stkg/id/obs_rel_T90_K2BlackPanther_20260205T223741Z_70_e_d	http://example.org/stkg/time	"2026-02-05T22:37:41Z"^^<http://www.w3.org/2001/XMLSchema#dateTime>
http://example.org/stkg/id/obs_rel_BTR80_T90_20260205T223741Z_70_c_e	http://www.w3.org/1999/02/22-rdf-syntax-ns#type	http://example.org/stkg/id/SpatialRelationObservation
http://example.org/stkg/id/obs_rel_BTR80_T90_20260205T223741Z_70_c_e	http://example.org/stkg/subjectEntity	http://example.org/stkg/id/platform_BTR80
http://example.org/stkg/id/obs_rel_BTR80_T90_20260205T223741Z_70_c_e	http://example.org/stkg/objectEntity	http://example.org/stkg/id/platform_T90
http://example.org/stkg/id/obs_rel_BTR80_T90_20260205T223741Z_70_c_e	http://example.org/stkg/relationType	http://example.org/stkg/id/relation_behind_of
http://example.org/stkg/id/obs_rel_BTR80_T90_20260205T223741Z_70_c_e	http://example.org/stkg/time	"2026-02-05T22:37:41Z"^^<http://www.w3.org/2001/XMLSchema#dateTime>
http://example.org/stkg/id/obs_rel_T90_BTR80_20260205T223741Z_70_e_c	http://www.w3.org/1999/02/22-rdf-syntax-ns#type	http://example.org/stkg/id/SpatialRelationObservation
http://example.org/stkg/id/obs_rel_T90_BTR80_20260205T223741Z_70_e_c	http://example.org/stkg/subjectEntity	http://example.org/stkg/id/platform_T90
http://example.org/stkg/id/obs_rel_T90_BTR80_20260205T223741Z_70_e_c	http://example.org/stkg/objectEntity	http://example.org/stkg/id/platform_BTR80
http://example.org/stkg/id/obs_rel_T90_BTR80_20260205T223741Z_70_e_c	http://example.org/stkg/relationType	http://example.org/stkg/id/relation_ahead_of
http://example.org/stkg/id/obs_rel_T90_BTR80_20260205T223741Z_70_e_c	http://example.org/stkg/time	"2026-02-05T22:37:41Z"^^<http://www.w3.org/2001/XMLSchema#dateTime>
http://example.org/stkg/id/obs_rel_BTR80_K2BlackPanther_20260205T223742Z_71_c_d	http://www.w3.org/1999/02/22-rdf-syntax-ns#type	http://example.org/stkg/id/SpatialRelationObservation
http://example.org/stkg/id/obs_rel_BTR80_K2BlackPanther_20260205T223742Z_71_c_d	http://example.org/stkg/subjectEntity	http://example.org/stkg/id/platform_BTR80
http://example.org/stkg/id/obs_rel_BTR80_K2BlackPanther_20260205T223742Z_71_c_d	http://example.org/stkg/objectEntity	http://example.org/stkg/id/platform_K2BlackPanther
http://example.org/stkg/id/obs_rel_BTR80_K2BlackPanther_20260205T223742Z_71_c_d	http://example.org/stkg/relationType	http://example.org/stkg/id/relation_behind_of
http://example.org/stkg/id/obs_rel_BTR80_K2BlackPanther_20260205T223742Z_71_c_d	http://example.org/stkg/time	"2026-02-05T22:37:42Z"^^<http://www.w3.org/2001/XMLSchema#dateTime>
http://example.org/stkg/id/obs_rel_K2BlackPanther_BTR80_20260205T223742Z_71_d_c	http://www.w3.org/1999/02/22-rdf-syntax-ns#type	http://example.org/stkg/id/SpatialRelationObservation
http://example.org/stkg/id/obs_rel_K2BlackPanther_BTR80_20260205T223742Z_71_d_c	http://example.org/stkg/subjectEntity	http://example.org/stkg/id/platform_K2BlackPanther
http://example.org/stkg/id/obs_rel_K2BlackPanther_BTR80_20260205T223742Z_71_d_c	http://example.org/stkg/objectEntity	http://example.org/stkg/id/platform_BTR80
http://example.org/stkg/id/obs_rel_K2BlackPanther_BTR80_20260205T223742Z_71_d_c	http://example.org/stkg/relationType	http://example.org/stkg/id/relation_ahead_of
http://example.org/stkg/id/obs_rel_K2BlackPanther_BTR80_20260205T223742Z_71_d_c	http://example.org/stkg/time	"2026-02-05T22:37:42Z"^^<http://www.w3.org/2001/XMLSchema#dateTime>
http://example.org/stkg/id/obs_rel_K2BlackPanther_T90_20260205T223742Z_71_d_e	http://www.w3.org/1999/02/22-rdf-syntax-ns#type	http://example.org/stkg/id/SpatialRelationObservation
http://example.org/stkg/id/obs_rel_K2BlackPanther_T90_20260205T223742Z_71_d_e	http://example.org/stkg/subjectEntity	http://example.org/stkg/id/platform_K2BlackPanther
http://example.org/stkg/id/obs_rel_K2BlackPanther_T90_20260205T223742Z_71_d_e	http://example.org/stkg/objectEntity	http://example.org/stkg/id/platform_T90
http://example.org/stkg/id/obs_rel_K2BlackPanther_T90_20260205T223742Z_71_d_e	http://example.org/stkg/relationType	http://example.org/stkg/id/relation_behind_of
http://example.org/stkg/id/obs_rel_K2BlackPanther_T90_20260205T223742Z_71_d_e	http://example.org/stkg/time	"2026-02-05T22:37:42Z"^^<http://www.w3.org/2001/XMLSchema#dateTime>
http://example.org/stkg/id/obs_rel_T90_K2BlackPanther_20260205T223742Z_71_e_d	http://www.w3.org/1999/02/22-rdf-syntax-ns#type	http://example.org/stkg/id/SpatialRelationObservation
http://example.org/stkg/id/obs_rel_T90_K2BlackPanther_20260205T223742Z_71_e_d	http://example.org/stkg/subjectEntity	http://example.org/stkg/id/platform_T90
http://example.org/stkg/id/obs_rel_T90_K2BlackPanther_20260205T223742Z_71_e_d	http://example.org/stkg/objectEntity	http://example.org/stkg/id/platform_K2BlackPanther
http://example.org/stkg/id/obs_rel_T90_K2BlackPanther_20260205T223742Z_71_e_d	http://example.org/stkg/relationType	http://example.org/stkg/id/relation_ahead_of
http://example.org/stkg/id/obs_rel_T90_K2BlackPanther_20260205T223742Z_71_e_d	http://example.org/stkg/time	"2026-02-05T22:37:42Z"^^<http://www.w3.org/2001/XMLSchema#dateTime>
http://example.org/stkg/id/obs_rel_BTR80_T90_20260205T223742Z_71_c_e	http://www.w3.org/1999/02/22-rdf-syntax-ns#type	http://example.org/stkg/id/SpatialRelationObservation
http://example.org/stkg/id/obs_rel_BTR80_T90_20260205T223742Z_71_c_e	http://example.org/stkg/subjectEntity	http://example.org/stkg/id/platform_BTR80
http://example.org/stkg/id/obs_rel_BTR80_T90_20260205T223742Z_71_c_e	http://example.org/stkg/objectEntity	http://example.org/stkg/id/platform_T90
http://example.org/stkg/id/obs_rel_BTR80_T90_20260205T223742Z_71_c_e	http://example.org/stkg/relationType	http://example.org/stkg/id/relation_behind_of
http://example.org/stkg/id/obs_rel_BTR80_T90_20260205T223742Z_71_c_e	http://example.org/stkg/time	"2026-02-05T22:37:42Z"^^<http://www.w3.org/2001/XMLSchema#dateTime>
http://example.org/stkg/id/obs_rel_T90_BTR80_20260205T223742Z_71_e_c	http://www.w3.org/1999/02/22-rdf-syntax-ns#type	http://example.org/stkg/id/SpatialRelationObservation
http://example.org/stkg/id/obs_rel_T90_BTR80_20260205T223742Z_71_e_c	http://example.org/stkg/subjectEntity	http://example.org/stkg/id/platform_T90
http://example.org/stkg/id/obs_rel_T90_BTR80_20260205T223742Z_71_e_c	http://example.org/stkg/objectEntity	http://example.org/stkg/id/platform_BTR80
http://example.org/stkg/id/obs_rel_T90_BTR80_20260205T223742Z_71_e_c	http://example.org/stkg/relationType	http://example.org/stkg/id/relation_ahead_of
http://example.org/stkg/id/obs_rel_T90_BTR80_20260205T223742Z_71_e_c	http://example.org/stkg/time	"2026-02-05T22:37:42Z"^^<http://www.w3.org/2001/XMLSchema#dateTime>
http://example.org/stkg/id/obs_rel_BTR80_K2BlackPanther_20260205T223743Z_72_c_d	http://www.w3.org/1999/02/22-rdf-syntax-ns#type	http://example.org/stkg/id/SpatialRelationObservation
http://example.org/stkg/id/obs_rel_BTR80_K2BlackPanther_20260205T223743Z_72_c_d	http://example.org/stkg/subjectEntity	http://example.org/stkg/id/platform_BTR80
http://example.org/stkg/id/obs_rel_BTR80_K2BlackPanther_20260205T223743Z_72_c_d	http://example.org/stkg/objectEntity	http://example.org/stkg/id/platform_K2BlackPanther
http://example.org/stkg/id/obs_rel_BTR80_K2BlackPanther_20260205T223743Z_72_c_d	http://example.org/stkg/relationType	http://example.org/stkg/id/relation_behind_of
http://example.org/stkg/id/obs_rel_BTR80_K2BlackPanther_20260205T223743Z_72_c_d	http://example.org/stkg/time	"2026-02-05T22:37:43Z"^^<http://www.w3.org/2001/XMLSchema#dateTime>
http://example.org/stkg/id/obs_rel_K2BlackPanther_BTR80_20260205T223743Z_72_d_c	http://www.w3.org/1999/02/22-rdf-syntax-ns#type	http://example.org/stkg/id/SpatialRelationObservation
http://example.org/stkg/id/obs_rel_K2BlackPanther_BTR80_20260205T223743Z_72_d_c	http://example.org/stkg/subjectEntity	http://example.org/stkg/id/platform_K2BlackPanther
http://example.org/stkg/id/obs_rel_K2BlackPanther_BTR80_20260205T223743Z_72_d_c	http://example.org/stkg/objectEntity	http://example.org/stkg/id/platform_BTR80
http://example.org/stkg/id/obs_rel_K2BlackPanther_BTR80_20260205T223743Z_72_d_c	http://example.org/stkg/relationType	http://example.org/stkg/id/relation_ahead_of
http://example.org/stkg/id/obs_rel_K2BlackPanther_BTR80_20260205T223743Z_72_d_c	http://example.org/stkg/time	"2026-02-05T22:37:43Z"^^<http://www.w3.org/2001/XMLSchema#dateTime>
http://example.org/stkg/id/obs_rel_K2BlackPanther_T90_20260205T223743Z_72_d_e	http://www.w3.org/1999/02/22-rdf-syntax-ns#type	http://example.org/stkg/id/SpatialRelationObservation
http://example.org/stkg/id/obs_rel_K2BlackPanther_T90_20260205T223743Z_72_d_e	http://example.org/stkg/subjectEntity	http://example.org/stkg/id/platform_K2BlackPanther
http://example.org/stkg/id/obs_rel_K2BlackPanther_T90_20260205T223743Z_72_d_e	http://example.org/stkg/objectEntity	http://example.org/stkg/id/platform_T90
http://example.org/stkg/id/obs_rel_K2BlackPanther_T90_20260205T223743Z_72_d_e	http://example.org/stkg/relationType	http://example.org/stkg/id/relation_behind_of
http://example.org/stkg/id/obs_rel_K2BlackPanther_T90_20260205T223743Z_72_d_e	http://example.org/stkg/time	"2026-02-05T22:37:43Z"^^<http://www.w3.org/2001/XMLSchema#dateTime>
http://example.org/stkg/id/obs_rel_T90_K2BlackPanther_20260205T223743Z_72_e_d	http://www.w3.org/1999/02/22-rdf-syntax-ns#type	http://example.org/stkg/id/SpatialRelationObservation
http://example.org/stkg/id/obs_rel_T90_K2BlackPanther_20260205T223743Z_72_e_d	http://example.org/stkg/subjectEntity	http://example.org/stkg/id/platform_T90
http://example.org/stkg/id/obs_rel_T90_K2BlackPanther_20260205T223743Z_72_e_d	http://example.org/stkg/objectEntity	http://example.org/stkg/id/platform_K2BlackPanther
http://example.org/stkg/id/obs_rel_T90_K2BlackPanther_20260205T223743Z_72_e_d	http://example.org/stkg/relationType	http://example.org/stkg/id/relation_ahead_of
http://example.org/stkg/id/obs_rel_T90_K2BlackPanther_20260205T223743Z_72_e_d	http://example.org/stkg/time	"2026-02-05T22:37:43Z"^^<http://www.w3.org/2001/XMLSchema#dateTime>
http://example.org/stkg/id/obs_rel_BTR80_T90_20260205T223743Z_72_c_e	http://www.w3.org/1999/02/22-rdf-syntax-ns#type	http://example.org/stkg/id/SpatialRelationObservation
http://example.org/stkg/id/obs_rel_BTR80_T90_20260205T223743Z_72_c_e	http://example.org/stkg/subjectEntity	http://example.org/stkg/id/platform_BTR80
http://example.org/stkg/id/obs_rel_BTR80_T90_20260205T223743Z_72_c_e	http://example.org/stkg/objectEntity	http://example.org/stkg/id/platform_T90
http://example.org/stkg/id/obs_rel_BTR80_T90_20260205T223743Z_72_c_e	http://example.org/stkg/relationType	http://example.org/stkg/id/relation_behind_of
http://example.org/stkg/id/obs_rel_BTR80_T90_20260205T223743Z_72_c_e	http://example.org/stkg/time	"2026-02-05T22:37:43Z"^^<http://www.w3.org/2001/XMLSchema#dateTime>
http://example.org/stkg/id/obs_rel_T90_BTR80_20260205T223743Z_72_e_c	http://www.w3.org/1999/02/22-rdf-syntax-ns#type	http://example.org/stkg/id/SpatialRelationObservation
http://example.org/stkg/id/obs_rel_T90_BTR80_20260205T223743Z_72_e_c	http://example.org/stkg/subjectEntity	http://example.org/stkg/id/platform_T90
http://example.org/stkg/id/obs_rel_T90_BTR80_20260205T223743Z_72_e_c	http://example.org/stkg/objectEntity	http://example.org/stkg/id/platform_BTR80
http://example.org/stkg/id/obs_rel_T90_BTR80_20260205T223743Z_72_e_c	http://example.org/stkg/relationType	http://example.org/stkg/id/relation_ahead_of
http://example.org/stkg/id/obs_rel_T90_BTR80_20260205T223743Z_72_e_c	http://example.org/stkg/time	"2026-02-05T22:37:43Z"^^<http://www.w3.org/2001/XMLSchema#dateTime>
http://example.org/stkg/id/obs_rel_BTR80_K2BlackPanther_20260205T223744Z_73_c_d	http://www.w3.org/1999/02/22-rdf-syntax-ns#type	http://example.org/stkg/id/SpatialRelationObservation
http://example.org/stkg/id/obs_rel_BTR80_K2BlackPanther_20260205T223744Z_73_c_d	http://example.org/stkg/subjectEntity	http://example.org/stkg/id/platform_BTR80
http://example.org/stkg/id/obs_rel_BTR80_K2BlackPanther_20260205T223744Z_73_c_d	http://example.org/stkg/objectEntity	http://example.org/stkg/id/platform_K2BlackPanther
http://example.org/stkg/id/obs_rel_BTR80_K2BlackPanther_20260205T223744Z_73_c_d	http://example.org/stkg/relationType	http://example.org/stkg/id/relation_behind_of
http://example.org/stkg/id/obs_rel_BTR80_K2BlackPanther_20260205T223744Z_73_c_d	http://example.org/stkg/time	"2026-02-05T22:37:44Z"^^<http://www.w3.org/2001/XMLSchema#dateTime>
http://example.org/stkg/id/obs_rel_K2BlackPanther_BTR80_20260205T223744Z_73_d_c	http://www.w3.org/1999/02/22-rdf-syntax-ns#type	http://example.org/stkg/id/SpatialRelationObservation
http://example.org/stkg/id/obs_rel_K2BlackPanther_BTR80_20260205T223744Z_73_d_c	http://example.org/stkg/subjectEntity	http://example.org/stkg/id/platform_K2BlackPanther
http://example.org/stkg/id/obs_rel_K2BlackPanther_BTR80_20260205T223744Z_73_d_c	http://example.org/stkg/objectEntity	http://example.org/stkg/id/platform_BTR80
http://example.org/stkg/id/obs_rel_K2BlackPanther_BTR80_20260205T223744Z_73_d_c	http://example.org/stkg/relationType	http://example.org/stkg/id/relation_ahead_of
http://example.org/stkg/id/obs_rel_K2BlackPanther_BTR80_20260205T223744Z_73_d_c	http://example.org/stkg/time	"2026-02-05T22:37:44Z"^^<http://www.w3.org/2001/XMLSchema#dateTime>
http://example.org/stkg/id/obs_rel_K2BlackPanther_T90_20260205T223744Z_73_d_e	http://www.w3.org/1999/02/22-rdf-syntax-ns#type	http://example.org/stkg/id/SpatialRelationObservation
http://example.org/stkg/id/obs_rel_K2BlackPanther_T90_20260205T223744Z_73_d_e	http://example.org/stkg/subjectEntity	http://example.org/stkg/id/platform_K2BlackPanther
http://example.org/stkg/id/obs_rel_K2BlackPanther_T90_20260205T223744Z_73_d_e	http://example.org/stkg/objectEntity	http://example.org/stkg/id/platform_T90
http://example.org/stkg/id/obs_rel_K2BlackPanther_T90_20260205T223744Z_73_d_e	http://example.org/stkg/relationType	http://example.org/stkg/id/relation_behind_of
http://example.org/stkg/id/obs_rel_K2BlackPanther_T90_20260205T223744Z_73_d_e	http://example.org/stkg/time	"2026-02-05T22:37:44Z"^^<http://www.w3.org/2001/XMLSchema#dateTime>
http://example.org/stkg/id/obs_rel_T90_K2BlackPanther_20260205T223744Z_73_e_d	http://www.w3.org/1999/02/22-rdf-syntax-ns#type	http://example.org/stkg/id/SpatialRelationObservation
http://example.org/stkg/id/obs_rel_T90_K2BlackPanther_20260205T223744Z_73_e_d	http://example.org/stkg/subjectEntity	http://example.org/stkg/id/platform_T90
http://example.org/stkg/id/obs_rel_T90_K2BlackPanther_20260205T223744Z_73_e_d	http://example.org/stkg/objectEntity	http://example.org/stkg/id/platform_K2BlackPanther
http://example.org/stkg/id/obs_rel_T90_K2BlackPanther_20260205T223744Z_73_e_d	http://example.org/stkg/relationType	http://example.org/stkg/id/relation_ahead_of
http://example.org/stkg/id/obs_rel_T90_K2BlackPanther_20260205T223744Z_73_e_d	http://example.org/stkg/time	"2026-02-05T22:37:44Z"^^<http://www.w3.org/2001/XMLSchema#dateTime>
http://example.org/stkg/id/obs_rel_BTR80_T90_20260205T223744Z_73_c_e	http://www.w3.org/1999/02/22-rdf-syntax-ns#type	http://example.org/stkg/id/SpatialRelationObservation
http://example.org/stkg/id/obs_rel_BTR80_T90_20260205T223744Z_73_c_e	http://example.org/stkg/subjectEntity	http://example.org/stkg/id/platform_BTR80
http://example.org/stkg/id/obs_rel_BTR80_T90_20260205T223744Z_73_c_e	http://example.org/stkg/objectEntity	http://example.org/stkg/id/platform_T90
http://example.org/stkg/id/obs_rel_BTR80_T90_20260205T223744Z_73_c_e	http://example.org/stkg/relationType	http://example.org/stkg/id/relation_behind_of
http://example.org/stkg/id/obs_rel_BTR80_T90_20260205T223744Z_73_c_e	http://example.org/stkg/time	"2026-02-05T22:37:44Z"^^<http://www.w3.org/2001/XMLSchema#dateTime>
http://example.org/stkg/id/obs_rel_T90_BTR80_20260205T223744Z_73_e_c	http://www.w3.org/1999/02/22-rdf-syntax-ns#type	http://example.org/stkg/id/SpatialRelationObservation
http://example.org/stkg/id/obs_rel_T90_BTR80_20260205T223744Z_73_e_c	http://example.org/stkg/subjectEntity	http://example.org/stkg/id/platform_T90
http://example.org/stkg/id/obs_rel_T90_BTR80_20260205T223744Z_73_e_c	http://example.org/stkg/objectEntity	http://example.org/stkg/id/platform_BTR80
http://example.org/stkg/id/obs_rel_T90_BTR80_20260205T223744Z_73_e_c	http://example.org/stkg/relationType	http://example.org/stkg/id/relation_ahead_of
http://example.org/stkg/id/obs_rel_T90_BTR80_20260205T223744Z_73_e_c	http://example.org/stkg/time	"2026-02-05T22:37:44Z"^^<http://www.w3.org/2001/XMLSchema#dateTime>
http://example.org/stkg/id/obs_rel_BTR80_K2BlackPanther_20260205T223745Z_74_c_d	http://www.w3.org/1999/02/22-rdf-syntax-ns#type	http://example.org/stkg/id/SpatialRelationObservation
http://example.org/stkg/id/obs_rel_BTR80_K2BlackPanther_20260205T223745Z_74_c_d	http://example.org/stkg/subjectEntity	http://example.org/stkg/id/platform_BTR80
http://example.org/stkg/id/obs_rel_BTR80_K2BlackPanther_20260205T223745Z_74_c_d	http://example.org/stkg/objectEntity	http://example.org/stkg/id/platform_K2BlackPanther
http://example.org/stkg/id/obs_rel_BTR80_K2BlackPanther_20260205T223745Z_74_c_d	http://example.org/stkg/relationType	http://example.org/stkg/id/relation_behind_of
http://example.org/stkg/id/obs_rel_BTR80_K2BlackPanther_20260205T223745Z_74_c_d	http://example.org/stkg/time	"2026-02-05T22:37:45Z"^^<http://www.w3.org/2001/XMLSchema#dateTime>
http://example.org/stkg/id/obs_rel_K2BlackPanther_BTR80_20260205T223745Z_74_d_c	http://www.w3.org/1999/02/22-rdf-syntax-ns#type	http://example.org/stkg/id/SpatialRelationObservation
http://example.org/stkg/id/obs_rel_K2BlackPanther_BTR80_20260205T223745Z_74_d_c	http://example.org/stkg/subjectEntity	http://example.org/stkg/id/platform_K2BlackPanther
http://example.org/stkg/id/obs_rel_K2BlackPanther_BTR80_20260205T223745Z_74_d_c	http://example.org/stkg/objectEntity	http://example.org/stkg/id/platform_BTR80
http://example.org/stkg/id/obs_rel_K2BlackPanther_BTR80_20260205T223745Z_74_d_c	http://example.org/stkg/relationType	http://example.org/stkg/id/relation_ahead_of
http://example.org/stkg/id/obs_rel_K2BlackPanther_BTR80_20260205T223745Z_74_d_c	http://example.org/stkg/time	"2026-02-05T22:37:45Z"^^<http://www.w3.org/2001/XMLSchema#dateTime>
http://example.org/stkg/id/obs_rel_K2BlackPanther_T90_20260205T223745Z_74_d_e	http://www.w3.org/1999/02/22-rdf-syntax-ns#type	http://example.org/stkg/id/SpatialRelationObservation
http://example.org/stkg/id/obs_rel_K2BlackPanther_T90_20260205T223745Z_74_d_e	http://example.org/stkg/subjectEntity	http://example.org/stkg/id/platform_K2BlackPanther
http://example.org/stkg/id/obs_rel_K2BlackPanther_T90_20260205T223745Z_74_d_e	http://example.org/stkg/objectEntity	http://example.org/stkg/id/platform_T90
http://example.org/stkg/id/obs_rel_K2BlackPanther_T90_20260205T223745Z_74_d_e	http://example.org/stkg/relationType	http://example.org/stkg/id/relation_behind_of
http://example.org/stkg/id/obs_rel_K2BlackPanther_T90_20260205T223745Z_74_d_e	http://example.org/stkg/time	"2026-02-05T22:37:45Z"^^<http://www.w3.org/2001/XMLSchema#dateTime>
http://example.org/stkg/id/obs_rel_T90_K2BlackPanther_20260205T223745Z_74_e_d	http://www.w3.org/1999/02/22-rdf-syntax-ns#type	http://example.org/stkg/id/SpatialRelationObservation
http://example.org/stkg/id/obs_rel_T90_K2BlackPanther_20260205T223745Z_74_e_d	http://example.org/stkg/subjectEntity	http://example.org/stkg/id/platform_T90
http://example.org/stkg/id/obs_rel_T90_K2BlackPanther_20260205T223745Z_74_e_d	http://example.org/stkg/objectEntity	http://example.org/stkg/id/platform_K2BlackPanther
http://example.org/stkg/id/obs_rel_T90_K2BlackPanther_20260205T223745Z_74_e_d	http://example.org/stkg/relationType	http://example.org/stkg/id/relation_ahead_of
http://example.org/stkg/id/obs_rel_T90_K2BlackPanther_20260205T223745Z_74_e_d	http://example.org/stkg/time	"2026-02-05T22:37:45Z"^^<http://www.w3.org/2001/XMLSchema#dateTime>
http://example.org/stkg/id/obs_rel_BTR80_T90_20260205T223745Z_74_c_e	http://www.w3.org/1999/02/22-rdf-syntax-ns#type	http://example.org/stkg/id/SpatialRelationObservation
http://example.org/stkg/id/obs_rel_BTR80_T90_20260205T223745Z_74_c_e	http://example.org/stkg/subjectEntity	http://example.org/stkg/id/platform_BTR80
http://example.org/stkg/id/obs_rel_BTR80_T90_20260205T223745Z_74_c_e	http://example.org/stkg/objectEntity	http://example.org/stkg/id/platform_T90
http://example.org/stkg/id/obs_rel_BTR80_T90_20260205T223745Z_74_c_e	http://example.org/stkg/relationType	http://example.org/stkg/id/relation_behind_of
http://example.org/stkg/id/obs_rel_BTR80_T90_20260205T223745Z_74_c_e	http://example.org/stkg/time	"2026-02-05T22:37:45Z"^^<http://www.w3.org/2001/XMLSchema#dateTime>
http://example.org/stkg/id/obs_rel_T90_BTR80_20260205T223745Z_74_e_c	http://www.w3.org/1999/02/22-rdf-syntax-ns#type	http://example.org/stkg/id/SpatialRelationObservation
http://example.org/stkg/id/obs_rel_T90_BTR80_20260205T223745Z_74_e_c	http://example.org/stkg/subjectEntity	http://example.org/stkg/id/platform_T90
http://example.org/stkg/id/obs_rel_T90_BTR80_20260205T223745Z_74_e_c	http://example.org/stkg/objectEntity	http://example.org/stkg/id/platform_BTR80
http://example.org/stkg/id/obs_rel_T90_BTR80_20260205T223745Z_74_e_c	http://example.org/stkg/relationType	http://example.org/stkg/id/relation_ahead_of
http://example.org/stkg/id/obs_rel_T90_BTR80_20260205T223745Z_74_e_c	http://example.org/stkg/time	"2026-02-05T22:37:45Z"^^<http://www.w3.org/2001/XMLSchema#dateTime>
http://example.org/stkg/id/obs_rel_BTR80_K2BlackPanther_20260205T223746Z_75_c_d	http://www.w3.org/1999/02/22-rdf-syntax-ns#type	http://example.org/stkg/id/SpatialRelationObservation
http://example.org/stkg/id/obs_rel_BTR80_K2BlackPanther_20260205T223746Z_75_c_d	http://example.org/stkg/subjectEntity	http://example.org/stkg/id/platform_BTR80
http://example.org/stkg/id/obs_rel_BTR80_K2BlackPanther_20260205T223746Z_75_c_d	http://example.org/stkg/objectEntity	http://example.org/stkg/id/platform_K2BlackPanther
http://example.org/stkg/id/obs_rel_BTR80_K2BlackPanther_20260205T223746Z_75_c_d	http://example.org/stkg/relationType	http://example.org/stkg/id/relation_behind_of
http://example.org/stkg/id/obs_rel_BTR80_K2BlackPanther_20260205T223746Z_75_c_d	http://example.org/stkg/time	"2026-02-05T22:37:46Z"^^<http://www.w3.org/2001/XMLSchema#dateTime>
http://example.org/stkg/id/obs_rel_K2BlackPanther_BTR80_20260205T223746Z_75_d_c	http://www.w3.org/1999/02/22-rdf-syntax-ns#type	http://example.org/stkg/id/SpatialRelationObservation
http://example.org/stkg/id/obs_rel_K2BlackPanther_BTR80_20260205T223746Z_75_d_c	http://example.org/stkg/subjectEntity	http://example.org/stkg/id/platform_K2BlackPanther
http://example.org/stkg/id/obs_rel_K2BlackPanther_BTR80_20260205T223746Z_75_d_c	http://example.org/stkg/objectEntity	http://example.org/stkg/id/platform_BTR80
http://example.org/stkg/id/obs_rel_K2BlackPanther_BTR80_20260205T223746Z_75_d_c	http://example.org/stkg/relationType	http://example.org/stkg/id/relation_ahead_of
http://example.org/stkg/id/obs_rel_K2BlackPanther_BTR80_20260205T223746Z_75_d_c	http://example.org/stkg/time	"2026-02-05T22:37:46Z"^^<http://www.w3.org/2001/XMLSchema#dateTime>
http://example.org/stkg/id/obs_rel_K2BlackPanther_T90_20260205T223746Z_75_d_e	http://www.w3.org/1999/02/22-rdf-syntax-ns#type	http://example.org/stkg/id/SpatialRelationObservation
http://example.org/stkg/id/obs_rel_K2BlackPanther_T90_20260205T223746Z_75_d_e	http://example.org/stkg/subjectEntity	http://example.org/stkg/id/platform_K2BlackPanther
http://example.org/stkg/id/obs_rel_K2BlackPanther_T90_20260205T223746Z_75_d_e	http://example.org/stkg/objectEntity	http://example.org/stkg/id/platform_T90
http://example.org/stkg/id/obs_rel_K2BlackPanther_T90_20260205T223746Z_75_d_e	http://example.org/stkg/relationType	http://example.org/stkg/id/relation_behind_of
http://example.org/stkg/id/obs_rel_K2BlackPanther_T90_20260205T223746Z_75_d_e	http://example.org/stkg/time	"2026-02-05T22:37:46Z"^^<http://www.w3.org/2001/XMLSchema#dateTime>
http://example.org/stkg/id/obs_rel_T90_K2BlackPanther_20260205T223746Z_75_e_d	http://www.w3.org/1999/02/22-rdf-syntax-ns#type	http://example.org/stkg/id/SpatialRelationObservation
http://example.org/stkg/id/obs_rel_T90_K2BlackPanther_20260205T223746Z_75_e_d	http://example.org/stkg/subjectEntity	http://example.org/stkg/id/platform_T90
http://example.org/stkg/id/obs_rel_T90_K2BlackPanther_20260205T223746Z_75_e_d	http://example.org/stkg/objectEntity	http://example.org/stkg/id/platform_K2BlackPanther
http://example.org/stkg/id/obs_rel_T90_K2BlackPanther_20260205T223746Z_75_e_d	http://example.org/stkg/relationType	http://example.org/stkg/id/relation_ahead_of
http://example.org/stkg/id/obs_rel_T90_K2BlackPanther_20260205T223746Z_75_e_d	http://example.org/stkg/time	"2026-02-05T22:37:46Z"^^<http://www.w3.org/2001/XMLSchema#dateTime>
http://example.org/stkg/id/obs_rel_BTR80_T90_20260205T223746Z_75_c_e	http://www.w3.org/1999/02/22-rdf-syntax-ns#type	http://example.org/stkg/id/SpatialRelationObservation
http://example.org/stkg/id/obs_rel_BTR80_T90_20260205T223746Z_75_c_e	http://example.org/stkg/subjectEntity	http://example.org/stkg/id/platform_BTR80
http://example.org/stkg/id/obs_rel_BTR80_T90_20260205T223746Z_75_c_e	http://example.org/stkg/objectEntity	http://example.org/stkg/id/platform_T90
http://example.org/stkg/id/obs_rel_BTR80_T90_20260205T223746Z_75_c_e	http://example.org/stkg/relationType	http://example.org/stkg/id/relation_behind_of
http://example.org/stkg/id/obs_rel_BTR80_T90_20260205T223746Z_75_c_e	http://example.org/stkg/time	"2026-02-05T22:37:46Z"^^<http://www.w3.org/2001/XMLSchema#dateTime>
http://example.org/stkg/id/obs_rel_T90_BTR80_20260205T223746Z_75_e_c	http://www.w3.org/1999/02/22-rdf-syntax-ns#type	http://example.org/stkg/id/SpatialRelationObservation
http://example.org/stkg/id/obs_rel_T90_BTR80_20260205T223746Z_75_e_c	http://example.org/stkg/subjectEntity	http://example.org/stkg/id/platform_T90
http://example.org/stkg/id/obs_rel_T90_BTR80_20260205T223746Z_75_e_c	http://example.org/stkg/objectEntity	http://example.org/stkg/id/platform_BTR80
http://example.org/stkg/id/obs_rel_T90_BTR80_20260205T223746Z_75_e_c	http://example.org/stkg/relationType	http://example.org/stkg/id/relation_ahead_of
http://example.org/stkg/id/obs_rel_T90_BTR80_20260205T223746Z_75_e_c	http://example.org/stkg/time	"2026-02-05T22:37:46Z"^^<http://www.w3.org/2001/XMLSchema#dateTime>
http://example.org/stkg/id/obs_rel_BTR80_K2BlackPanther_20260205T223747Z_76_c_d	http://www.w3.org/1999/02/22-rdf-syntax-ns#type	http://example.org/stkg/id/SpatialRelationObservation
http://example.org/stkg/id/obs_rel_BTR80_K2BlackPanther_20260205T223747Z_76_c_d	http://example.org/stkg/subjectEntity	http://example.org/stkg/id/platform_BTR80
http://example.org/stkg/id/obs_rel_BTR80_K2BlackPanther_20260205T223747Z_76_c_d	http://example.org/stkg/objectEntity	http://example.org/stkg/id/platform_K2BlackPanther
http://example.org/stkg/id/obs_rel_BTR80_K2BlackPanther_20260205T223747Z_76_c_d	http://example.org/stkg/relationType	http://example.org/stkg/id/relation_behind_of
http://example.org/stkg/id/obs_rel_BTR80_K2BlackPanther_20260205T223747Z_76_c_d	http://example.org/stkg/time	"2026-02-05T22:37:47Z"^^<http://www.w3.org/2001/XMLSchema#dateTime>
http://example.org/stkg/id/obs_rel_K2BlackPanther_BTR80_20260205T223747Z_76_d_c	http://www.w3.org/1999/02/22-rdf-syntax-ns#type	http://example.org/stkg/id/SpatialRelationObservation
http://example.org/stkg/id/obs_rel_K2BlackPanther_BTR80_20260205T223747Z_76_d_c	http://example.org/stkg/subjectEntity	http://example.org/stkg/id/platform_K2BlackPanther
http://example.org/stkg/id/obs_rel_K2BlackPanther_BTR80_20260205T223747Z_76_d_c	http://example.org/stkg/objectEntity	http://example.org/stkg/id/platform_BTR80
http://example.org/stkg/id/obs_rel_K2BlackPanther_BTR80_20260205T223747Z_76_d_c	http://example.org/stkg/relationType	http://example.org/stkg/id/relation_ahead_of
http://example.org/stkg/id/obs_rel_K2BlackPanther_BTR80_20260205T223747Z_76_d_c	http://example.org/stkg/time	"2026-02-05T22:37:47Z"^^<http://www.w3.org/2001/XMLSchema#dateTime>
http://example.org/stkg/id/obs_rel_K2BlackPanther_T90_20260205T223747Z_76_d_e	http://www.w3.org/1999/02/22-rdf-syntax-ns#type	http://example.org/stkg/id/SpatialRelationObservation
http://example.org/stkg/id/obs_rel_K2BlackPanther_T90_20260205T223747Z_76_d_e	http://example.org/stkg/subjectEntity	http://example.org/stkg/id/platform_K2BlackPanther
http://example.org/stkg/id/obs_rel_K2BlackPanther_T90_20260205T223747Z_76_d_e	http://example.org/stkg/objectEntity	http://example.org/stkg/id/platform_T90
http://example.org/stkg/id/obs_rel_K2BlackPanther_T90_20260205T223747Z_76_d_e	http://example.org/stkg/relationType	http://example.org/stkg/id/relation_behind_of
http://example.org/stkg/id/obs_rel_K2BlackPanther_T90_20260205T223747Z_76_d_e	http://example.org/stkg/time	"2026-02-05T22:37:47Z"^^<http://www.w3.org/2001/XMLSchema#dateTime>
http://example.org/stkg/id/obs_rel_T90_K2BlackPanther_20260205T223747Z_76_e_d	http://www.w3.org/1999/02/22-rdf-syntax-ns#type	http://example.org/stkg/id/SpatialRelationObservation
http://example.org/stkg/id/obs_rel_T90_K2BlackPanther_20260205T223747Z_76_e_d	http://example.org/stkg/subjectEntity	http://example.org/stkg/id/platform_T90
http://example.org/stkg/id/obs_rel_T90_K2BlackPanther_20260205T223747Z_76_e_d	http://example.org/stkg/objectEntity	http://example.org/stkg/id/platform_K2BlackPanther
http://example.org/stkg/id/obs_rel_T90_K2BlackPanther_20260205T223747Z_76_e_d	http://example.org/stkg/relationType	http://example.org/stkg/id/relation_ahead_of
http://example.org/stkg/id/obs_rel_T90_K2BlackPanther_20260205T223747Z_76_e_d	http://example.org/stkg/time	"2026-02-05T22:37:47Z"^^<http://www.w3.org/2001/XMLSchema#dateTime>
http://example.org/stkg/id/obs_rel_BTR80_T90_20260205T223747Z_76_c_e	http://www.w3.org/1999/02/22-rdf-syntax-ns#type	http://example.org/stkg/id/SpatialRelationObservation
http://example.org/stkg/id/obs_rel_BTR80_T90_20260205T223747Z_76_c_e	http://example.org/stkg/subjectEntity	http://example.org/stkg/id/platform_BTR80
http://example.org/stkg/id/obs_rel_BTR80_T90_20260205T223747Z_76_c_e	http://example.org/stkg/objectEntity	http://example.org/stkg/id/platform_T90
http://example.org/stkg/id/obs_rel_BTR80_T90_20260205T223747Z_76_c_e	http://example.org/stkg/relationType	http://example.org/stkg/id/relation_behind_of
http://example.org/stkg/id/obs_rel_BTR80_T90_20260205T223747Z_76_c_e	http://example.org/stkg/time	"2026-02-05T22:37:47Z"^^<http://www.w3.org/2001/XMLSchema#dateTime>
http://example.org/stkg/id/obs_rel_T90_BTR80_20260205T223747Z_76_e_c	http://www.w3.org/1999/02/22-rdf-syntax-ns#type	http://example.org/stkg/id/SpatialRelationObservation
http://example.org/stkg/id/obs_rel_T90_BTR80_20260205T223747Z_76_e_c	http://example.org/stkg/subjectEntity	http://example.org/stkg/id/platform_T90
http://example.org/stkg/id/obs_rel_T90_BTR80_20260205T223747Z_76_e_c	http://example.org/stkg/objectEntity	http://example.org/stkg/id/platform_BTR80
http://example.org/stkg/id/obs_rel_T90_BTR80_20260205T223747Z_76_e_c	http://example.org/stkg/relationType	http://example.org/stkg/id/relation_ahead_of
http://example.org/stkg/id/obs_rel_T90_BTR80_20260205T223747Z_76_e_c	http://example.org/stkg/time	"2026-02-05T22:37:47Z"^^<http://www.w3.org/2001/XMLSchema#dateTime>
http://example.org/stkg/id/obs_rel_BTR80_K2BlackPanther_20260205T223748Z_77_c_d	http://www.w3.org/1999/02/22-rdf-syntax-ns#type	http://example.org/stkg/id/SpatialRelationObservation
http://example.org/stkg/id/obs_rel_BTR80_K2BlackPanther_20260205T223748Z_77_c_d	http://example.org/stkg/subjectEntity	http://example.org/stkg/id/platform_BTR80
http://example.org/stkg/id/obs_rel_BTR80_K2BlackPanther_20260205T223748Z_77_c_d	http://example.org/stkg/objectEntity	http://example.org/stkg/id/platform_K2BlackPanther
http://example.org/stkg/id/obs_rel_BTR80_K2BlackPanther_20260205T223748Z_77_c_d	http://example.org/stkg/relationType	http://example.org/stkg/id/relation_behind_of
http://example.org/stkg/id/obs_rel_BTR80_K2BlackPanther_20260205T223748Z_77_c_d	http://example.org/stkg/time	"2026-02-05T22:37:48Z"^^<http://www.w3.org/2001/XMLSchema#dateTime>
http://example.org/stkg/id/obs_rel_K2BlackPanther_BTR80_20260205T223748Z_77_d_c	http://www.w3.org/1999/02/22-rdf-syntax-ns#type	http://example.org/stkg/id/SpatialRelationObservation
http://example.org/stkg/id/obs_rel_K2BlackPanther_BTR80_20260205T223748Z_77_d_c	http://example.org/stkg/subjectEntity	http://example.org/stkg/id/platform_K2BlackPanther
http://example.org/stkg/id/obs_rel_K2BlackPanther_BTR80_20260205T223748Z_77_d_c	http://example.org/stkg/objectEntity	http://example.org/stkg/id/platform_BTR80
http://example.org/stkg/id/obs_rel_K2BlackPanther_BTR80_20260205T223748Z_77_d_c	http://example.org/stkg/relationType	http://example.org/stkg/id/relation_ahead_of
http://example.org/stkg/id/obs_rel_K2BlackPanther_BTR80_20260205T223748Z_77_d_c	http://example.org/stkg/time	"2026-02-05T22:37:48Z"^^<http://www.w3.org/2001/XMLSchema#dateTime>
http://example.org/stkg/id/obs_rel_K2BlackPanther_T90_20260205T223748Z_77_d_e	http://www.w3.org/1999/02/22-rdf-syntax-ns#type	http://example.org/stkg/id/SpatialRelationObservation
http://example.org/stkg/id/obs_rel_K2BlackPanther_T90_20260205T223748Z_77_d_e	http://example.org/stkg/subjectEntity	http://example.org/stkg/id/platform_K2BlackPanther
http://example.org/stkg/id/obs_rel_K2BlackPanther_T90_20260205T223748Z_77_d_e	http://example.org/stkg/objectEntity	http://example.org/stkg/id/platform_T90
http://example.org/stkg/id/obs_rel_K2BlackPanther_T90_20260205T223748Z_77_d_e	http://example.org/stkg/relationType	http://example.org/stkg/id/relation_behind_of
http://example.org/stkg/id/obs_rel_K2BlackPanther_T90_20260205T223748Z_77_d_e	http://example.org/stkg/time	"2026-02-05T22:37:48Z"^^<http://www.w3.org/2001/XMLSchema#dateTime>
http://example.org/stkg/id/obs_rel_T90_K2BlackPanther_20260205T223748Z_77_e_d	http://www.w3.org/1999/02/22-rdf-syntax-ns#type	http://example.org/stkg/id/SpatialRelationObservation
http://example.org/stkg/id/obs_rel_T90_K2BlackPanther_20260205T223748Z_77_e_d	http://example.org/stkg/subjectEntity	http://example.org/stkg/id/platform_T90
http://example.org/stkg/id/obs_rel_T90_K2BlackPanther_20260205T223748Z_77_e_d	http://example.org/stkg/objectEntity	http://example.org/stkg/id/platform_K2BlackPanther
http://example.org/stkg/id/obs_rel_T90_K2BlackPanther_20260205T223748Z_77_e_d	http://example.org/stkg/relationType	http://example.org/stkg/id/relation_ahead_of
http://example.org/stkg/id/obs_rel_T90_K2BlackPanther_20260205T223748Z_77_e_d	http://example.org/stkg/time	"2026-02-05T22:37:48Z"^^<http://www.w3.org/2001/XMLSchema#dateTime>
http://example.org/stkg/id/obs_rel_BTR80_T90_20260205T223748Z_77_c_e	http://www.w3.org/1999/02/22-rdf-syntax-ns#type	http://example.org/stkg/id/SpatialRelationObservation
http://example.org/stkg/id/obs_rel_BTR80_T90_20260205T223748Z_77_c_e	http://example.org/stkg/subjectEntity	http://example.org/stkg/id/platform_BTR80
http://example.org/stkg/id/obs_rel_BTR80_T90_20260205T223748Z_77_c_e	http://example.org/stkg/objectEntity	http://example.org/stkg/id/platform_T90
http://example.org/stkg/id/obs_rel_BTR80_T90_20260205T223748Z_77_c_e	http://example.org/stkg/relationType	http://example.org/stkg/id/relation_behind_of
http://example.org/stkg/id/obs_rel_BTR80_T90_20260205T223748Z_77_c_e	http://example.org/stkg/time	"2026-02-05T22:37:48Z"^^<http://www.w3.org/2001/XMLSchema#dateTime>
http://example.org/stkg/id/obs_rel_T90_BTR80_20260205T223748Z_77_e_c	http://www.w3.org/1999/02/22-rdf-syntax-ns#type	http://example.org/stkg/id/SpatialRelationObservation
http://example.org/stkg/id/obs_rel_T90_BTR80_20260205T223748Z_77_e_c	http://example.org/stkg/subjectEntity	http://example.org/stkg/id/platform_T90
http://example.org/stkg/id/obs_rel_T90_BTR80_20260205T223748Z_77_e_c	http://example.org/stkg/objectEntity	http://example.org/stkg/id/platform_BTR80
http://example.org/stkg/id/obs_rel_T90_BTR80_20260205T223748Z_77_e_c	http://example.org/stkg/relationType	http://example.org/stkg/id/relation_ahead_of
http://example.org/stkg/id/obs_rel_T90_BTR80_20260205T223748Z_77_e_c	http://example.org/stkg/time	"2026-02-05T22:37:48Z"^^<http://www.w3.org/2001/XMLSchema#dateTime>
http://example.org/stkg/id/obs_rel_BTR80_K2BlackPanther_20260205T223749Z_78_c_d	http://www.w3.org/1999/02/22-rdf-syntax-ns#type	http://example.org/stkg/id/SpatialRelationObservation
http://example.org/stkg/id/obs_rel_BTR80_K2BlackPanther_20260205T223749Z_78_c_d	http://example.org/stkg/subjectEntity	http://example.org/stkg/id/platform_BTR80
http://example.org/stkg/id/obs_rel_BTR80_K2BlackPanther_20260205T223749Z_78_c_d	http://example.org/stkg/objectEntity	http://example.org/stkg/id/platform_K2BlackPanther
http://example.org/stkg/id/obs_rel_BTR80_K2BlackPanther_20260205T223749Z_78_c_d	http://example.org/stkg/relationType	http://example.org/stkg/id/relation_behind_of
http://example.org/stkg/id/obs_rel_BTR80_K2BlackPanther_20260205T223749Z_78_c_d	http://example.org/stkg/time	"2026-02-05T22:37:49Z"^^<http://www.w3.org/2001/XMLSchema#dateTime>
http://example.org/stkg/id/obs_rel_K2BlackPanther_BTR80_20260205T223749Z_78_d_c	http://www.w3.org/1999/02/22-rdf-syntax-ns#type	http://example.org/stkg/id/SpatialRelationObservation
http://example.org/stkg/id/obs_rel_K2BlackPanther_BTR80_20260205T223749Z_78_d_c	http://example.org/stkg/subjectEntity	http://example.org/stkg/id/platform_K2BlackPanther
http://example.org/stkg/id/obs_rel_K2BlackPanther_BTR80_20260205T223749Z_78_d_c	http://example.org/stkg/objectEntity	http://example.org/stkg/id/platform_BTR80
http://example.org/stkg/id/obs_rel_K2BlackPanther_BTR80_20260205T223749Z_78_d_c	http://example.org/stkg/relationType	http://example.org/stkg/id/relation_ahead_of
http://example.org/stkg/id/obs_rel_K2BlackPanther_BTR80_20260205T223749Z_78_d_c	http://example.org/stkg/time	"2026-02-05T22:37:49Z"^^<http://www.w3.org/2001/XMLSchema#dateTime>
http://example.org/stkg/id/obs_rel_K2BlackPanther_T90_20260205T223749Z_78_d_e	http://www.w3.org/1999/02/22-rdf-syntax-ns#type	http://example.org/stkg/id/SpatialRelationObservation
http://example.org/stkg/id/obs_rel_K2BlackPanther_T90_20260205T223749Z_78_d_e	http://example.org/stkg/subjectEntity	http://example.org/stkg/id/platform_K2BlackPanther
http://example.org/stkg/id/obs_rel_K2BlackPanther_T90_20260205T223749Z_78_d_e	http://example.org/stkg/objectEntity	http://example.org/stkg/id/platform_T90
http://example.org/stkg/id/obs_rel_K2BlackPanther_T90_20260205T223749Z_78_d_e	http://example.org/stkg/relationType	http://example.org/stkg/id/relation_behind_of
http://example.org/stkg/id/obs_rel_K2BlackPanther_T90_20260205T223749Z_78_d_e	http://example.org/stkg/time	"2026-02-05T22:37:49Z"^^<http://www.w3.org/2001/XMLSchema#dateTime>
http://example.org/stkg/id/obs_rel_T90_K2BlackPanther_20260205T223749Z_78_e_d	http://www.w3.org/1999/02/22-rdf-syntax-ns#type	http://example.org/stkg/id/SpatialRelationObservation
http://example.org/stkg/id/obs_rel_T90_K2BlackPanther_20260205T223749Z_78_e_d	http://example.org/stkg/subjectEntity	http://example.org/stkg/id/platform_T90
http://example.org/stkg/id/obs_rel_T90_K2BlackPanther_20260205T223749Z_78_e_d	http://example.org/stkg/objectEntity	http://example.org/stkg/id/platform_K2BlackPanther
http://example.org/stkg/id/obs_rel_T90_K2BlackPanther_20260205T223749Z_78_e_d	http://example.org/stkg/relationType	http://example.org/stkg/id/relation_ahead_of
http://example.org/stkg/id/obs_rel_T90_K2BlackPanther_20260205T223749Z_78_e_d	http://example.org/stkg/time	"2026-02-05T22:37:49Z"^^<http://www.w3.org/2001/XMLSchema#dateTime>
http://example.org/stkg/id/obs_rel_BTR80_T90_20260205T223749Z_78_c_e	http://www.w3.org/1999/02/22-rdf-syntax-ns#type	http://example.org/stkg/id/SpatialRelationObservation
http://example.org/stkg/id/obs_rel_BTR80_T90_20260205T223749Z_78_c_e	http://example.org/stkg/subjectEntity	http://example.org/stkg/id/platform_BTR80
http://example.org/stkg/id/obs_rel_BTR80_T90_20260205T223749Z_78_c_e	http://example.org/stkg/objectEntity	http://example.org/stkg/id/platform_T90
http://example.org/stkg/id/obs_rel_BTR80_T90_20260205T223749Z_78_c_e	http://example.org/stkg/relationType	http://example.org/stkg/id/relation_behind_of
http://example.org/stkg/id/obs_rel_BTR80_T90_20260205T223749Z_78_c_e	http://example.org/stkg/time	"2026-02-05T22:37:49Z"^^<http://www.w3.org/2001/XMLSchema#dateTime>
http://example.org/stkg/id/obs_rel_T90_BTR80_20260205T223749Z_78_e_c	http://www.w3.org/1999/02/22-rdf-syntax-ns#type	http://example.org/stkg/id/SpatialRelationObservation
http://example.org/stkg/id/obs_rel_T90_BTR80_20260205T223749Z_78_e_c	http://example.org/stkg/subjectEntity	http://example.org/stkg/id/platform_T90
http://example.org/stkg/id/obs_rel_T90_BTR80_20260205T223749Z_78_e_c	http://example.org/stkg/objectEntity	http://example.org/stkg/id/platform_BTR80
http://example.org/stkg/id/obs_rel_T90_BTR80_20260205T223749Z_78_e_c	http://example.org/stkg/relationType	http://example.org/stkg/id/relation_ahead_of
http://example.org/stkg/id/obs_rel_T90_BTR80_20260205T223749Z_78_e_c	http://example.org/stkg/time	"2026-02-05T22:37:49Z"^^<http://www.w3.org/2001/XMLSchema#dateTime>
http://example.org/stkg/id/obs_rel_BTR80_K2BlackPanther_20260205T223750Z_79_c_d	http://www.w3.org/1999/02/22-rdf-syntax-ns#type	http://example.org/stkg/id/SpatialRelationObservation
http://example.org/stkg/id/obs_rel_BTR80_K2BlackPanther_20260205T223750Z_79_c_d	http://example.org/stkg/subjectEntity	http://example.org/stkg/id/platform_BTR80
http://example.org/stkg/id/obs_rel_BTR80_K2BlackPanther_20260205T223750Z_79_c_d	http://example.org/stkg/objectEntity	http://example.org/stkg/id/platform_K2BlackPanther
http://example.org/stkg/id/obs_rel_BTR80_K2BlackPanther_20260205T223750Z_79_c_d	http://example.org/stkg/relationType	http://example.org/stkg/id/relation_behind_of
http://example.org/stkg/id/obs_rel_BTR80_K2BlackPanther_20260205T223750Z_79_c_d	http://example.org/stkg/time	"2026-02-05T22:37:50Z"^^<http://www.w3.org/2001/XMLSchema#dateTime>
http://example.org/stkg/id/obs_rel_K2BlackPanther_BTR80_20260205T223750Z_79_d_c	http://www.w3.org/1999/02/22-rdf-syntax-ns#type	http://example.org/stkg/id/SpatialRelationObservation
http://example.org/stkg/id/obs_rel_K2BlackPanther_BTR80_20260205T223750Z_79_d_c	http://example.org/stkg/subjectEntity	http://example.org/stkg/id/platform_K2BlackPanther
http://example.org/stkg/id/obs_rel_K2BlackPanther_BTR80_20260205T223750Z_79_d_c	http://example.org/stkg/objectEntity	http://example.org/stkg/id/platform_BTR80
http://example.org/stkg/id/obs_rel_K2BlackPanther_BTR80_20260205T223750Z_79_d_c	http://example.org/stkg/relationType	http://example.org/stkg/id/relation_ahead_of
http://example.org/stkg/id/obs_rel_K2BlackPanther_BTR80_20260205T223750Z_79_d_c	http://example.org/stkg/time	"2026-02-05T22:37:50Z"^^<http://www.w3.org/2001/XMLSchema#dateTime>
http://example.org/stkg/id/obs_rel_K2BlackPanther_T90_20260205T223750Z_79_d_e	http://www.w3.org/1999/02/22-rdf-syntax-ns#type	http://example.org/stkg/id/SpatialRelationObservation
http://example.org/stkg/id/obs_rel_K2BlackPanther_T90_20260205T223750Z_79_d_e	http://example.org/stkg/subjectEntity	http://example.org/stkg/id/platform_K2BlackPanther
http://example.org/stkg/id/obs_rel_K2BlackPanther_T90_20260205T223750Z_79_d_e	http://example.org/stkg/objectEntity	http://example.org/stkg/id/platform_T90
http://example.org/stkg/id/obs_rel_K2BlackPanther_T90_20260205T223750Z_79_d_e	http://example.org/stkg/relationType	http://example.org/stkg/id/relation_behind_of
http://example.org/stkg/id/obs_rel_K2BlackPanther_T90_20260205T223750Z_79_d_e	http://example.org/stkg/time	"2026-02-05T22:37:50Z"^^<http://www.w3.org/2001/XMLSchema#dateTime>
http://example.org/stkg/id/obs_rel_T90_K2BlackPanther_20260205T223750Z_79_e_d	http://www.w3.org/1999/02/22-rdf-syntax-ns#type	http://example.org/stkg/id/SpatialRelationObservation
http://example.org/stkg/id/obs_rel_T90_K2BlackPanther_20260205T223750Z_79_e_d	http://example.org/stkg/subjectEntity	http://example.org/stkg/id/platform_T90
http://example.org/stkg/id/obs_rel_T90_K2BlackPanther_20260205T223750Z_79_e_d	http://example.org/stkg/objectEntity	http://example.org/stkg/id/platform_K2BlackPanther
http://example.org/stkg/id/obs_rel_T90_K2BlackPanther_20260205T223750Z_79_e_d	http://example.org/stkg/relationType	http://example.org/stkg/id/relation_ahead_of
http://example.org/stkg/id/obs_rel_T90_K2BlackPanther_20260205T223750Z_79_e_d	http://example.org/stkg/time	"2026-02-05T22:37:50Z"^^<http://www.w3.org/2001/XMLSchema#dateTime>
http://example.org/stkg/id/obs_rel_BTR80_T90_20260205T223750Z_79_c_e	http://www.w3.org/1999/02/22-rdf-syntax-ns#type	http://example.org/stkg/id/SpatialRelationObservation
http://example.org/stkg/id/obs_rel_BTR80_T90_20260205T223750Z_79_c_e	http://example.org/stkg/subjectEntity	http://example.org/stkg/id/platform_BTR80
http://example.org/stkg/id/obs_rel_BTR80_T90_20260205T223750Z_79_c_e	http://example.org/stkg/objectEntity	http://example.org/stkg/id/platform_T90
http://example.org/stkg/id/obs_rel_BTR80_T90_20260205T223750Z_79_c_e	http://example.org/stkg/relationType	http://example.org/stkg/id/relation_behind_of
http://example.org/stkg/id/obs_rel_BTR80_T90_20260205T223750Z_79_c_e	http://example.org/stkg/time	"2026-02-05T22:37:50Z"^^<http://www.w3.org/2001/XMLSchema#dateTime>
http://example.org/stkg/id/obs_rel_T90_BTR80_20260205T223750Z_79_e_c	http://www.w3.org/1999/02/22-rdf-syntax-ns#type	http://example.org/stkg/id/SpatialRelationObservation
http://example.org/stkg/id/obs_rel_T90_BTR80_20260205T223750Z_79_e_c	http://example.org/stkg/subjectEntity	http://example.org/stkg/id/platform_T90
http://example.org/stkg/id/obs_rel_T90_BTR80_20260205T223750Z_79_e_c	http://example.org/stkg/objectEntity	http://example.org/stkg/id/platform_BTR80
http://example.org/stkg/id/obs_rel_T90_BTR80_20260205T223750Z_79_e_c	http://example.org/stkg/relationType	http://example.org/stkg/id/relation_ahead_of
http://example.org/stkg/id/obs_rel_T90_BTR80_20260205T223750Z_79_e_c	http://example.org/stkg/time	"2026-02-05T22:37:50Z"^^<http://www.w3.org/2001/XMLSchema#dateTime>
http://example.org/stkg/id/obs_rel_BTR80_K2BlackPanther_20260205T223751Z_80_c_d	http://www.w3.org/1999/02/22-rdf-syntax-ns#type	http://example.org/stkg/id/SpatialRelationObservation
http://example.org/stkg/id/obs_rel_BTR80_K2BlackPanther_20260205T223751Z_80_c_d	http://example.org/stkg/subjectEntity	http://example.org/stkg/id/platform_BTR80
http://example.org/stkg/id/obs_rel_BTR80_K2BlackPanther_20260205T223751Z_80_c_d	http://example.org/stkg/objectEntity	http://example.org/stkg/id/platform_K2BlackPanther
http://example.org/stkg/id/obs_rel_BTR80_K2BlackPanther_20260205T223751Z_80_c_d	http://example.org/stkg/relationType	http://example.org/stkg/id/relation_behind_of
http://example.org/stkg/id/obs_rel_BTR80_K2BlackPanther_20260205T223751Z_80_c_d	http://example.org/stkg/time	"2026-02-05T22:37:51Z"^^<http://www.w3.org/2001/XMLSchema#dateTime>
http://example.org/stkg/id/obs_rel_K2BlackPanther_BTR80_20260205T223751Z_80_d_c	http://www.w3.org/1999/02/22-rdf-syntax-ns#type	http://example.org/stkg/id/SpatialRelationObservation
http://example.org/stkg/id/obs_rel_K2BlackPanther_BTR80_20260205T223751Z_80_d_c	http://example.org/stkg/subjectEntity	http://example.org/stkg/id/platform_K2BlackPanther
http://example.org/stkg/id/obs_rel_K2BlackPanther_BTR80_20260205T223751Z_80_d_c	http://example.org/stkg/objectEntity	http://example.org/stkg/id/platform_BTR80
http://example.org/stkg/id/obs_rel_K2BlackPanther_BTR80_20260205T223751Z_80_d_c	http://example.org/stkg/relationType	http://example.org/stkg/id/relation_ahead_of
http://example.org/stkg/id/obs_rel_K2BlackPanther_BTR80_20260205T223751Z_80_d_c	http://example.org/stkg/time	"2026-02-05T22:37:51Z"^^<http://www.w3.org/2001/XMLSchema#dateTime>
http://example.org/stkg/id/obs_rel_K2BlackPanther_T90_20260205T223751Z_80_d_e	http://www.w3.org/1999/02/22-rdf-syntax-ns#type	http://example.org/stkg/id/SpatialRelationObservation
http://example.org/stkg/id/obs_rel_K2BlackPanther_T90_20260205T223751Z_80_d_e	http://example.org/stkg/subjectEntity	http://example.org/stkg/id/platform_K2BlackPanther
http://example.org/stkg/id/obs_rel_K2BlackPanther_T90_20260205T223751Z_80_d_e	http://example.org/stkg/objectEntity	http://example.org/stkg/id/platform_T90
http://example.org/stkg/id/obs_rel_K2BlackPanther_T90_20260205T223751Z_80_d_e	http://example.org/stkg/relationType	http://example.org/stkg/id/relation_behind_of
http://example.org/stkg/id/obs_rel_K2BlackPanther_T90_20260205T223751Z_80_d_e	http://example.org/stkg/time	"2026-02-05T22:37:51Z"^^<http://www.w3.org/2001/XMLSchema#dateTime>
http://example.org/stkg/id/obs_rel_T90_K2BlackPanther_20260205T223751Z_80_e_d	http://www.w3.org/1999/02/22-rdf-syntax-ns#type	http://example.org/stkg/id/SpatialRelationObservation
http://example.org/stkg/id/obs_rel_T90_K2BlackPanther_20260205T223751Z_80_e_d	http://example.org/stkg/subjectEntity	http://example.org/stkg/id/platform_T90
http://example.org/stkg/id/obs_rel_T90_K2BlackPanther_20260205T223751Z_80_e_d	http://example.org/stkg/objectEntity	http://example.org/stkg/id/platform_K2BlackPanther
http://example.org/stkg/id/obs_rel_T90_K2BlackPanther_20260205T223751Z_80_e_d	http://example.org/stkg/relationType	http://example.org/stkg/id/relation_ahead_of
http://example.org/stkg/id/obs_rel_T90_K2BlackPanther_20260205T223751Z_80_e_d	http://example.org/stkg/time	"2026-02-05T22:37:51Z"^^<http://www.w3.org/2001/XMLSchema#dateTime>
http://example.org/stkg/id/obs_rel_BTR80_T90_20260205T223751Z_80_c_e	http://www.w3.org/1999/02/22-rdf-syntax-ns#type	http://example.org/stkg/id/SpatialRelationObservation
http://example.org/stkg/id/obs_rel_BTR80_T90_20260205T223751Z_80_c_e	http://example.org/stkg/subjectEntity	http://example.org/stkg/id/platform_BTR80
http://example.org/stkg/id/obs_rel_BTR80_T90_20260205T223751Z_80_c_e	http://example.org/stkg/objectEntity	http://example.org/stkg/id/platform_T90
http://example.org/stkg/id/obs_rel_BTR80_T90_20260205T223751Z_80_c_e	http://example.org/stkg/relationType	http://example.org/stkg/id/relation_behind_of
http://example.org/stkg/id/obs_rel_BTR80_T90_20260205T223751Z_80_c_e	http://example.org/stkg/time	"2026-02-05T22:37:51Z"^^<http://www.w3.org/2001/XMLSchema#dateTime>
http://example.org/stkg/id/obs_rel_T90_BTR80_20260205T223751Z_80_e_c	http://www.w3.org/1999/02/22-rdf-syntax-ns#type	http://example.org/stkg/id/SpatialRelationObservation
http://example.org/stkg/id/obs_rel_T90_BTR80_20260205T223751Z_80_e_c	http://example.org/stkg/subjectEntity	http://example.org/stkg/id/platform_T90
http://example.org/stkg/id/obs_rel_T90_BTR80_20260205T223751Z_80_e_c	http://example.org/stkg/objectEntity	http://example.org/stkg/id/platform_BTR80
http://example.org/stkg/id/obs_rel_T90_BTR80_20260205T223751Z_80_e_c	http://example.org/stkg/relationType	http://example.org/stkg/id/relation_ahead_of
http://example.org/stkg/id/obs_rel_T90_BTR80_20260205T223751Z_80_e_c	http://example.org/stkg/time	"2026-02-05T22:37:51Z"^^<http://www.w3.org/2001/XMLSchema#dateTime>
http://example.org/stkg/id/obs_rel_BTR80_K2BlackPanther_20260205T223752Z_81_c_d	http://www.w3.org/1999/02/22-rdf-syntax-ns#type	http://example.org/stkg/id/SpatialRelationObservation
http://example.org/stkg/id/obs_rel_BTR80_K2BlackPanther_20260205T223752Z_81_c_d	http://example.org/stkg/subjectEntity	http://example.org/stkg/id/platform_BTR80
http://example.org/stkg/id/obs_rel_BTR80_K2BlackPanther_20260205T223752Z_81_c_d	http://example.org/stkg/objectEntity	http://example.org/stkg/id/platform_K2BlackPanther
http://example.org/stkg/id/obs_rel_BTR80_K2BlackPanther_20260205T223752Z_81_c_d	http://example.org/stkg/relationType	http://example.org/stkg/id/relation_behind_of
http://example.org/stkg/id/obs_rel_BTR80_K2BlackPanther_20260205T223752Z_81_c_d	http://example.org/stkg/time	"2026-02-05T22:37:52Z"^^<http://www.w3.org/2001/XMLSchema#dateTime>
http://example.org/stkg/id/obs_rel_K2BlackPanther_BTR80_20260205T223752Z_81_d_c	http://www.w3.org/1999/02/22-rdf-syntax-ns#type	http://example.org/stkg/id/SpatialRelationObservation
http://example.org/stkg/id/obs_rel_K2BlackPanther_BTR80_20260205T223752Z_81_d_c	http://example.org/stkg/subjectEntity	http://example.org/stkg/id/platform_K2BlackPanther
http://example.org/stkg/id/obs_rel_K2BlackPanther_BTR80_20260205T223752Z_81_d_c	http://example.org/stkg/objectEntity	http://example.org/stkg/id/platform_BTR80
http://example.org/stkg/id/obs_rel_K2BlackPanther_BTR80_20260205T223752Z_81_d_c	http://example.org/stkg/relationType	http://example.org/stkg/id/relation_ahead_of
http://example.org/stkg/id/obs_rel_K2BlackPanther_BTR80_20260205T223752Z_81_d_c	http://example.org/stkg/time	"2026-02-05T22:37:52Z"^^<http://www.w3.org/2001/XMLSchema#dateTime>
http://example.org/stkg/id/obs_rel_K2BlackPanther_T90_20260205T223752Z_81_d_e	http://www.w3.org/1999/02/22-rdf-syntax-ns#type	http://example.org/stkg/id/SpatialRelationObservation
http://example.org/stkg/id/obs_rel_K2BlackPanther_T90_20260205T223752Z_81_d_e	http://example.org/stkg/subjectEntity	http://example.org/stkg/id/platform_K2BlackPanther
http://example.org/stkg/id/obs_rel_K2BlackPanther_T90_20260205T223752Z_81_d_e	http://example.org/stkg/objectEntity	http://example.org/stkg/id/platform_T90
http://example.org/stkg/id/obs_rel_K2BlackPanther_T90_20260205T223752Z_81_d_e	http://example.org/stkg/relationType	http://example.org/stkg/id/relation_behind_of
http://example.org/stkg/id/obs_rel_K2BlackPanther_T90_20260205T223752Z_81_d_e	http://example.org/stkg/time	"2026-02-05T22:37:52Z"^^<http://www.w3.org/2001/XMLSchema#dateTime>
http://example.org/stkg/id/obs_rel_T90_K2BlackPanther_20260205T223752Z_81_e_d	http://www.w3.org/1999/02/22-rdf-syntax-ns#type	http://example.org/stkg/id/SpatialRelationObservation
http://example.org/stkg/id/obs_rel_T90_K2BlackPanther_20260205T223752Z_81_e_d	http://example.org/stkg/subjectEntity	http://example.org/stkg/id/platform_T90
http://example.org/stkg/id/obs_rel_T90_K2BlackPanther_20260205T223752Z_81_e_d	http://example.org/stkg/objectEntity	http://example.org/stkg/id/platform_K2BlackPanther
http://example.org/stkg/id/obs_rel_T90_K2BlackPanther_20260205T223752Z_81_e_d	http://example.org/stkg/relationType	http://example.org/stkg/id/relation_ahead_of
http://example.org/stkg/id/obs_rel_T90_K2BlackPanther_20260205T223752Z_81_e_d	http://example.org/stkg/time	"2026-02-05T22:37:52Z"^^<http://www.w3.org/2001/XMLSchema#dateTime>
http://example.org/stkg/id/obs_rel_BTR80_T90_20260205T223752Z_81_c_e	http://www.w3.org/1999/02/22-rdf-syntax-ns#type	http://example.org/stkg/id/SpatialRelationObservation
http://example.org/stkg/id/obs_rel_BTR80_T90_20260205T223752Z_81_c_e	http://example.org/stkg/subjectEntity	http://example.org/stkg/id/platform_BTR80
http://example.org/stkg/id/obs_rel_BTR80_T90_20260205T223752Z_81_c_e	http://example.org/stkg/objectEntity	http://example.org/stkg/id/platform_T90
http://example.org/stkg/id/obs_rel_BTR80_T90_20260205T223752Z_81_c_e	http://example.org/stkg/relationType	http://example.org/stkg/id/relation_behind_of
http://example.org/stkg/id/obs_rel_BTR80_T90_20260205T223752Z_81_c_e	http://example.org/stkg/time	"2026-02-05T22:37:52Z"^^<http://www.w3.org/2001/XMLSchema#dateTime>
http://example.org/stkg/id/obs_rel_T90_BTR80_20260205T223752Z_81_e_c	http://www.w3.org/1999/02/22-rdf-syntax-ns#type	http://example.org/stkg/id/SpatialRelationObservation
http://example.org/stkg/id/obs_rel_T90_BTR80_20260205T223752Z_81_e_c	http://example.org/stkg/subjectEntity	http://example.org/stkg/id/platform_T90
http://example.org/stkg/id/obs_rel_T90_BTR80_20260205T223752Z_81_e_c	http://example.org/stkg/objectEntity	http://example.org/stkg/id/platform_BTR80
http://example.org/stkg/id/obs_rel_T90_BTR80_20260205T223752Z_81_e_c	http://example.org/stkg/relationType	http://example.org/stkg/id/relation_ahead_of
http://example.org/stkg/id/obs_rel_T90_BTR80_20260205T223752Z_81_e_c	http://example.org/stkg/time	"2026-02-05T22:37:52Z"^^<http://www.w3.org/2001/XMLSchema#dateTime>
http://example.org/stkg/id/obs_rel_BTR80_K2BlackPanther_20260205T223753Z_82_c_d	http://www.w3.org/1999/02/22-rdf-syntax-ns#type	http://example.org/stkg/id/SpatialRelationObservation
http://example.org/stkg/id/obs_rel_BTR80_K2BlackPanther_20260205T223753Z_82_c_d	http://example.org/stkg/subjectEntity	http://example.org/stkg/id/platform_BTR80
http://example.org/stkg/id/obs_rel_BTR80_K2BlackPanther_20260205T223753Z_82_c_d	http://example.org/stkg/objectEntity	http://example.org/stkg/id/platform_K2BlackPanther
http://example.org/stkg/id/obs_rel_BTR80_K2BlackPanther_20260205T223753Z_82_c_d	http://example.org/stkg/relationType	http://example.org/stkg/id/relation_behind_of
http://example.org/stkg/id/obs_rel_BTR80_K2BlackPanther_20260205T223753Z_82_c_d	http://example.org/stkg/time	"2026-02-05T22:37:53Z"^^<http://www.w3.org/2001/XMLSchema#dateTime>
http://example.org/stkg/id/obs_rel_K2BlackPanther_BTR80_20260205T223753Z_82_d_c	http://www.w3.org/1999/02/22-rdf-syntax-ns#type	http://example.org/stkg/id/SpatialRelationObservation
http://example.org/stkg/id/obs_rel_K2BlackPanther_BTR80_20260205T223753Z_82_d_c	http://example.org/stkg/subjectEntity	http://example.org/stkg/id/platform_K2BlackPanther
http://example.org/stkg/id/obs_rel_K2BlackPanther_BTR80_20260205T223753Z_82_d_c	http://example.org/stkg/objectEntity	http://example.org/stkg/id/platform_BTR80
http://example.org/stkg/id/obs_rel_K2BlackPanther_BTR80_20260205T223753Z_82_d_c	http://example.org/stkg/relationType	http://example.org/stkg/id/relation_ahead_of
http://example.org/stkg/id/obs_rel_K2BlackPanther_BTR80_20260205T223753Z_82_d_c	http://example.org/stkg/time	"2026-02-05T22:37:53Z"^^<http://www.w3.org/2001/XMLSchema#dateTime>
http://example.org/stkg/id/obs_rel_K2BlackPanther_T90_20260205T223753Z_82_d_e	http://www.w3.org/1999/02/22-rdf-syntax-ns#type	http://example.org/stkg/id/SpatialRelationObservation
http://example.org/stkg/id/obs_rel_K2BlackPanther_T90_20260205T223753Z_82_d_e	http://example.org/stkg/subjectEntity	http://example.org/stkg/id/platform_K2BlackPanther
http://example.org/stkg/id/obs_rel_K2BlackPanther_T90_20260205T223753Z_82_d_e	http://example.org/stkg/objectEntity	http://example.org/stkg/id/platform_T90
http://example.org/stkg/id/obs_rel_K2BlackPanther_T90_20260205T223753Z_82_d_e	http://example.org/stkg/relationType	http://example.org/stkg/id/relation_behind_of
http://example.org/stkg/id/obs_rel_K2BlackPanther_T90_20260205T223753Z_82_d_e	http://example.org/stkg/time	"2026-02-05T22:37:53Z"^^<http://www.w3.org/2001/XMLSchema#dateTime>
http://example.org/stkg/id/obs_rel_T90_K2BlackPanther_20260205T223753Z_82_e_d	http://www.w3.org/1999/02/22-rdf-syntax-ns#type	http://example.org/stkg/id/SpatialRelationObservation
http://example.org/stkg/id/obs_rel_T90_K2BlackPanther_20260205T223753Z_82_e_d	http://example.org/stkg/subjectEntity	http://example.org/stkg/id/platform_T90
http://example.org/stkg/id/obs_rel_T90_K2BlackPanther_20260205T223753Z_82_e_d	http://example.org/stkg/objectEntity	http://example.org/stkg/id/platform_K2BlackPanther
http://example.org/stkg/id/obs_rel_T90_K2BlackPanther_20260205T223753Z_82_e_d	http://example.org/stkg/relationType	http://example.org/stkg/id/relation_ahead_of
http://example.org/stkg/id/obs_rel_T90_K2BlackPanther_20260205T223753Z_82_e_d	http://example.org/stkg/time	"2026-02-05T22:37:53Z"^^<http://www.w3.org/2001/XMLSchema#dateTime>
http://example.org/stkg/id/obs_rel_BTR80_T90_20260205T223753Z_82_c_e	http://www.w3.org/1999/02/22-rdf-syntax-ns#type	http://example.org/stkg/id/SpatialRelationObservation
http://example.org/stkg/id/obs_rel_BTR80_T90_20260205T223753Z_82_c_e	http://example.org/stkg/subjectEntity	http://example.org/stkg/id/platform_BTR80
http://example.org/stkg/id/obs_rel_BTR80_T90_20260205T223753Z_82_c_e	http://example.org/stkg/objectEntity	http://example.org/stkg/id/platform_T90
http://example.org/stkg/id/obs_rel_BTR80_T90_20260205T223753Z_82_c_e	http://example.org/stkg/relationType	http://example.org/stkg/id/relation_behind_of
http://example.org/stkg/id/obs_rel_BTR80_T90_20260205T223753Z_82_c_e	http://example.org/stkg/time	"2026-02-05T22:37:53Z"^^<http://www.w3.org/2001/XMLSchema#dateTime>
http://example.org/stkg/id/obs_rel_T90_BTR80_20260205T223753Z_82_e_c	http://www.w3.org/1999/02/22-rdf-syntax-ns#type	http://example.org/stkg/id/SpatialRelationObservation
http://example.org/stkg/id/obs_rel_T90_BTR80_20260205T223753Z_82_e_c	http://example.org/stkg/subjectEntity	http://example.org/stkg/id/platform_T90
http://example.org/stkg/id/obs_rel_T90_BTR80_20260205T223753Z_82_e_c	http://example.org/stkg/objectEntity	http://example.org/stkg/id/platform_BTR80
http://example.org/stkg/id/obs_rel_T90_BTR80_20260205T223753Z_82_e_c	http://example.org/stkg/relationType	http://example.org/stkg/id/relation_ahead_of
http://example.org/stkg/id/obs_rel_T90_BTR80_20260205T223753Z_82_e_c	http://example.org/stkg/time	"2026-02-05T22:37:53Z"^^<http://www.w3.org/2001/XMLSchema#dateTime>
http://example.org/stkg/id/obs_rel_BTR80_K2BlackPanther_20260205T223754Z_83_c_d	http://www.w3.org/1999/02/22-rdf-syntax-ns#type	http://example.org/stkg/id/SpatialRelationObservation
http://example.org/stkg/id/obs_rel_BTR80_K2BlackPanther_20260205T223754Z_83_c_d	http://example.org/stkg/subjectEntity	http://example.org/stkg/id/platform_BTR80
http://example.org/stkg/id/obs_rel_BTR80_K2BlackPanther_20260205T223754Z_83_c_d	http://example.org/stkg/objectEntity	http://example.org/stkg/id/platform_K2BlackPanther
http://example.org/stkg/id/obs_rel_BTR80_K2BlackPanther_20260205T223754Z_83_c_d	http://example.org/stkg/relationType	http://example.org/stkg/id/relation_behind_of
http://example.org/stkg/id/obs_rel_BTR80_K2BlackPanther_20260205T223754Z_83_c_d	http://example.org/stkg/time	"2026-02-05T22:37:54Z"^^<http://www.w3.org/2001/XMLSchema#dateTime>
http://example.org/stkg/id/obs_rel_K2BlackPanther_BTR80_20260205T223754Z_83_d_c	http://www.w3.org/1999/02/22-rdf-syntax-ns#type	http://example.org/stkg/id/SpatialRelationObservation
http://example.org/stkg/id/obs_rel_K2BlackPanther_BTR80_20260205T223754Z_83_d_c	http://example.org/stkg/subjectEntity	http://example.org/stkg/id/platform_K2BlackPanther
http://example.org/stkg/id/obs_rel_K2BlackPanther_BTR80_20260205T223754Z_83_d_c	http://example.org/stkg/objectEntity	http://example.org/stkg/id/platform_BTR80
http://example.org/stkg/id/obs_rel_K2BlackPanther_BTR80_20260205T223754Z_83_d_c	http://example.org/stkg/relationType	http://example.org/stkg/id/relation_ahead_of
http://example.org/stkg/id/obs_rel_K2BlackPanther_BTR80_20260205T223754Z_83_d_c	http://example.org/stkg/time	"2026-02-05T22:37:54Z"^^<http://www.w3.org/2001/XMLSchema#dateTime>
http://example.org/stkg/id/obs_rel_K2BlackPanther_T90_20260205T223754Z_83_d_e	http://www.w3.org/1999/02/22-rdf-syntax-ns#type	http://example.org/stkg/id/SpatialRelationObservation
http://example.org/stkg/id/obs_rel_K2BlackPanther_T90_20260205T223754Z_83_d_e	http://example.org/stkg/subjectEntity	http://example.org/stkg/id/platform_K2BlackPanther
http://example.org/stkg/id/obs_rel_K2BlackPanther_T90_20260205T223754Z_83_d_e	http://example.org/stkg/objectEntity	http://example.org/stkg/id/platform_T90
http://example.org/stkg/id/obs_rel_K2BlackPanther_T90_20260205T223754Z_83_d_e	http://example.org/stkg/relationType	http://example.org/stkg/id/relation_behind_of
http://example.org/stkg/id/obs_rel_K2BlackPanther_T90_20260205T223754Z_83_d_e	http://example.org/stkg/time	"2026-02-05T22:37:54Z"^^<http://www.w3.org/2001/XMLSchema#dateTime>
http://example.org/stkg/id/obs_rel_T90_K2BlackPanther_20260205T223754Z_83_e_d	http://www.w3.org/1999/02/22-rdf-syntax-ns#type	http://example.org/stkg/id/SpatialRelationObservation
http://example.org/stkg/id/obs_rel_T90_K2BlackPanther_20260205T223754Z_83_e_d	http://example.org/stkg/subjectEntity	http://example.org/stkg/id/platform_T90
http://example.org/stkg/id/obs_rel_T90_K2BlackPanther_20260205T223754Z_83_e_d	http://example.org/stkg/objectEntity	http://example.org/stkg/id/platform_K2BlackPanther
http://example.org/stkg/id/obs_rel_T90_K2BlackPanther_20260205T223754Z_83_e_d	http://example.org/stkg/relationType	http://example.org/stkg/id/relation_ahead_of
http://example.org/stkg/id/obs_rel_T90_K2BlackPanther_20260205T223754Z_83_e_d	http://example.org/stkg/time	"2026-02-05T22:37:54Z"^^<http://www.w3.org/2001/XMLSchema#dateTime>
http://example.org/stkg/id/obs_rel_BTR80_T90_20260205T223754Z_83_c_e	http://www.w3.org/1999/02/22-rdf-syntax-ns#type	http://example.org/stkg/id/SpatialRelationObservation
http://example.org/stkg/id/obs_rel_BTR80_T90_20260205T223754Z_83_c_e	http://example.org/stkg/subjectEntity	http://example.org/stkg/id/platform_BTR80
http://example.org/stkg/id/obs_rel_BTR80_T90_20260205T223754Z_83_c_e	http://example.org/stkg/objectEntity	http://example.org/stkg/id/platform_T90
http://example.org/stkg/id/obs_rel_BTR80_T90_20260205T223754Z_83_c_e	http://example.org/stkg/relationType	http://example.org/stkg/id/relation_behind_of
http://example.org/stkg/id/obs_rel_BTR80_T90_20260205T223754Z_83_c_e	http://example.org/stkg/time	"2026-02-05T22:37:54Z"^^<http://www.w3.org/2001/XMLSchema#dateTime>
http://example.org/stkg/id/obs_rel_T90_BTR80_20260205T223754Z_83_e_c	http://www.w3.org/1999/02/22-rdf-syntax-ns#type	http://example.org/stkg/id/SpatialRelationObservation
http://example.org/stkg/id/obs_rel_T90_BTR80_20260205T223754Z_83_e_c	http://example.org/stkg/subjectEntity	http://example.org/stkg/id/platform_T90
http://example.org/stkg/id/obs_rel_T90_BTR80_20260205T223754Z_83_e_c	http://example.org/stkg/objectEntity	http://example.org/stkg/id/platform_BTR80
http://example.org/stkg/id/obs_rel_T90_BTR80_20260205T223754Z_83_e_c	http://example.org/stkg/relationType	http://example.org/stkg/id/relation_ahead_of
http://example.org/stkg/id/obs_rel_T90_BTR80_20260205T223754Z_83_e_c	http://example.org/stkg/time	"2026-02-05T22:37:54Z"^^<http://www.w3.org/2001/XMLSchema#dateTime>
http://example.org/stkg/id/obs_rel_BTR80_K2BlackPanther_20260205T223755Z_84_c_d	http://www.w3.org/1999/02/22-rdf-syntax-ns#type	http://example.org/stkg/id/SpatialRelationObservation
http://example.org/stkg/id/obs_rel_BTR80_K2BlackPanther_20260205T223755Z_84_c_d	http://example.org/stkg/subjectEntity	http://example.org/stkg/id/platform_BTR80
http://example.org/stkg/id/obs_rel_BTR80_K2BlackPanther_20260205T223755Z_84_c_d	http://example.org/stkg/objectEntity	http://example.org/stkg/id/platform_K2BlackPanther
http://example.org/stkg/id/obs_rel_BTR80_K2BlackPanther_20260205T223755Z_84_c_d	http://example.org/stkg/relationType	http://example.org/stkg/id/relation_behind_of
http://example.org/stkg/id/obs_rel_BTR80_K2BlackPanther_20260205T223755Z_84_c_d	http://example.org/stkg/time	"2026-02-05T22:37:55Z"^^<http://www.w3.org/2001/XMLSchema#dateTime>
http://example.org/stkg/id/obs_rel_K2BlackPanther_BTR80_20260205T223755Z_84_d_c	http://www.w3.org/1999/02/22-rdf-syntax-ns#type	http://example.org/stkg/id/SpatialRelationObservation
http://example.org/stkg/id/obs_rel_K2BlackPanther_BTR80_20260205T223755Z_84_d_c	http://example.org/stkg/subjectEntity	http://example.org/stkg/id/platform_K2BlackPanther
http://example.org/stkg/id/obs_rel_K2BlackPanther_BTR80_20260205T223755Z_84_d_c	http://example.org/stkg/objectEntity	http://example.org/stkg/id/platform_BTR80
http://example.org/stkg/id/obs_rel_K2BlackPanther_BTR80_20260205T223755Z_84_d_c	http://example.org/stkg/relationType	http://example.org/stkg/id/relation_ahead_of
http://example.org/stkg/id/obs_rel_K2BlackPanther_BTR80_20260205T223755Z_84_d_c	http://example.org/stkg/time	"2026-02-05T22:37:55Z"^^<http://www.w3.org/2001/XMLSchema#dateTime>
http://example.org/stkg/id/obs_rel_K2BlackPanther_T90_20260205T223755Z_84_d_e	http://www.w3.org/1999/02/22-rdf-syntax-ns#type	http://example.org/stkg/id/SpatialRelationObservation
http://example.org/stkg/id/obs_rel_K2BlackPanther_T90_20260205T223755Z_84_d_e	http://example.org/stkg/subjectEntity	http://example.org/stkg/id/platform_K2BlackPanther
http://example.org/stkg/id/obs_rel_K2BlackPanther_T90_20260205T223755Z_84_d_e	http://example.org/stkg/objectEntity	http://example.org/stkg/id/platform_T90
http://example.org/stkg/id/obs_rel_K2BlackPanther_T90_20260205T223755Z_84_d_e	http://example.org/stkg/relationType	http://example.org/stkg/id/relation_behind_of
http://example.org/stkg/id/obs_rel_K2BlackPanther_T90_20260205T223755Z_84_d_e	http://example.org/stkg/time	"2026-02-05T22:37:55Z"^^<http://www.w3.org/2001/XMLSchema#dateTime>
http://example.org/stkg/id/obs_rel_T90_K2BlackPanther_20260205T223755Z_84_e_d	http://www.w3.org/1999/02/22-rdf-syntax-ns#type	http://example.org/stkg/id/SpatialRelationObservation
http://example.org/stkg/id/obs_rel_T90_K2BlackPanther_20260205T223755Z_84_e_d	http://example.org/stkg/subjectEntity	http://example.org/stkg/id/platform_T90
http://example.org/stkg/id/obs_rel_T90_K2BlackPanther_20260205T223755Z_84_e_d	http://example.org/stkg/objectEntity	http://example.org/stkg/id/platform_K2BlackPanther
http://example.org/stkg/id/obs_rel_T90_K2BlackPanther_20260205T223755Z_84_e_d	http://example.org/stkg/relationType	http://example.org/stkg/id/relation_ahead_of
http://example.org/stkg/id/obs_rel_T90_K2BlackPanther_20260205T223755Z_84_e_d	http://example.org/stkg/time	"2026-02-05T22:37:55Z"^^<http://www.w3.org/2001/XMLSchema#dateTime>
http://example.org/stkg/id/obs_rel_BTR80_T90_20260205T223755Z_84_c_e	http://www.w3.org/1999/02/22-rdf-syntax-ns#type	http://example.org/stkg/id/SpatialRelationObservation
http://example.org/stkg/id/obs_rel_BTR80_T90_20260205T223755Z_84_c_e	http://example.org/stkg/subjectEntity	http://example.org/stkg/id/platform_BTR80
http://example.org/stkg/id/obs_rel_BTR80_T90_20260205T223755Z_84_c_e	http://example.org/stkg/objectEntity	http://example.org/stkg/id/platform_T90
http://example.org/stkg/id/obs_rel_BTR80_T90_20260205T223755Z_84_c_e	http://example.org/stkg/relationType	http://example.org/stkg/id/relation_behind_of
http://example.org/stkg/id/obs_rel_BTR80_T90_20260205T223755Z_84_c_e	http://example.org/stkg/time	"2026-02-05T22:37:55Z"^^<http://www.w3.org/2001/XMLSchema#dateTime>
http://example.org/stkg/id/obs_rel_T90_BTR80_20260205T223755Z_84_e_c	http://www.w3.org/1999/02/22-rdf-syntax-ns#type	http://example.org/stkg/id/SpatialRelationObservation
http://example.org/stkg/id/obs_rel_T90_BTR80_20260205T223755Z_84_e_c	http://example.org/stkg/subjectEntity	http://example.org/stkg/id/platform_T90
http://example.org/stkg/id/obs_rel_T90_BTR80_20260205T223755Z_84_e_c	http://example.org/stkg/objectEntity	http://example.org/stkg/id/platform_BTR80
http://example.org/stkg/id/obs_rel_T90_BTR80_20260205T223755Z_84_e_c	http://example.org/stkg/relationType	http://example.org/stkg/id/relation_ahead_of
http://example.org/stkg/id/obs_rel_T90_BTR80_20260205T223755Z_84_e_c	http://example.org/stkg/time	"2026-02-05T22:37:55Z"^^<http://www.w3.org/2001/XMLSchema#dateTime>
http://example.org/stkg/id/obs_rel_BTR80_K2BlackPanther_20260205T223756Z_85_c_d	http://www.w3.org/1999/02/22-rdf-syntax-ns#type	http://example.org/stkg/id/SpatialRelationObservation
http://example.org/stkg/id/obs_rel_BTR80_K2BlackPanther_20260205T223756Z_85_c_d	http://example.org/stkg/subjectEntity	http://example.org/stkg/id/platform_BTR80
http://example.org/stkg/id/obs_rel_BTR80_K2BlackPanther_20260205T223756Z_85_c_d	http://example.org/stkg/objectEntity	http://example.org/stkg/id/platform_K2BlackPanther
http://example.org/stkg/id/obs_rel_BTR80_K2BlackPanther_20260205T223756Z_85_c_d	http://example.org/stkg/relationType	http://example.org/stkg/id/relation_behind_of
http://example.org/stkg/id/obs_rel_BTR80_K2BlackPanther_20260205T223756Z_85_c_d	http://example.org/stkg/time	"2026-02-05T22:37:56Z"^^<http://www.w3.org/2001/XMLSchema#dateTime>
http://example.org/stkg/id/obs_rel_K2BlackPanther_BTR80_20260205T223756Z_85_d_c	http://www.w3.org/1999/02/22-rdf-syntax-ns#type	http://example.org/stkg/id/SpatialRelationObservation
http://example.org/stkg/id/obs_rel_K2BlackPanther_BTR80_20260205T223756Z_85_d_c	http://example.org/stkg/subjectEntity	http://example.org/stkg/id/platform_K2BlackPanther
http://example.org/stkg/id/obs_rel_K2BlackPanther_BTR80_20260205T223756Z_85_d_c	http://example.org/stkg/objectEntity	http://example.org/stkg/id/platform_BTR80
http://example.org/stkg/id/obs_rel_K2BlackPanther_BTR80_20260205T223756Z_85_d_c	http://example.org/stkg/relationType	http://example.org/stkg/id/relation_ahead_of
http://example.org/stkg/id/obs_rel_K2BlackPanther_BTR80_20260205T223756Z_85_d_c	http://example.org/stkg/time	"2026-02-05T22:37:56Z"^^<http://www.w3.org/2001/XMLSchema#dateTime>
http://example.org/stkg/id/obs_rel_K2BlackPanther_T90_20260205T223756Z_85_d_e	http://www.w3.org/1999/02/22-rdf-syntax-ns#type	http://example.org/stkg/id/SpatialRelationObservation
http://example.org/stkg/id/obs_rel_K2BlackPanther_T90_20260205T223756Z_85_d_e	http://example.org/stkg/subjectEntity	http://example.org/stkg/id/platform_K2BlackPanther
http://example.org/stkg/id/obs_rel_K2BlackPanther_T90_20260205T223756Z_85_d_e	http://example.org/stkg/objectEntity	http://example.org/stkg/id/platform_T90
http://example.org/stkg/id/obs_rel_K2BlackPanther_T90_20260205T223756Z_85_d_e	http://example.org/stkg/relationType	http://example.org/stkg/id/relation_behind_of
http://example.org/stkg/id/obs_rel_K2BlackPanther_T90_20260205T223756Z_85_d_e	http://example.org/stkg/time	"2026-02-05T22:37:56Z"^^<http://www.w3.org/2001/XMLSchema#dateTime>
http://example.org/stkg/id/obs_rel_T90_K2BlackPanther_20260205T223756Z_85_e_d	http://www.w3.org/1999/02/22-rdf-syntax-ns#type	http://example.org/stkg/id/SpatialRelationObservation
http://example.org/stkg/id/obs_rel_T90_K2BlackPanther_20260205T223756Z_85_e_d	http://example.org/stkg/subjectEntity	http://example.org/stkg/id/platform_T90
http://example.org/stkg/id/obs_rel_T90_K2BlackPanther_20260205T223756Z_85_e_d	http://example.org/stkg/objectEntity	http://example.org/stkg/id/platform_K2BlackPanther
http://example.org/stkg/id/obs_rel_T90_K2BlackPanther_20260205T223756Z_85_e_d	http://example.org/stkg/relationType	http://example.org/stkg/id/relation_ahead_of
http://example.org/stkg/id/obs_rel_T90_K2BlackPanther_20260205T223756Z_85_e_d	http://example.org/stkg/time	"2026-02-05T22:37:56Z"^^<http://www.w3.org/2001/XMLSchema#dateTime>
http://example.org/stkg/id/obs_rel_BTR80_T90_20260205T223756Z_85_c_e	http://www.w3.org/1999/02/22-rdf-syntax-ns#type	http://example.org/stkg/id/SpatialRelationObservation
http://example.org/stkg/id/obs_rel_BTR80_T90_20260205T223756Z_85_c_e	http://example.org/stkg/subjectEntity	http://example.org/stkg/id/platform_BTR80
http://example.org/stkg/id/obs_rel_BTR80_T90_20260205T223756Z_85_c_e	http://example.org/stkg/objectEntity	http://example.org/stkg/id/platform_T90
http://example.org/stkg/id/obs_rel_BTR80_T90_20260205T223756Z_85_c_e	http://example.org/stkg/relationType	http://example.org/stkg/id/relation_behind_of
http://example.org/stkg/id/obs_rel_BTR80_T90_20260205T223756Z_85_c_e	http://example.org/stkg/time	"2026-02-05T22:37:56Z"^^<http://www.w3.org/2001/XMLSchema#dateTime>
http://example.org/stkg/id/obs_rel_T90_BTR80_20260205T223756Z_85_e_c	http://www.w3.org/1999/02/22-rdf-syntax-ns#type	http://example.org/stkg/id/SpatialRelationObservation
http://example.org/stkg/id/obs_rel_T90_BTR80_20260205T223756Z_85_e_c	http://example.org/stkg/subjectEntity	http://example.org/stkg/id/platform_T90
http://example.org/stkg/id/obs_rel_T90_BTR80_20260205T223756Z_85_e_c	http://example.org/stkg/objectEntity	http://example.org/stkg/id/platform_BTR80
http://example.org/stkg/id/obs_rel_T90_BTR80_20260205T223756Z_85_e_c	http://example.org/stkg/relationType	http://example.org/stkg/id/relation_ahead_of
http://example.org/stkg/id/obs_rel_T90_BTR80_20260205T223756Z_85_e_c	http://example.org/stkg/time	"2026-02-05T22:37:56Z"^^<http://www.w3.org/2001/XMLSchema#dateTime>
http://example.org/stkg/id/obs_rel_BTR80_K2BlackPanther_20260205T223757Z_86_c_d	http://www.w3.org/1999/02/22-rdf-syntax-ns#type	http://example.org/stkg/id/SpatialRelationObservation
http://example.org/stkg/id/obs_rel_BTR80_K2BlackPanther_20260205T223757Z_86_c_d	http://example.org/stkg/subjectEntity	http://example.org/stkg/id/platform_BTR80
http://example.org/stkg/id/obs_rel_BTR80_K2BlackPanther_20260205T223757Z_86_c_d	http://example.org/stkg/objectEntity	http://example.org/stkg/id/platform_K2BlackPanther
http://example.org/stkg/id/obs_rel_BTR80_K2BlackPanther_20260205T223757Z_86_c_d	http://example.org/stkg/relationType	http://example.org/stkg/id/relation_behind_of
http://example.org/stkg/id/obs_rel_BTR80_K2BlackPanther_20260205T223757Z_86_c_d	http://example.org/stkg/time	"2026-02-05T22:37:57Z"^^<http://www.w3.org/2001/XMLSchema#dateTime>
http://example.org/stkg/id/obs_rel_K2BlackPanther_BTR80_20260205T223757Z_86_d_c	http://www.w3.org/1999/02/22-rdf-syntax-ns#type	http://example.org/stkg/id/SpatialRelationObservation
http://example.org/stkg/id/obs_rel_K2BlackPanther_BTR80_20260205T223757Z_86_d_c	http://example.org/stkg/subjectEntity	http://example.org/stkg/id/platform_K2BlackPanther
http://example.org/stkg/id/obs_rel_K2BlackPanther_BTR80_20260205T223757Z_86_d_c	http://example.org/stkg/objectEntity	http://example.org/stkg/id/platform_BTR80
http://example.org/stkg/id/obs_rel_K2BlackPanther_BTR80_20260205T223757Z_86_d_c	http://example.org/stkg/relationType	http://example.org/stkg/id/relation_ahead_of
http://example.org/stkg/id/obs_rel_K2BlackPanther_BTR80_20260205T223757Z_86_d_c	http://example.org/stkg/time	"2026-02-05T22:37:57Z"^^<http://www.w3.org/2001/XMLSchema#dateTime>
http://example.org/stkg/id/obs_rel_K2BlackPanther_T90_20260205T223757Z_86_d_e	http://www.w3.org/1999/02/22-rdf-syntax-ns#type	http://example.org/stkg/id/SpatialRelationObservation
http://example.org/stkg/id/obs_rel_K2BlackPanther_T90_20260205T223757Z_86_d_e	http://example.org/stkg/subjectEntity	http://example.org/stkg/id/platform_K2BlackPanther
http://example.org/stkg/id/obs_rel_K2BlackPanther_T90_20260205T223757Z_86_d_e	http://example.org/stkg/objectEntity	http://example.org/stkg/id/platform_T90
http://example.org/stkg/id/obs_rel_K2BlackPanther_T90_20260205T223757Z_86_d_e	http://example.org/stkg/relationType	http://example.org/stkg/id/relation_behind_of
http://example.org/stkg/id/obs_rel_K2BlackPanther_T90_20260205T223757Z_86_d_e	http://example.org/stkg/time	"2026-02-05T22:37:57Z"^^<http://www.w3.org/2001/XMLSchema#dateTime>
http://example.org/stkg/id/obs_rel_T90_K2BlackPanther_20260205T223757Z_86_e_d	http://www.w3.org/1999/02/22-rdf-syntax-ns#type	http://example.org/stkg/id/SpatialRelationObservation
http://example.org/stkg/id/obs_rel_T90_K2BlackPanther_20260205T223757Z_86_e_d	http://example.org/stkg/subjectEntity	http://example.org/stkg/id/platform_T90
http://example.org/stkg/id/obs_rel_T90_K2BlackPanther_20260205T223757Z_86_e_d	http://example.org/stkg/objectEntity	http://example.org/stkg/id/platform_K2BlackPanther
http://example.org/stkg/id/obs_rel_T90_K2BlackPanther_20260205T223757Z_86_e_d	http://example.org/stkg/relationType	http://example.org/stkg/id/relation_ahead_of
http://example.org/stkg/id/obs_rel_T90_K2BlackPanther_20260205T223757Z_86_e_d	http://example.org/stkg/time	"2026-02-05T22:37:57Z"^^<http://www.w3.org/2001/XMLSchema#dateTime>
http://example.org/stkg/id/obs_rel_BTR80_T90_20260205T223757Z_86_c_e	http://www.w3.org/1999/02/22-rdf-syntax-ns#type	http://example.org/stkg/id/SpatialRelationObservation
http://example.org/stkg/id/obs_rel_BTR80_T90_20260205T223757Z_86_c_e	http://example.org/stkg/subjectEntity	http://example.org/stkg/id/platform_BTR80
http://example.org/stkg/id/obs_rel_BTR80_T90_20260205T223757Z_86_c_e	http://example.org/stkg/objectEntity	http://example.org/stkg/id/platform_T90
http://example.org/stkg/id/obs_rel_BTR80_T90_20260205T223757Z_86_c_e	http://example.org/stkg/relationType	http://example.org/stkg/id/relation_behind_of
http://example.org/stkg/id/obs_rel_BTR80_T90_20260205T223757Z_86_c_e	http://example.org/stkg/time	"2026-02-05T22:37:57Z"^^<http://www.w3.org/2001/XMLSchema#dateTime>
http://example.org/stkg/id/obs_rel_T90_BTR80_20260205T223757Z_86_e_c	http://www.w3.org/1999/02/22-rdf-syntax-ns#type	http://example.org/stkg/id/SpatialRelationObservation
http://example.org/stkg/id/obs_rel_T90_BTR80_20260205T223757Z_86_e_c	http://example.org/stkg/subjectEntity	http://example.org/stkg/id/platform_T90
http://example.org/stkg/id/obs_rel_T90_BTR80_20260205T223757Z_86_e_c	http://example.org/stkg/objectEntity	http://example.org/stkg/id/platform_BTR80
http://example.org/stkg/id/obs_rel_T90_BTR80_20260205T223757Z_86_e_c	http://example.org/stkg/relationType	http://example.org/stkg/id/relation_ahead_of
http://example.org/stkg/id/obs_rel_T90_BTR80_20260205T223757Z_86_e_c	http://example.org/stkg/time	"2026-02-05T22:37:57Z"^^<http://www.w3.org/2001/XMLSchema#dateTime>
http://example.org/stkg/id/obs_rel_BTR80_K2BlackPanther_20260205T223758Z_87_c_d	http://www.w3.org/1999/02/22-rdf-syntax-ns#type	http://example.org/stkg/id/SpatialRelationObservation
http://example.org/stkg/id/obs_rel_BTR80_K2BlackPanther_20260205T223758Z_87_c_d	http://example.org/stkg/subjectEntity	http://example.org/stkg/id/platform_BTR80
http://example.org/stkg/id/obs_rel_BTR80_K2BlackPanther_20260205T223758Z_87_c_d	http://example.org/stkg/objectEntity	http://example.org/stkg/id/platform_K2BlackPanther
http://example.org/stkg/id/obs_rel_BTR80_K2BlackPanther_20260205T223758Z_87_c_d	http://example.org/stkg/relationType	http://example.org/stkg/id/relation_behind_of
http://example.org/stkg/id/obs_rel_BTR80_K2BlackPanther_20260205T223758Z_87_c_d	http://example.org/stkg/time	"2026-02-05T22:37:58Z"^^<http://www.w3.org/2001/XMLSchema#dateTime>
http://example.org/stkg/id/obs_rel_K2BlackPanther_BTR80_20260205T223758Z_87_d_c	http://www.w3.org/1999/02/22-rdf-syntax-ns#type	http://example.org/stkg/id/SpatialRelationObservation
http://example.org/stkg/id/obs_rel_K2BlackPanther_BTR80_20260205T223758Z_87_d_c	http://example.org/stkg/subjectEntity	http://example.org/stkg/id/platform_K2BlackPanther
http://example.org/stkg/id/obs_rel_K2BlackPanther_BTR80_20260205T223758Z_87_d_c	http://example.org/stkg/objectEntity	http://example.org/stkg/id/platform_BTR80
http://example.org/stkg/id/obs_rel_K2BlackPanther_BTR80_20260205T223758Z_87_d_c	http://example.org/stkg/relationType	http://example.org/stkg/id/relation_ahead_of
http://example.org/stkg/id/obs_rel_K2BlackPanther_BTR80_20260205T223758Z_87_d_c	http://example.org/stkg/time	"2026-02-05T22:37:58Z"^^<http://www.w3.org/2001/XMLSchema#dateTime>
http://example.org/stkg/id/obs_rel_K2BlackPanther_T90_20260205T223758Z_87_d_e	http://www.w3.org/1999/02/22-rdf-syntax-ns#type	http://example.org/stkg/id/SpatialRelationObservation
http://example.org/stkg/id/obs_rel_K2BlackPanther_T90_20260205T223758Z_87_d_e	http://example.org/stkg/subjectEntity	http://example.org/stkg/id/platform_K2BlackPanther
http://example.org/stkg/id/obs_rel_K2BlackPanther_T90_20260205T223758Z_87_d_e	http://example.org/stkg/objectEntity	http://example.org/stkg/id/platform_T90
http://example.org/stkg/id/obs_rel_K2BlackPanther_T90_20260205T223758Z_87_d_e	http://example.org/stkg/relationType	http://example.org/stkg/id/relation_behind_of
http://example.org/stkg/id/obs_rel_K2BlackPanther_T90_20260205T223758Z_87_d_e	http://example.org/stkg/time	"2026-02-05T22:37:58Z"^^<http://www.w3.org/2001/XMLSchema#dateTime>
http://example.org/stkg/id/obs_rel_T90_K2BlackPanther_20260205T223758Z_87_e_d	http://www.w3.org/1999/02/22-rdf-syntax-ns#type	http://example.org/stkg/id/SpatialRelationObservation
http://example.org/stkg/id/obs_rel_T90_K2BlackPanther_20260205T223758Z_87_e_d	http://example.org/stkg/subjectEntity	http://example.org/stkg/id/platform_T90
http://example.org/stkg/id/obs_rel_T90_K2BlackPanther_20260205T223758Z_87_e_d	http://example.org/stkg/objectEntity	http://example.org/stkg/id/platform_K2BlackPanther
http://example.org/stkg/id/obs_rel_T90_K2BlackPanther_20260205T223758Z_87_e_d	http://example.org/stkg/relationType	http://example.org/stkg/id/relation_ahead_of
http://example.org/stkg/id/obs_rel_T90_K2BlackPanther_20260205T223758Z_87_e_d	http://example.org/stkg/time	"2026-02-05T22:37:58Z"^^<http://www.w3.org/2001/XMLSchema#dateTime>
http://example.org/stkg/id/obs_rel_BTR80_T90_20260205T223758Z_87_c_e	http://www.w3.org/1999/02/22-rdf-syntax-ns#type	http://example.org/stkg/id/SpatialRelationObservation
http://example.org/stkg/id/obs_rel_BTR80_T90_20260205T223758Z_87_c_e	http://example.org/stkg/subjectEntity	http://example.org/stkg/id/platform_BTR80
http://example.org/stkg/id/obs_rel_BTR80_T90_20260205T223758Z_87_c_e	http://example.org/stkg/objectEntity	http://example.org/stkg/id/platform_T90
http://example.org/stkg/id/obs_rel_BTR80_T90_20260205T223758Z_87_c_e	http://example.org/stkg/relationType	http://example.org/stkg/id/relation_behind_of
http://example.org/stkg/id/obs_rel_BTR80_T90_20260205T223758Z_87_c_e	http://example.org/stkg/time	"2026-02-05T22:37:58Z"^^<http://www.w3.org/2001/XMLSchema#dateTime>
http://example.org/stkg/id/obs_rel_T90_BTR80_20260205T223758Z_87_e_c	http://www.w3.org/1999/02/22-rdf-syntax-ns#type	http://example.org/stkg/id/SpatialRelationObservation
http://example.org/stkg/id/obs_rel_T90_BTR80_20260205T223758Z_87_e_c	http://example.org/stkg/subjectEntity	http://example.org/stkg/id/platform_T90
http://example.org/stkg/id/obs_rel_T90_BTR80_20260205T223758Z_87_e_c	http://example.org/stkg/objectEntity	http://example.org/stkg/id/platform_BTR80
http://example.org/stkg/id/obs_rel_T90_BTR80_20260205T223758Z_87_e_c	http://example.org/stkg/relationType	http://example.org/stkg/id/relation_ahead_of
http://example.org/stkg/id/obs_rel_T90_BTR80_20260205T223758Z_87_e_c	http://example.org/stkg/time	"2026-02-05T22:37:58Z"^^<http://www.w3.org/2001/XMLSchema#dateTime>
http://example.org/stkg/id/obs_rel_BTR80_K2BlackPanther_20260205T223759Z_88_c_d	http://www.w3.org/1999/02/22-rdf-syntax-ns#type	http://example.org/stkg/id/SpatialRelationObservation
http://example.org/stkg/id/obs_rel_BTR80_K2BlackPanther_20260205T223759Z_88_c_d	http://example.org/stkg/subjectEntity	http://example.org/stkg/id/platform_BTR80
http://example.org/stkg/id/obs_rel_BTR80_K2BlackPanther_20260205T223759Z_88_c_d	http://example.org/stkg/objectEntity	http://example.org/stkg/id/platform_K2BlackPanther
http://example.org/stkg/id/obs_rel_BTR80_K2BlackPanther_20260205T223759Z_88_c_d	http://example.org/stkg/relationType	http://example.org/stkg/id/relation_behind_of
http://example.org/stkg/id/obs_rel_BTR80_K2BlackPanther_20260205T223759Z_88_c_d	http://example.org/stkg/time	"2026-02-05T22:37:59Z"^^<http://www.w3.org/2001/XMLSchema#dateTime>
http://example.org/stkg/id/obs_rel_K2BlackPanther_BTR80_20260205T223759Z_88_d_c	http://www.w3.org/1999/02/22-rdf-syntax-ns#type	http://example.org/stkg/id/SpatialRelationObservation
http://example.org/stkg/id/obs_rel_K2BlackPanther_BTR80_20260205T223759Z_88_d_c	http://example.org/stkg/subjectEntity	http://example.org/stkg/id/platform_K2BlackPanther
http://example.org/stkg/id/obs_rel_K2BlackPanther_BTR80_20260205T223759Z_88_d_c	http://example.org/stkg/objectEntity	http://example.org/stkg/id/platform_BTR80
http://example.org/stkg/id/obs_rel_K2BlackPanther_BTR80_20260205T223759Z_88_d_c	http://example.org/stkg/relationType	http://example.org/stkg/id/relation_ahead_of
http://example.org/stkg/id/obs_rel_K2BlackPanther_BTR80_20260205T223759Z_88_d_c	http://example.org/stkg/time	"2026-02-05T22:37:59Z"^^<http://www.w3.org/2001/XMLSchema#dateTime>
http://example.org/stkg/id/obs_rel_K2BlackPanther_T90_20260205T223759Z_88_d_e	http://www.w3.org/1999/02/22-rdf-syntax-ns#type	http://example.org/stkg/id/SpatialRelationObservation
http://example.org/stkg/id/obs_rel_K2BlackPanther_T90_20260205T223759Z_88_d_e	http://example.org/stkg/subjectEntity	http://example.org/stkg/id/platform_K2BlackPanther
http://example.org/stkg/id/obs_rel_K2BlackPanther_T90_20260205T223759Z_88_d_e	http://example.org/stkg/objectEntity	http://example.org/stkg/id/platform_T90
http://example.org/stkg/id/obs_rel_K2BlackPanther_T90_20260205T223759Z_88_d_e	http://example.org/stkg/relationType	http://example.org/stkg/id/relation_behind_of
http://example.org/stkg/id/obs_rel_K2BlackPanther_T90_20260205T223759Z_88_d_e	http://example.org/stkg/time	"2026-02-05T22:37:59Z"^^<http://www.w3.org/2001/XMLSchema#dateTime>
http://example.org/stkg/id/obs_rel_T90_K2BlackPanther_20260205T223759Z_88_e_d	http://www.w3.org/1999/02/22-rdf-syntax-ns#type	http://example.org/stkg/id/SpatialRelationObservation
http://example.org/stkg/id/obs_rel_T90_K2BlackPanther_20260205T223759Z_88_e_d	http://example.org/stkg/subjectEntity	http://example.org/stkg/id/platform_T90
http://example.org/stkg/id/obs_rel_T90_K2BlackPanther_20260205T223759Z_88_e_d	http://example.org/stkg/objectEntity	http://example.org/stkg/id/platform_K2BlackPanther
http://example.org/stkg/id/obs_rel_T90_K2BlackPanther_20260205T223759Z_88_e_d	http://example.org/stkg/relationType	http://example.org/stkg/id/relation_ahead_of
http://example.org/stkg/id/obs_rel_T90_K2BlackPanther_20260205T223759Z_88_e_d	http://example.org/stkg/time	"2026-02-05T22:37:59Z"^^<http://www.w3.org/2001/XMLSchema#dateTime>
http://example.org/stkg/id/obs_rel_BTR80_T90_20260205T223759Z_88_c_e	http://www.w3.org/1999/02/22-rdf-syntax-ns#type	http://example.org/stkg/id/SpatialRelationObservation
http://example.org/stkg/id/obs_rel_BTR80_T90_20260205T223759Z_88_c_e	http://example.org/stkg/subjectEntity	http://example.org/stkg/id/platform_BTR80
http://example.org/stkg/id/obs_rel_BTR80_T90_20260205T223759Z_88_c_e	http://example.org/stkg/objectEntity	http://example.org/stkg/id/platform_T90
http://example.org/stkg/id/obs_rel_BTR80_T90_20260205T223759Z_88_c_e	http://example.org/stkg/relationType	http://example.org/stkg/id/relation_behind_of
http://example.org/stkg/id/obs_rel_BTR80_T90_20260205T223759Z_88_c_e	http://example.org/stkg/time	"2026-02-05T22:37:59Z"^^<http://www.w3.org/2001/XMLSchema#dateTime>
http://example.org/stkg/id/obs_rel_T90_BTR80_20260205T223759Z_88_e_c	http://www.w3.org/1999/02/22-rdf-syntax-ns#type	http://example.org/stkg/id/SpatialRelationObservation
http://example.org/stkg/id/obs_rel_T90_BTR80_20260205T223759Z_88_e_c	http://example.org/stkg/subjectEntity	http://example.org/stkg/id/platform_T90
http://example.org/stkg/id/obs_rel_T90_BTR80_20260205T223759Z_88_e_c	http://example.org/stkg/objectEntity	http://example.org/stkg/id/platform_BTR80
http://example.org/stkg/id/obs_rel_T90_BTR80_20260205T223759Z_88_e_c	http://example.org/stkg/relationType	http://example.org/stkg/id/relation_ahead_of
http://example.org/stkg/id/obs_rel_T90_BTR80_20260205T223759Z_88_e_c	http://example.org/stkg/time	"2026-02-05T22:37:59Z"^^<http://www.w3.org/2001/XMLSchema#dateTime>
http://example.org/stkg/id/obs_rel_BTR80_K2BlackPanther_20260205T223800Z_89_c_d	http://www.w3.org/1999/02/22-rdf-syntax-ns#type	http://example.org/stkg/id/SpatialRelationObservation
http://example.org/stkg/id/obs_rel_BTR80_K2BlackPanther_20260205T223800Z_89_c_d	http://example.org/stkg/subjectEntity	http://example.org/stkg/id/platform_BTR80
http://example.org/stkg/id/obs_rel_BTR80_K2BlackPanther_20260205T223800Z_89_c_d	http://example.org/stkg/objectEntity	http://example.org/stkg/id/platform_K2BlackPanther
http://example.org/stkg/id/obs_rel_BTR80_K2BlackPanther_20260205T223800Z_89_c_d	http://example.org/stkg/relationType	http://example.org/stkg/id/relation_behind_of
http://example.org/stkg/id/obs_rel_BTR80_K2BlackPanther_20260205T223800Z_89_c_d	http://example.org/stkg/time	"2026-02-05T22:38:00Z"^^<http://www.w3.org/2001/XMLSchema#dateTime>
http://example.org/stkg/id/obs_rel_K2BlackPanther_BTR80_20260205T223800Z_89_d_c	http://www.w3.org/1999/02/22-rdf-syntax-ns#type	http://example.org/stkg/id/SpatialRelationObservation
http://example.org/stkg/id/obs_rel_K2BlackPanther_BTR80_20260205T223800Z_89_d_c	http://example.org/stkg/subjectEntity	http://example.org/stkg/id/platform_K2BlackPanther
http://example.org/stkg/id/obs_rel_K2BlackPanther_BTR80_20260205T223800Z_89_d_c	http://example.org/stkg/objectEntity	http://example.org/stkg/id/platform_BTR80
http://example.org/stkg/id/obs_rel_K2BlackPanther_BTR80_20260205T223800Z_89_d_c	http://example.org/stkg/relationType	http://example.org/stkg/id/relation_ahead_of
http://example.org/stkg/id/obs_rel_K2BlackPanther_BTR80_20260205T223800Z_89_d_c	http://example.org/stkg/time	"2026-02-05T22:38:00Z"^^<http://www.w3.org/2001/XMLSchema#dateTime>
http://example.org/stkg/id/obs_rel_K2BlackPanther_T90_20260205T223800Z_89_d_e	http://www.w3.org/1999/02/22-rdf-syntax-ns#type	http://example.org/stkg/id/SpatialRelationObservation
http://example.org/stkg/id/obs_rel_K2BlackPanther_T90_20260205T223800Z_89_d_e	http://example.org/stkg/subjectEntity	http://example.org/stkg/id/platform_K2BlackPanther
http://example.org/stkg/id/obs_rel_K2BlackPanther_T90_20260205T223800Z_89_d_e	http://example.org/stkg/objectEntity	http://example.org/stkg/id/platform_T90
http://example.org/stkg/id/obs_rel_K2BlackPanther_T90_20260205T223800Z_89_d_e	http://example.org/stkg/relationType	http://example.org/stkg/id/relation_behind_of
http://example.org/stkg/id/obs_rel_K2BlackPanther_T90_20260205T223800Z_89_d_e	http://example.org/stkg/time	"2026-02-05T22:38:00Z"^^<http://www.w3.org/2001/XMLSchema#dateTime>
http://example.org/stkg/id/obs_rel_T90_K2BlackPanther_20260205T223800Z_89_e_d	http://www.w3.org/1999/02/22-rdf-syntax-ns#type	http://example.org/stkg/id/SpatialRelationObservation
http://example.org/stkg/id/obs_rel_T90_K2BlackPanther_20260205T223800Z_89_e_d	http://example.org/stkg/subjectEntity	http://example.org/stkg/id/platform_T90
http://example.org/stkg/id/obs_rel_T90_K2BlackPanther_20260205T223800Z_89_e_d	http://example.org/stkg/objectEntity	http://example.org/stkg/id/platform_K2BlackPanther
http://example.org/stkg/id/obs_rel_T90_K2BlackPanther_20260205T223800Z_89_e_d	http://example.org/stkg/relationType	http://example.org/stkg/id/relation_ahead_of
http://example.org/stkg/id/obs_rel_T90_K2BlackPanther_20260205T223800Z_89_e_d	http://example.org/stkg/time	"2026-02-05T22:38:00Z"^^<http://www.w3.org/2001/XMLSchema#dateTime>
http://example.org/stkg/id/obs_rel_BTR80_T90_20260205T223800Z_89_c_e	http://www.w3.org/1999/02/22-rdf-syntax-ns#type	http://example.org/stkg/id/SpatialRelationObservation
http://example.org/stkg/id/obs_rel_BTR80_T90_20260205T223800Z_89_c_e	http://example.org/stkg/subjectEntity	http://example.org/stkg/id/platform_BTR80
http://example.org/stkg/id/obs_rel_BTR80_T90_20260205T223800Z_89_c_e	http://example.org/stkg/objectEntity	http://example.org/stkg/id/platform_T90
http://example.org/stkg/id/obs_rel_BTR80_T90_20260205T223800Z_89_c_e	http://example.org/stkg/relationType	http://example.org/stkg/id/relation_behind_of
http://example.org/stkg/id/obs_rel_BTR80_T90_20260205T223800Z_89_c_e	http://example.org/stkg/time	"2026-02-05T22:38:00Z"^^<http://www.w3.org/2001/XMLSchema#dateTime>
http://example.org/stkg/id/obs_rel_T90_BTR80_20260205T223800Z_89_e_c	http://www.w3.org/1999/02/22-rdf-syntax-ns#type	http://example.org/stkg/id/SpatialRelationObservation
http://example.org/stkg/id/obs_rel_T90_BTR80_20260205T223800Z_89_e_c	http://example.org/stkg/subjectEntity	http://example.org/stkg/id/platform_T90
http://example.org/stkg/id/obs_rel_T90_BTR80_20260205T223800Z_89_e_c	http://example.org/stkg/objectEntity	http://example.org/stkg/id/platform_BTR80
http://example.org/stkg/id/obs_rel_T90_BTR80_20260205T223800Z_89_e_c	http://example.org/stkg/relationType	http://example.org/stkg/id/relation_ahead_of
http://example.org/stkg/id/obs_rel_T90_BTR80_20260205T223800Z_89_e_c	http://example.org/stkg/time	"2026-02-05T22:38:00Z"^^<http://www.w3.org/2001/XMLSchema#dateTime>
http://example.org/stkg/id/obs_rel_BTR80_K2BlackPanther_20260205T223801Z_90_c_d	http://www.w3.org/1999/02/22-rdf-syntax-ns#type	http://example.org/stkg/id/SpatialRelationObservation
http://example.org/stkg/id/obs_rel_BTR80_K2BlackPanther_20260205T223801Z_90_c_d	http://example.org/stkg/subjectEntity	http://example.org/stkg/id/platform_BTR80
http://example.org/stkg/id/obs_rel_BTR80_K2BlackPanther_20260205T223801Z_90_c_d	http://example.org/stkg/objectEntity	http://example.org/stkg/id/platform_K2BlackPanther
http://example.org/stkg/id/obs_rel_BTR80_K2BlackPanther_20260205T223801Z_90_c_d	http://example.org/stkg/relationType	http://example.org/stkg/id/relation_behind_of
http://example.org/stkg/id/obs_rel_BTR80_K2BlackPanther_20260205T223801Z_90_c_d	http://example.org/stkg/time	"2026-02-05T22:38:01Z"^^<http://www.w3.org/2001/XMLSchema#dateTime>
http://example.org/stkg/id/obs_rel_K2BlackPanther_BTR80_20260205T223801Z_90_d_c	http://www.w3.org/1999/02/22-rdf-syntax-ns#type	http://example.org/stkg/id/SpatialRelationObservation
http://example.org/stkg/id/obs_rel_K2BlackPanther_BTR80_20260205T223801Z_90_d_c	http://example.org/stkg/subjectEntity	http://example.org/stkg/id/platform_K2BlackPanther
http://example.org/stkg/id/obs_rel_K2BlackPanther_BTR80_20260205T223801Z_90_d_c	http://example.org/stkg/objectEntity	http://example.org/stkg/id/platform_BTR80
http://example.org/stkg/id/obs_rel_K2BlackPanther_BTR80_20260205T223801Z_90_d_c	http://example.org/stkg/relationType	http://example.org/stkg/id/relation_ahead_of
http://example.org/stkg/id/obs_rel_K2BlackPanther_BTR80_20260205T223801Z_90_d_c	http://example.org/stkg/time	"2026-02-05T22:38:01Z"^^<http://www.w3.org/2001/XMLSchema#dateTime>
http://example.org/stkg/id/obs_rel_K2BlackPanther_T90_20260205T223801Z_90_d_e	http://www.w3.org/1999/02/22-rdf-syntax-ns#type	http://example.org/stkg/id/SpatialRelationObservation
http://example.org/stkg/id/obs_rel_K2BlackPanther_T90_20260205T223801Z_90_d_e	http://example.org/stkg/subjectEntity	http://example.org/stkg/id/platform_K2BlackPanther
http://example.org/stkg/id/obs_rel_K2BlackPanther_T90_20260205T223801Z_90_d_e	http://example.org/stkg/objectEntity	http://example.org/stkg/id/platform_T90
http://example.org/stkg/id/obs_rel_K2BlackPanther_T90_20260205T223801Z_90_d_e	http://example.org/stkg/relationType	http://example.org/stkg/id/relation_behind_of
http://example.org/stkg/id/obs_rel_K2BlackPanther_T90_20260205T223801Z_90_d_e	http://example.org/stkg/time	"2026-02-05T22:38:01Z"^^<http://www.w3.org/2001/XMLSchema#dateTime>
http://example.org/stkg/id/obs_rel_T90_K2BlackPanther_20260205T223801Z_90_e_d	http://www.w3.org/1999/02/22-rdf-syntax-ns#type	http://example.org/stkg/id/SpatialRelationObservation
http://example.org/stkg/id/obs_rel_T90_K2BlackPanther_20260205T223801Z_90_e_d	http://example.org/stkg/subjectEntity	http://example.org/stkg/id/platform_T90
http://example.org/stkg/id/obs_rel_T90_K2BlackPanther_20260205T223801Z_90_e_d	http://example.org/stkg/objectEntity	http://example.org/stkg/id/platform_K2BlackPanther
http://example.org/stkg/id/obs_rel_T90_K2BlackPanther_20260205T223801Z_90_e_d	http://example.org/stkg/relationType	http://example.org/stkg/id/relation_ahead_of
http://example.org/stkg/id/obs_rel_T90_K2BlackPanther_20260205T223801Z_90_e_d	http://example.org/stkg/time	"2026-02-05T22:38:01Z"^^<http://www.w3.org/2001/XMLSchema#dateTime>
http://example.org/stkg/id/obs_rel_BTR80_T90_20260205T223801Z_90_c_e	http://www.w3.org/1999/02/22-rdf-syntax-ns#type	http://example.org/stkg/id/SpatialRelationObservation
http://example.org/stkg/id/obs_rel_BTR80_T90_20260205T223801Z_90_c_e	http://example.org/stkg/subjectEntity	http://example.org/stkg/id/platform_BTR80
http://example.org/stkg/id/obs_rel_BTR80_T90_20260205T223801Z_90_c_e	http://example.org/stkg/objectEntity	http://example.org/stkg/id/platform_T90
http://example.org/stkg/id/obs_rel_BTR80_T90_20260205T223801Z_90_c_e	http://example.org/stkg/relationType	http://example.org/stkg/id/relation_behind_of
http://example.org/stkg/id/obs_rel_BTR80_T90_20260205T223801Z_90_c_e	http://example.org/stkg/time	"2026-02-05T22:38:01Z"^^<http://www.w3.org/2001/XMLSchema#dateTime>
http://example.org/stkg/id/obs_rel_T90_BTR80_20260205T223801Z_90_e_c	http://www.w3.org/1999/02/22-rdf-syntax-ns#type	http://example.org/stkg/id/SpatialRelationObservation
http://example.org/stkg/id/obs_rel_T90_BTR80_20260205T223801Z_90_e_c	http://example.org/stkg/subjectEntity	http://example.org/stkg/id/platform_T90
http://example.org/stkg/id/obs_rel_T90_BTR80_20260205T223801Z_90_e_c	http://example.org/stkg/objectEntity	http://example.org/stkg/id/platform_BTR80
http://example.org/stkg/id/obs_rel_T90_BTR80_20260205T223801Z_90_e_c	http://example.org/stkg/relationType	http://example.org/stkg/id/relation_ahead_of
http://example.org/stkg/id/obs_rel_T90_BTR80_20260205T223801Z_90_e_c	http://example.org/stkg/time	"2026-02-05T22:38:01Z"^^<http://www.w3.org/2001/XMLSchema#dateTime>
http://example.org/stkg/id/obs_rel_BTR80_K2BlackPanther_20260205T223802Z_91_c_d	http://www.w3.org/1999/02/22-rdf-syntax-ns#type	http://example.org/stkg/id/SpatialRelationObservation
http://example.org/stkg/id/obs_rel_BTR80_K2BlackPanther_20260205T223802Z_91_c_d	http://example.org/stkg/subjectEntity	http://example.org/stkg/id/platform_BTR80
http://example.org/stkg/id/obs_rel_BTR80_K2BlackPanther_20260205T223802Z_91_c_d	http://example.org/stkg/objectEntity	http://example.org/stkg/id/platform_K2BlackPanther
http://example.org/stkg/id/obs_rel_BTR80_K2BlackPanther_20260205T223802Z_91_c_d	http://example.org/stkg/relationType	http://example.org/stkg/id/relation_behind_of
http://example.org/stkg/id/obs_rel_BTR80_K2BlackPanther_20260205T223802Z_91_c_d	http://example.org/stkg/time	"2026-02-05T22:38:02Z"^^<http://www.w3.org/2001/XMLSchema#dateTime>
http://example.org/stkg/id/obs_rel_K2BlackPanther_BTR80_20260205T223802Z_91_d_c	http://www.w3.org/1999/02/22-rdf-syntax-ns#type	http://example.org/stkg/id/SpatialRelationObservation
http://example.org/stkg/id/obs_rel_K2BlackPanther_BTR80_20260205T223802Z_91_d_c	http://example.org/stkg/subjectEntity	http://example.org/stkg/id/platform_K2BlackPanther
http://example.org/stkg/id/obs_rel_K2BlackPanther_BTR80_20260205T223802Z_91_d_c	http://example.org/stkg/objectEntity	http://example.org/stkg/id/platform_BTR80
http://example.org/stkg/id/obs_rel_K2BlackPanther_BTR80_20260205T223802Z_91_d_c	http://example.org/stkg/relationType	http://example.org/stkg/id/relation_ahead_of
http://example.org/stkg/id/obs_rel_K2BlackPanther_BTR80_20260205T223802Z_91_d_c	http://example.org/stkg/time	"2026-02-05T22:38:02Z"^^<http://www.w3.org/2001/XMLSchema#dateTime>
http://example.org/stkg/id/obs_rel_K2BlackPanther_T90_20260205T223802Z_91_d_e	http://www.w3.org/1999/02/22-rdf-syntax-ns#type	http://example.org/stkg/id/SpatialRelationObservation
http://example.org/stkg/id/obs_rel_K2BlackPanther_T90_20260205T223802Z_91_d_e	http://example.org/stkg/subjectEntity	http://example.org/stkg/id/platform_K2BlackPanther
http://example.org/stkg/id/obs_rel_K2BlackPanther_T90_20260205T223802Z_91_d_e	http://example.org/stkg/objectEntity	http://example.org/stkg/id/platform_T90
http://example.org/stkg/id/obs_rel_K2BlackPanther_T90_20260205T223802Z_91_d_e	http://example.org/stkg/relationType	http://example.org/stkg/id/relation_behind_of
http://example.org/stkg/id/obs_rel_K2BlackPanther_T90_20260205T223802Z_91_d_e	http://example.org/stkg/time	"2026-02-05T22:38:02Z"^^<http://www.w3.org/2001/XMLSchema#dateTime>
http://example.org/stkg/id/obs_rel_T90_K2BlackPanther_20260205T223802Z_91_e_d	http://www.w3.org/1999/02/22-rdf-syntax-ns#type	http://example.org/stkg/id/SpatialRelationObservation
http://example.org/stkg/id/obs_rel_T90_K2BlackPanther_20260205T223802Z_91_e_d	http://example.org/stkg/subjectEntity	http://example.org/stkg/id/platform_T90
http://example.org/stkg/id/obs_rel_T90_K2BlackPanther_20260205T223802Z_91_e_d	http://example.org/stkg/objectEntity	http://example.org/stkg/id/platform_K2BlackPanther
http://example.org/stkg/id/obs_rel_T90_K2BlackPanther_20260205T223802Z_91_e_d	http://example.org/stkg/relationType	http://example.org/stkg/id/relation_ahead_of
http://example.org/stkg/id/obs_rel_T90_K2BlackPanther_20260205T223802Z_91_e_d	http://example.org/stkg/time	"2026-02-05T22:38:02Z"^^<http://www.w3.org/2001/XMLSchema#dateTime>
http://example.org/stkg/id/obs_rel_BTR80_T90_20260205T223802Z_91_c_e	http://www.w3.org/1999/02/22-rdf-syntax-ns#type	http://example.org/stkg/id/SpatialRelationObservation
http://example.org/stkg/id/obs_rel_BTR80_T90_20260205T223802Z_91_c_e	http://example.org/stkg/subjectEntity	http://example.org/stkg/id/platform_BTR80
http://example.org/stkg/id/obs_rel_BTR80_T90_20260205T223802Z_91_c_e	http://example.org/stkg/objectEntity	http://example.org/stkg/id/platform_T90
http://example.org/stkg/id/obs_rel_BTR80_T90_20260205T223802Z_91_c_e	http://example.org/stkg/relationType	http://example.org/stkg/id/relation_behind_of
http://example.org/stkg/id/obs_rel_BTR80_T90_20260205T223802Z_91_c_e	http://example.org/stkg/time	"2026-02-05T22:38:02Z"^^<http://www.w3.org/2001/XMLSchema#dateTime>
http://example.org/stkg/id/obs_rel_T90_BTR80_20260205T223802Z_91_e_c	http://www.w3.org/1999/02/22-rdf-syntax-ns#type	http://example.org/stkg/id/SpatialRelationObservation
http://example.org/stkg/id/obs_rel_T90_BTR80_20260205T223802Z_91_e_c	http://example.org/stkg/subjectEntity	http://example.org/stkg/id/platform_T90
http://example.org/stkg/id/obs_rel_T90_BTR80_20260205T223802Z_91_e_c	http://example.org/stkg/objectEntity	http://example.org/stkg/id/platform_BTR80
http://example.org/stkg/id/obs_rel_T90_BTR80_20260205T223802Z_91_e_c	http://example.org/stkg/relationType	http://example.org/stkg/id/relation_ahead_of
http://example.org/stkg/id/obs_rel_T90_BTR80_20260205T223802Z_91_e_c	http://example.org/stkg/time	"2026-02-05T22:38:02Z"^^<http://www.w3.org/2001/XMLSchema#dateTime>
http://example.org/stkg/id/obs_rel_BTR80_K2BlackPanther_20260205T223803Z_92_c_d	http://www.w3.org/1999/02/22-rdf-syntax-ns#type	http://example.org/stkg/id/SpatialRelationObservation
http://example.org/stkg/id/obs_rel_BTR80_K2BlackPanther_20260205T223803Z_92_c_d	http://example.org/stkg/subjectEntity	http://example.org/stkg/id/platform_BTR80
http://example.org/stkg/id/obs_rel_BTR80_K2BlackPanther_20260205T223803Z_92_c_d	http://example.org/stkg/objectEntity	http://example.org/stkg/id/platform_K2BlackPanther
http://example.org/stkg/id/obs_rel_BTR80_K2BlackPanther_20260205T223803Z_92_c_d	http://example.org/stkg/relationType	http://example.org/stkg/id/relation_behind_of
http://example.org/stkg/id/obs_rel_BTR80_K2BlackPanther_20260205T223803Z_92_c_d	http://example.org/stkg/time	"2026-02-05T22:38:03Z"^^<http://www.w3.org/2001/XMLSchema#dateTime>
http://example.org/stkg/id/obs_rel_K2BlackPanther_BTR80_20260205T223803Z_92_d_c	http://www.w3.org/1999/02/22-rdf-syntax-ns#type	http://example.org/stkg/id/SpatialRelationObservation
http://example.org/stkg/id/obs_rel_K2BlackPanther_BTR80_20260205T223803Z_92_d_c	http://example.org/stkg/subjectEntity	http://example.org/stkg/id/platform_K2BlackPanther
http://example.org/stkg/id/obs_rel_K2BlackPanther_BTR80_20260205T223803Z_92_d_c	http://example.org/stkg/objectEntity	http://example.org/stkg/id/platform_BTR80
http://example.org/stkg/id/obs_rel_K2BlackPanther_BTR80_20260205T223803Z_92_d_c	http://example.org/stkg/relationType	http://example.org/stkg/id/relation_ahead_of
http://example.org/stkg/id/obs_rel_K2BlackPanther_BTR80_20260205T223803Z_92_d_c	http://example.org/stkg/time	"2026-02-05T22:38:03Z"^^<http://www.w3.org/2001/XMLSchema#dateTime>
http://example.org/stkg/id/obs_rel_K2BlackPanther_T90_20260205T223803Z_92_d_e	http://www.w3.org/1999/02/22-rdf-syntax-ns#type	http://example.org/stkg/id/SpatialRelationObservation
http://example.org/stkg/id/obs_rel_K2BlackPanther_T90_20260205T223803Z_92_d_e	http://example.org/stkg/subjectEntity	http://example.org/stkg/id/platform_K2BlackPanther
http://example.org/stkg/id/obs_rel_K2BlackPanther_T90_20260205T223803Z_92_d_e	http://example.org/stkg/objectEntity	http://example.org/stkg/id/platform_T90
http://example.org/stkg/id/obs_rel_K2BlackPanther_T90_20260205T223803Z_92_d_e	http://example.org/stkg/relationType	http://example.org/stkg/id/relation_behind_of
http://example.org/stkg/id/obs_rel_K2BlackPanther_T90_20260205T223803Z_92_d_e	http://example.org/stkg/time	"2026-02-05T22:38:03Z"^^<http://www.w3.org/2001/XMLSchema#dateTime>
http://example.org/stkg/id/obs_rel_T90_K2BlackPanther_20260205T223803Z_92_e_d	http://www.w3.org/1999/02/22-rdf-syntax-ns#type	http://example.org/stkg/id/SpatialRelationObservation
http://example.org/stkg/id/obs_rel_T90_K2BlackPanther_20260205T223803Z_92_e_d	http://example.org/stkg/subjectEntity	http://example.org/stkg/id/platform_T90
http://example.org/stkg/id/obs_rel_T90_K2BlackPanther_20260205T223803Z_92_e_d	http://example.org/stkg/objectEntity	http://example.org/stkg/id/platform_K2BlackPanther
http://example.org/stkg/id/obs_rel_T90_K2BlackPanther_20260205T223803Z_92_e_d	http://example.org/stkg/relationType	http://example.org/stkg/id/relation_ahead_of
http://example.org/stkg/id/obs_rel_T90_K2BlackPanther_20260205T223803Z_92_e_d	http://example.org/stkg/time	"2026-02-05T22:38:03Z"^^<http://www.w3.org/2001/XMLSchema#dateTime>
http://example.org/stkg/id/obs_rel_BTR80_T90_20260205T223803Z_92_c_e	http://www.w3.org/1999/02/22-rdf-syntax-ns#type	http://example.org/stkg/id/SpatialRelationObservation
http://example.org/stkg/id/obs_rel_BTR80_T90_20260205T223803Z_92_c_e	http://example.org/stkg/subjectEntity	http://example.org/stkg/id/platform_BTR80
http://example.org/stkg/id/obs_rel_BTR80_T90_20260205T223803Z_92_c_e	http://example.org/stkg/objectEntity	http://example.org/stkg/id/platform_T90
http://example.org/stkg/id/obs_rel_BTR80_T90_20260205T223803Z_92_c_e	http://example.org/stkg/relationType	http://example.org/stkg/id/relation_behind_of
http://example.org/stkg/id/obs_rel_BTR80_T90_20260205T223803Z_92_c_e	http://example.org/stkg/time	"2026-02-05T22:38:03Z"^^<http://www.w3.org/2001/XMLSchema#dateTime>
http://example.org/stkg/id/obs_rel_T90_BTR80_20260205T223803Z_92_e_c	http://www.w3.org/1999/02/22-rdf-syntax-ns#type	http://example.org/stkg/id/SpatialRelationObservation
http://example.org/stkg/id/obs_rel_T90_BTR80_20260205T223803Z_92_e_c	http://example.org/stkg/subjectEntity	http://example.org/stkg/id/platform_T90
http://example.org/stkg/id/obs_rel_T90_BTR80_20260205T223803Z_92_e_c	http://example.org/stkg/objectEntity	http://example.org/stkg/id/platform_BTR80
http://example.org/stkg/id/obs_rel_T90_BTR80_20260205T223803Z_92_e_c	http://example.org/stkg/relationType	http://example.org/stkg/id/relation_ahead_of
http://example.org/stkg/id/obs_rel_T90_BTR80_20260205T223803Z_92_e_c	http://example.org/stkg/time	"2026-02-05T22:38:03Z"^^<http://www.w3.org/2001/XMLSchema#dateTime>
http://example.org/stkg/id/obs_rel_BTR80_K2BlackPanther_20260205T223804Z_93_c_d	http://www.w3.org/1999/02/22-rdf-syntax-ns#type	http://example.org/stkg/id/SpatialRelationObservation
http://example.org/stkg/id/obs_rel_BTR80_K2BlackPanther_20260205T223804Z_93_c_d	http://example.org/stkg/subjectEntity	http://example.org/stkg/id/platform_BTR80
http://example.org/stkg/id/obs_rel_BTR80_K2BlackPanther_20260205T223804Z_93_c_d	http://example.org/stkg/objectEntity	http://example.org/stkg/id/platform_K2BlackPanther
http://example.org/stkg/id/obs_rel_BTR80_K2BlackPanther_20260205T223804Z_93_c_d	http://example.org/stkg/relationType	http://example.org/stkg/id/relation_behind_of
http://example.org/stkg/id/obs_rel_BTR80_K2BlackPanther_20260205T223804Z_93_c_d	http://example.org/stkg/time	"2026-02-05T22:38:04Z"^^<http://www.w3.org/2001/XMLSchema#dateTime>
http://example.org/stkg/id/obs_rel_K2BlackPanther_BTR80_20260205T223804Z_93_d_c	http://www.w3.org/1999/02/22-rdf-syntax-ns#type	http://example.org/stkg/id/SpatialRelationObservation
http://example.org/stkg/id/obs_rel_K2BlackPanther_BTR80_20260205T223804Z_93_d_c	http://example.org/stkg/subjectEntity	http://example.org/stkg/id/platform_K2BlackPanther
http://example.org/stkg/id/obs_rel_K2BlackPanther_BTR80_20260205T223804Z_93_d_c	http://example.org/stkg/objectEntity	http://example.org/stkg/id/platform_BTR80
http://example.org/stkg/id/obs_rel_K2BlackPanther_BTR80_20260205T223804Z_93_d_c	http://example.org/stkg/relationType	http://example.org/stkg/id/relation_ahead_of
http://example.org/stkg/id/obs_rel_K2BlackPanther_BTR80_20260205T223804Z_93_d_c	http://example.org/stkg/time	"2026-02-05T22:38:04Z"^^<http://www.w3.org/2001/XMLSchema#dateTime>
http://example.org/stkg/id/obs_rel_K2BlackPanther_T90_20260205T223804Z_93_d_e	http://www.w3.org/1999/02/22-rdf-syntax-ns#type	http://example.org/stkg/id/SpatialRelationObservation
http://example.org/stkg/id/obs_rel_K2BlackPanther_T90_20260205T223804Z_93_d_e	http://example.org/stkg/subjectEntity	http://example.org/stkg/id/platform_K2BlackPanther
http://example.org/stkg/id/obs_rel_K2BlackPanther_T90_20260205T223804Z_93_d_e	http://example.org/stkg/objectEntity	http://example.org/stkg/id/platform_T90
http://example.org/stkg/id/obs_rel_K2BlackPanther_T90_20260205T223804Z_93_d_e	http://example.org/stkg/relationType	http://example.org/stkg/id/relation_behind_of
http://example.org/stkg/id/obs_rel_K2BlackPanther_T90_20260205T223804Z_93_d_e	http://example.org/stkg/time	"2026-02-05T22:38:04Z"^^<http://www.w3.org/2001/XMLSchema#dateTime>
http://example.org/stkg/id/obs_rel_T90_K2BlackPanther_20260205T223804Z_93_e_d	http://www.w3.org/1999/02/22-rdf-syntax-ns#type	http://example.org/stkg/id/SpatialRelationObservation
http://example.org/stkg/id/obs_rel_T90_K2BlackPanther_20260205T223804Z_93_e_d	http://example.org/stkg/subjectEntity	http://example.org/stkg/id/platform_T90
http://example.org/stkg/id/obs_rel_T90_K2BlackPanther_20260205T223804Z_93_e_d	http://example.org/stkg/objectEntity	http://example.org/stkg/id/platform_K2BlackPanther
http://example.org/stkg/id/obs_rel_T90_K2BlackPanther_20260205T223804Z_93_e_d	http://example.org/stkg/relationType	http://example.org/stkg/id/relation_ahead_of
http://example.org/stkg/id/obs_rel_T90_K2BlackPanther_20260205T223804Z_93_e_d	http://example.org/stkg/time	"2026-02-05T22:38:04Z"^^<http://www.w3.org/2001/XMLSchema#dateTime>
http://example.org/stkg/id/obs_rel_BTR80_T90_20260205T223804Z_93_c_e	http://www.w3.org/1999/02/22-rdf-syntax-ns#type	http://example.org/stkg/id/SpatialRelationObservation
http://example.org/stkg/id/obs_rel_BTR80_T90_20260205T223804Z_93_c_e	http://example.org/stkg/subjectEntity	http://example.org/stkg/id/platform_BTR80
http://example.org/stkg/id/obs_rel_BTR80_T90_20260205T223804Z_93_c_e	http://example.org/stkg/objectEntity	http://example.org/stkg/id/platform_T90
http://example.org/stkg/id/obs_rel_BTR80_T90_20260205T223804Z_93_c_e	http://example.org/stkg/relationType	http://example.org/stkg/id/relation_behind_of
http://example.org/stkg/id/obs_rel_BTR80_T90_20260205T223804Z_93_c_e	http://example.org/stkg/time	"2026-02-05T22:38:04Z"^^<http://www.w3.org/2001/XMLSchema#dateTime>
http://example.org/stkg/id/obs_rel_T90_BTR80_20260205T223804Z_93_e_c	http://www.w3.org/1999/02/22-rdf-syntax-ns#type	http://example.org/stkg/id/SpatialRelationObservation
http://example.org/stkg/id/obs_rel_T90_BTR80_20260205T223804Z_93_e_c	http://example.org/stkg/subjectEntity	http://example.org/stkg/id/platform_T90
http://example.org/stkg/id/obs_rel_T90_BTR80_20260205T223804Z_93_e_c	http://example.org/stkg/objectEntity	http://example.org/stkg/id/platform_BTR80
http://example.org/stkg/id/obs_rel_T90_BTR80_20260205T223804Z_93_e_c	http://example.org/stkg/relationType	http://example.org/stkg/id/relation_ahead_of
http://example.org/stkg/id/obs_rel_T90_BTR80_20260205T223804Z_93_e_c	http://example.org/stkg/time	"2026-02-05T22:38:04Z"^^<http://www.w3.org/2001/XMLSchema#dateTime>
http://example.org/stkg/id/obs_rel_BTR80_K2BlackPanther_20260205T223805Z_94_c_d	http://www.w3.org/1999/02/22-rdf-syntax-ns#type	http://example.org/stkg/id/SpatialRelationObservation
http://example.org/stkg/id/obs_rel_BTR80_K2BlackPanther_20260205T223805Z_94_c_d	http://example.org/stkg/subjectEntity	http://example.org/stkg/id/platform_BTR80
http://example.org/stkg/id/obs_rel_BTR80_K2BlackPanther_20260205T223805Z_94_c_d	http://example.org/stkg/objectEntity	http://example.org/stkg/id/platform_K2BlackPanther
http://example.org/stkg/id/obs_rel_BTR80_K2BlackPanther_20260205T223805Z_94_c_d	http://example.org/stkg/relationType	http://example.org/stkg/id/relation_behind_of
http://example.org/stkg/id/obs_rel_BTR80_K2BlackPanther_20260205T223805Z_94_c_d	http://example.org/stkg/time	"2026-02-05T22:38:05Z"^^<http://www.w3.org/2001/XMLSchema#dateTime>
http://example.org/stkg/id/obs_rel_K2BlackPanther_BTR80_20260205T223805Z_94_d_c	http://www.w3.org/1999/02/22-rdf-syntax-ns#type	http://example.org/stkg/id/SpatialRelationObservation
http://example.org/stkg/id/obs_rel_K2BlackPanther_BTR80_20260205T223805Z_94_d_c	http://example.org/stkg/subjectEntity	http://example.org/stkg/id/platform_K2BlackPanther
http://example.org/stkg/id/obs_rel_K2BlackPanther_BTR80_20260205T223805Z_94_d_c	http://example.org/stkg/objectEntity	http://example.org/stkg/id/platform_BTR80
http://example.org/stkg/id/obs_rel_K2BlackPanther_BTR80_20260205T223805Z_94_d_c	http://example.org/stkg/relationType	http://example.org/stkg/id/relation_ahead_of
http://example.org/stkg/id/obs_rel_K2BlackPanther_BTR80_20260205T223805Z_94_d_c	http://example.org/stkg/time	"2026-02-05T22:38:05Z"^^<http://www.w3.org/2001/XMLSchema#dateTime>
http://example.org/stkg/id/obs_rel_K2BlackPanther_T90_20260205T223805Z_94_d_e	http://www.w3.org/1999/02/22-rdf-syntax-ns#type	http://example.org/stkg/id/SpatialRelationObservation
http://example.org/stkg/id/obs_rel_K2BlackPanther_T90_20260205T223805Z_94_d_e	http://example.org/stkg/subjectEntity	http://example.org/stkg/id/platform_K2BlackPanther
http://example.org/stkg/id/obs_rel_K2BlackPanther_T90_20260205T223805Z_94_d_e	http://example.org/stkg/objectEntity	http://example.org/stkg/id/platform_T90
http://example.org/stkg/id/obs_rel_K2BlackPanther_T90_20260205T223805Z_94_d_e	http://example.org/stkg/relationType	http://example.org/stkg/id/relation_behind_of
http://example.org/stkg/id/obs_rel_K2BlackPanther_T90_20260205T223805Z_94_d_e	http://example.org/stkg/time	"2026-02-05T22:38:05Z"^^<http://www.w3.org/2001/XMLSchema#dateTime>
http://example.org/stkg/id/obs_rel_T90_K2BlackPanther_20260205T223805Z_94_e_d	http://www.w3.org/1999/02/22-rdf-syntax-ns#type	http://example.org/stkg/id/SpatialRelationObservation
http://example.org/stkg/id/obs_rel_T90_K2BlackPanther_20260205T223805Z_94_e_d	http://example.org/stkg/subjectEntity	http://example.org/stkg/id/platform_T90
http://example.org/stkg/id/obs_rel_T90_K2BlackPanther_20260205T223805Z_94_e_d	http://example.org/stkg/objectEntity	http://example.org/stkg/id/platform_K2BlackPanther
http://example.org/stkg/id/obs_rel_T90_K2BlackPanther_20260205T223805Z_94_e_d	http://example.org/stkg/relationType	http://example.org/stkg/id/relation_ahead_of
http://example.org/stkg/id/obs_rel_T90_K2BlackPanther_20260205T223805Z_94_e_d	http://example.org/stkg/time	"2026-02-05T22:38:05Z"^^<http://www.w3.org/2001/XMLSchema#dateTime>
http://example.org/stkg/id/obs_rel_BTR80_T90_20260205T223805Z_94_c_e	http://www.w3.org/1999/02/22-rdf-syntax-ns#type	http://example.org/stkg/id/SpatialRelationObservation
http://example.org/stkg/id/obs_rel_BTR80_T90_20260205T223805Z_94_c_e	http://example.org/stkg/subjectEntity	http://example.org/stkg/id/platform_BTR80
http://example.org/stkg/id/obs_rel_BTR80_T90_20260205T223805Z_94_c_e	http://example.org/stkg/objectEntity	http://example.org/stkg/id/platform_T90
http://example.org/stkg/id/obs_rel_BTR80_T90_20260205T223805Z_94_c_e	http://example.org/stkg/relationType	http://example.org/stkg/id/relation_behind_of
http://example.org/stkg/id/obs_rel_BTR80_T90_20260205T223805Z_94_c_e	http://example.org/stkg/time	"2026-02-05T22:38:05Z"^^<http://www.w3.org/2001/XMLSchema#dateTime>
http://example.org/stkg/id/obs_rel_T90_BTR80_20260205T223805Z_94_e_c	http://www.w3.org/1999/02/22-rdf-syntax-ns#type	http://example.org/stkg/id/SpatialRelationObservation
http://example.org/stkg/id/obs_rel_T90_BTR80_20260205T223805Z_94_e_c	http://example.org/stkg/subjectEntity	http://example.org/stkg/id/platform_T90
http://example.org/stkg/id/obs_rel_T90_BTR80_20260205T223805Z_94_e_c	http://example.org/stkg/objectEntity	http://example.org/stkg/id/platform_BTR80
http://example.org/stkg/id/obs_rel_T90_BTR80_20260205T223805Z_94_e_c	http://example.org/stkg/relationType	http://example.org/stkg/id/relation_ahead_of
http://example.org/stkg/id/obs_rel_T90_BTR80_20260205T223805Z_94_e_c	http://example.org/stkg/time	"2026-02-05T22:38:05Z"^^<http://www.w3.org/2001/XMLSchema#dateTime>
http://example.org/stkg/id/obs_rel_BTR80_K2BlackPanther_20260205T223806Z_95_c_d	http://www.w3.org/1999/02/22-rdf-syntax-ns#type	http://example.org/stkg/id/SpatialRelationObservation
http://example.org/stkg/id/obs_rel_BTR80_K2BlackPanther_20260205T223806Z_95_c_d	http://example.org/stkg/subjectEntity	http://example.org/stkg/id/platform_BTR80
http://example.org/stkg/id/obs_rel_BTR80_K2BlackPanther_20260205T223806Z_95_c_d	http://example.org/stkg/objectEntity	http://example.org/stkg/id/platform_K2BlackPanther
http://example.org/stkg/id/obs_rel_BTR80_K2BlackPanther_20260205T223806Z_95_c_d	http://example.org/stkg/relationType	http://example.org/stkg/id/relation_behind_of
http://example.org/stkg/id/obs_rel_BTR80_K2BlackPanther_20260205T223806Z_95_c_d	http://example.org/stkg/time	"2026-02-05T22:38:06Z"^^<http://www.w3.org/2001/XMLSchema#dateTime>
http://example.org/stkg/id/obs_rel_K2BlackPanther_BTR80_20260205T223806Z_95_d_c	http://www.w3.org/1999/02/22-rdf-syntax-ns#type	http://example.org/stkg/id/SpatialRelationObservation
http://example.org/stkg/id/obs_rel_K2BlackPanther_BTR80_20260205T223806Z_95_d_c	http://example.org/stkg/subjectEntity	http://example.org/stkg/id/platform_K2BlackPanther
http://example.org/stkg/id/obs_rel_K2BlackPanther_BTR80_20260205T223806Z_95_d_c	http://example.org/stkg/objectEntity	http://example.org/stkg/id/platform_BTR80
http://example.org/stkg/id/obs_rel_K2BlackPanther_BTR80_20260205T223806Z_95_d_c	http://example.org/stkg/relationType	http://example.org/stkg/id/relation_ahead_of
http://example.org/stkg/id/obs_rel_K2BlackPanther_BTR80_20260205T223806Z_95_d_c	http://example.org/stkg/time	"2026-02-05T22:38:06Z"^^<http://www.w3.org/2001/XMLSchema#dateTime>
http://example.org/stkg/id/obs_rel_K2BlackPanther_T90_20260205T223806Z_95_d_e	http://www.w3.org/1999/02/22-rdf-syntax-ns#type	http://example.org/stkg/id/SpatialRelationObservation
http://example.org/stkg/id/obs_rel_K2BlackPanther_T90_20260205T223806Z_95_d_e	http://example.org/stkg/subjectEntity	http://example.org/stkg/id/platform_K2BlackPanther
http://example.org/stkg/id/obs_rel_K2BlackPanther_T90_20260205T223806Z_95_d_e	http://example.org/stkg/objectEntity	http://example.org/stkg/id/platform_T90
http://example.org/stkg/id/obs_rel_K2BlackPanther_T90_20260205T223806Z_95_d_e	http://example.org/stkg/relationType	http://example.org/stkg/id/relation_behind_of
http://example.org/stkg/id/obs_rel_K2BlackPanther_T90_20260205T223806Z_95_d_e	http://example.org/stkg/time	"2026-02-05T22:38:06Z"^^<http://www.w3.org/2001/XMLSchema#dateTime>
http://example.org/stkg/id/obs_rel_T90_K2BlackPanther_20260205T223806Z_95_e_d	http://www.w3.org/1999/02/22-rdf-syntax-ns#type	http://example.org/stkg/id/SpatialRelationObservation
http://example.org/stkg/id/obs_rel_T90_K2BlackPanther_20260205T223806Z_95_e_d	http://example.org/stkg/subjectEntity	http://example.org/stkg/id/platform_T90
http://example.org/stkg/id/obs_rel_T90_K2BlackPanther_20260205T223806Z_95_e_d	http://example.org/stkg/objectEntity	http://example.org/stkg/id/platform_K2BlackPanther
http://example.org/stkg/id/obs_rel_T90_K2BlackPanther_20260205T223806Z_95_e_d	http://example.org/stkg/relationType	http://example.org/stkg/id/relation_ahead_of
http://example.org/stkg/id/obs_rel_T90_K2BlackPanther_20260205T223806Z_95_e_d	http://example.org/stkg/time	"2026-02-05T22:38:06Z"^^<http://www.w3.org/2001/XMLSchema#dateTime>
http://example.org/stkg/id/obs_rel_BTR80_T90_20260205T223806Z_95_c_e	http://www.w3.org/1999/02/22-rdf-syntax-ns#type	http://example.org/stkg/id/SpatialRelationObservation
http://example.org/stkg/id/obs_rel_BTR80_T90_20260205T223806Z_95_c_e	http://example.org/stkg/subjectEntity	http://example.org/stkg/id/platform_BTR80
http://example.org/stkg/id/obs_rel_BTR80_T90_20260205T223806Z_95_c_e	http://example.org/stkg/objectEntity	http://example.org/stkg/id/platform_T90
http://example.org/stkg/id/obs_rel_BTR80_T90_20260205T223806Z_95_c_e	http://example.org/stkg/relationType	http://example.org/stkg/id/relation_behind_of
http://example.org/stkg/id/obs_rel_BTR80_T90_20260205T223806Z_95_c_e	http://example.org/stkg/time	"2026-02-05T22:38:06Z"^^<http://www.w3.org/2001/XMLSchema#dateTime>
http://example.org/stkg/id/obs_rel_T90_BTR80_20260205T223806Z_95_e_c	http://www.w3.org/1999/02/22-rdf-syntax-ns#type	http://example.org/stkg/id/SpatialRelationObservation
http://example.org/stkg/id/obs_rel_T90_BTR80_20260205T223806Z_95_e_c	http://example.org/stkg/subjectEntity	http://example.org/stkg/id/platform_T90
http://example.org/stkg/id/obs_rel_T90_BTR80_20260205T223806Z_95_e_c	http://example.org/stkg/objectEntity	http://example.org/stkg/id/platform_BTR80
http://example.org/stkg/id/obs_rel_T90_BTR80_20260205T223806Z_95_e_c	http://example.org/stkg/relationType	http://example.org/stkg/id/relation_ahead_of
http://example.org/stkg/id/obs_rel_T90_BTR80_20260205T223806Z_95_e_c	http://example.org/stkg/time	"2026-02-05T22:38:06Z"^^<http://www.w3.org/2001/XMLSchema#dateTime>
http://example.org/stkg/id/obs_rel_BTR80_K2BlackPanther_20260205T223807Z_96_c_d	http://www.w3.org/1999/02/22-rdf-syntax-ns#type	http://example.org/stkg/id/SpatialRelationObservation
http://example.org/stkg/id/obs_rel_BTR80_K2BlackPanther_20260205T223807Z_96_c_d	http://example.org/stkg/subjectEntity	http://example.org/stkg/id/platform_BTR80
http://example.org/stkg/id/obs_rel_BTR80_K2BlackPanther_20260205T223807Z_96_c_d	http://example.org/stkg/objectEntity	http://example.org/stkg/id/platform_K2BlackPanther
http://example.org/stkg/id/obs_rel_BTR80_K2BlackPanther_20260205T223807Z_96_c_d	http://example.org/stkg/relationType	http://example.org/stkg/id/relation_behind_of
http://example.org/stkg/id/obs_rel_BTR80_K2BlackPanther_20260205T223807Z_96_c_d	http://example.org/stkg/time	"2026-02-05T22:38:07Z"^^<http://www.w3.org/2001/XMLSchema#dateTime>
http://example.org/stkg/id/obs_rel_K2BlackPanther_BTR80_20260205T223807Z_96_d_c	http://www.w3.org/1999/02/22-rdf-syntax-ns#type	http://example.org/stkg/id/SpatialRelationObservation
http://example.org/stkg/id/obs_rel_K2BlackPanther_BTR80_20260205T223807Z_96_d_c	http://example.org/stkg/subjectEntity	http://example.org/stkg/id/platform_K2BlackPanther
http://example.org/stkg/id/obs_rel_K2BlackPanther_BTR80_20260205T223807Z_96_d_c	http://example.org/stkg/objectEntity	http://example.org/stkg/id/platform_BTR80
http://example.org/stkg/id/obs_rel_K2BlackPanther_BTR80_20260205T223807Z_96_d_c	http://example.org/stkg/relationType	http://example.org/stkg/id/relation_ahead_of
http://example.org/stkg/id/obs_rel_K2BlackPanther_BTR80_20260205T223807Z_96_d_c	http://example.org/stkg/time	"2026-02-05T22:38:07Z"^^<http://www.w3.org/2001/XMLSchema#dateTime>
http://example.org/stkg/id/obs_rel_K2BlackPanther_T90_20260205T223807Z_96_d_e	http://www.w3.org/1999/02/22-rdf-syntax-ns#type	http://example.org/stkg/id/SpatialRelationObservation
http://example.org/stkg/id/obs_rel_K2BlackPanther_T90_20260205T223807Z_96_d_e	http://example.org/stkg/subjectEntity	http://example.org/stkg/id/platform_K2BlackPanther
http://example.org/stkg/id/obs_rel_K2BlackPanther_T90_20260205T223807Z_96_d_e	http://example.org/stkg/objectEntity	http://example.org/stkg/id/platform_T90
http://example.org/stkg/id/obs_rel_K2BlackPanther_T90_20260205T223807Z_96_d_e	http://example.org/stkg/relationType	http://example.org/stkg/id/relation_behind_of
http://example.org/stkg/id/obs_rel_K2BlackPanther_T90_20260205T223807Z_96_d_e	http://example.org/stkg/time	"2026-02-05T22:38:07Z"^^<http://www.w3.org/2001/XMLSchema#dateTime>
http://example.org/stkg/id/obs_rel_T90_K2BlackPanther_20260205T223807Z_96_e_d	http://www.w3.org/1999/02/22-rdf-syntax-ns#type	http://example.org/stkg/id/SpatialRelationObservation
http://example.org/stkg/id/obs_rel_T90_K2BlackPanther_20260205T223807Z_96_e_d	http://example.org/stkg/subjectEntity	http://example.org/stkg/id/platform_T90
http://example.org/stkg/id/obs_rel_T90_K2BlackPanther_20260205T223807Z_96_e_d	http://example.org/stkg/objectEntity	http://example.org/stkg/id/platform_K2BlackPanther
http://example.org/stkg/id/obs_rel_T90_K2BlackPanther_20260205T223807Z_96_e_d	http://example.org/stkg/relationType	http://example.org/stkg/id/relation_ahead_of
http://example.org/stkg/id/obs_rel_T90_K2BlackPanther_20260205T223807Z_96_e_d	http://example.org/stkg/time	"2026-02-05T22:38:07Z"^^<http://www.w3.org/2001/XMLSchema#dateTime>
http://example.org/stkg/id/obs_rel_BTR80_T90_20260205T223807Z_96_c_e	http://www.w3.org/1999/02/22-rdf-syntax-ns#type	http://example.org/stkg/id/SpatialRelationObservation
http://example.org/stkg/id/obs_rel_BTR80_T90_20260205T223807Z_96_c_e	http://example.org/stkg/subjectEntity	http://example.org/stkg/id/platform_BTR80
http://example.org/stkg/id/obs_rel_BTR80_T90_20260205T223807Z_96_c_e	http://example.org/stkg/objectEntity	http://example.org/stkg/id/platform_T90
http://example.org/stkg/id/obs_rel_BTR80_T90_20260205T223807Z_96_c_e	http://example.org/stkg/relationType	http://example.org/stkg/id/relation_behind_of
http://example.org/stkg/id/obs_rel_BTR80_T90_20260205T223807Z_96_c_e	http://example.org/stkg/time	"2026-02-05T22:38:07Z"^^<http://www.w3.org/2001/XMLSchema#dateTime>
http://example.org/stkg/id/obs_rel_T90_BTR80_20260205T223807Z_96_e_c	http://www.w3.org/1999/02/22-rdf-syntax-ns#type	http://example.org/stkg/id/SpatialRelationObservation
http://example.org/stkg/id/obs_rel_T90_BTR80_20260205T223807Z_96_e_c	http://example.org/stkg/subjectEntity	http://example.org/stkg/id/platform_T90
http://example.org/stkg/id/obs_rel_T90_BTR80_20260205T223807Z_96_e_c	http://example.org/stkg/objectEntity	http://example.org/stkg/id/platform_BTR80
http://example.org/stkg/id/obs_rel_T90_BTR80_20260205T223807Z_96_e_c	http://example.org/stkg/relationType	http://example.org/stkg/id/relation_ahead_of
http://example.org/stkg/id/obs_rel_T90_BTR80_20260205T223807Z_96_e_c	http://example.org/stkg/time	"2026-02-05T22:38:07Z"^^<http://www.w3.org/2001/XMLSchema#dateTime>
http://example.org/stkg/id/obs_rel_BTR80_K2BlackPanther_20260205T223808Z_97_c_d	http://www.w3.org/1999/02/22-rdf-syntax-ns#type	http://example.org/stkg/id/SpatialRelationObservation
http://example.org/stkg/id/obs_rel_BTR80_K2BlackPanther_20260205T223808Z_97_c_d	http://example.org/stkg/subjectEntity	http://example.org/stkg/id/platform_BTR80
http://example.org/stkg/id/obs_rel_BTR80_K2BlackPanther_20260205T223808Z_97_c_d	http://example.org/stkg/objectEntity	http://example.org/stkg/id/platform_K2BlackPanther
http://example.org/stkg/id/obs_rel_BTR80_K2BlackPanther_20260205T223808Z_97_c_d	http://example.org/stkg/relationType	http://example.org/stkg/id/relation_behind_of
http://example.org/stkg/id/obs_rel_BTR80_K2BlackPanther_20260205T223808Z_97_c_d	http://example.org/stkg/time	"2026-02-05T22:38:08Z"^^<http://www.w3.org/2001/XMLSchema#dateTime>
http://example.org/stkg/id/obs_rel_K2BlackPanther_BTR80_20260205T223808Z_97_d_c	http://www.w3.org/1999/02/22-rdf-syntax-ns#type	http://example.org/stkg/id/SpatialRelationObservation
http://example.org/stkg/id/obs_rel_K2BlackPanther_BTR80_20260205T223808Z_97_d_c	http://example.org/stkg/subjectEntity	http://example.org/stkg/id/platform_K2BlackPanther
http://example.org/stkg/id/obs_rel_K2BlackPanther_BTR80_20260205T223808Z_97_d_c	http://example.org/stkg/objectEntity	http://example.org/stkg/id/platform_BTR80
http://example.org/stkg/id/obs_rel_K2BlackPanther_BTR80_20260205T223808Z_97_d_c	http://example.org/stkg/relationType	http://example.org/stkg/id/relation_ahead_of
http://example.org/stkg/id/obs_rel_K2BlackPanther_BTR80_20260205T223808Z_97_d_c	http://example.org/stkg/time	"2026-02-05T22:38:08Z"^^<http://www.w3.org/2001/XMLSchema#dateTime>
http://example.org/stkg/id/obs_rel_K2BlackPanther_T90_20260205T223808Z_97_d_e	http://www.w3.org/1999/02/22-rdf-syntax-ns#type	http://example.org/stkg/id/SpatialRelationObservation
http://example.org/stkg/id/obs_rel_K2BlackPanther_T90_20260205T223808Z_97_d_e	http://example.org/stkg/subjectEntity	http://example.org/stkg/id/platform_K2BlackPanther
http://example.org/stkg/id/obs_rel_K2BlackPanther_T90_20260205T223808Z_97_d_e	http://example.org/stkg/objectEntity	http://example.org/stkg/id/platform_T90
http://example.org/stkg/id/obs_rel_K2BlackPanther_T90_20260205T223808Z_97_d_e	http://example.org/stkg/relationType	http://example.org/stkg/id/relation_behind_of
http://example.org/stkg/id/obs_rel_K2BlackPanther_T90_20260205T223808Z_97_d_e	http://example.org/stkg/time	"2026-02-05T22:38:08Z"^^<http://www.w3.org/2001/XMLSchema#dateTime>
http://example.org/stkg/id/obs_rel_T90_K2BlackPanther_20260205T223808Z_97_e_d	http://www.w3.org/1999/02/22-rdf-syntax-ns#type	http://example.org/stkg/id/SpatialRelationObservation
http://example.org/stkg/id/obs_rel_T90_K2BlackPanther_20260205T223808Z_97_e_d	http://example.org/stkg/subjectEntity	http://example.org/stkg/id/platform_T90
http://example.org/stkg/id/obs_rel_T90_K2BlackPanther_20260205T223808Z_97_e_d	http://example.org/stkg/objectEntity	http://example.org/stkg/id/platform_K2BlackPanther
http://example.org/stkg/id/obs_rel_T90_K2BlackPanther_20260205T223808Z_97_e_d	http://example.org/stkg/relationType	http://example.org/stkg/id/relation_ahead_of
http://example.org/stkg/id/obs_rel_T90_K2BlackPanther_20260205T223808Z_97_e_d	http://example.org/stkg/time	"2026-02-05T22:38:08Z"^^<http://www.w3.org/2001/XMLSchema#dateTime>
http://example.org/stkg/id/obs_rel_BTR80_T90_20260205T223808Z_97_c_e	http://www.w3.org/1999/02/22-rdf-syntax-ns#type	http://example.org/stkg/id/SpatialRelationObservation
http://example.org/stkg/id/obs_rel_BTR80_T90_20260205T223808Z_97_c_e	http://example.org/stkg/subjectEntity	http://example.org/stkg/id/platform_BTR80
http://example.org/stkg/id/obs_rel_BTR80_T90_20260205T223808Z_97_c_e	http://example.org/stkg/objectEntity	http://example.org/stkg/id/platform_T90
http://example.org/stkg/id/obs_rel_BTR80_T90_20260205T223808Z_97_c_e	http://example.org/stkg/relationType	http://example.org/stkg/id/relation_behind_of
http://example.org/stkg/id/obs_rel_BTR80_T90_20260205T223808Z_97_c_e	http://example.org/stkg/time	"2026-02-05T22:38:08Z"^^<http://www.w3.org/2001/XMLSchema#dateTime>
http://example.org/stkg/id/obs_rel_T90_BTR80_20260205T223808Z_97_e_c	http://www.w3.org/1999/02/22-rdf-syntax-ns#type	http://example.org/stkg/id/SpatialRelationObservation
http://example.org/stkg/id/obs_rel_T90_BTR80_20260205T223808Z_97_e_c	http://example.org/stkg/subjectEntity	http://example.org/stkg/id/platform_T90
http://example.org/stkg/id/obs_rel_T90_BTR80_20260205T223808Z_97_e_c	http://example.org/stkg/objectEntity	http://example.org/stkg/id/platform_BTR80
http://example.org/stkg/id/obs_rel_T90_BTR80_20260205T223808Z_97_e_c	http://example.org/stkg/relationType	http://example.org/stkg/id/relation_ahead_of
http://example.org/stkg/id/obs_rel_T90_BTR80_20260205T223808Z_97_e_c	http://example.org/stkg/time	"2026-02-05T22:38:08Z"^^<http://www.w3.org/2001/XMLSchema#dateTime>
http://example.org/stkg/id/obs_rel_BTR80_K2BlackPanther_20260205T223809Z_98_c_d	http://www.w3.org/1999/02/22-rdf-syntax-ns#type	http://example.org/stkg/id/SpatialRelationObservation
http://example.org/stkg/id/obs_rel_BTR80_K2BlackPanther_20260205T223809Z_98_c_d	http://example.org/stkg/subjectEntity	http://example.org/stkg/id/platform_BTR80
http://example.org/stkg/id/obs_rel_BTR80_K2BlackPanther_20260205T223809Z_98_c_d	http://example.org/stkg/objectEntity	http://example.org/stkg/id/platform_K2BlackPanther
http://example.org/stkg/id/obs_rel_BTR80_K2BlackPanther_20260205T223809Z_98_c_d	http://example.org/stkg/relationType	http://example.org/stkg/id/relation_behind_of
http://example.org/stkg/id/obs_rel_BTR80_K2BlackPanther_20260205T223809Z_98_c_d	http://example.org/stkg/time	"2026-02-05T22:38:09Z"^^<http://www.w3.org/2001/XMLSchema#dateTime>
http://example.org/stkg/id/obs_rel_K2BlackPanther_BTR80_20260205T223809Z_98_d_c	http://www.w3.org/1999/02/22-rdf-syntax-ns#type	http://example.org/stkg/id/SpatialRelationObservation
http://example.org/stkg/id/obs_rel_K2BlackPanther_BTR80_20260205T223809Z_98_d_c	http://example.org/stkg/subjectEntity	http://example.org/stkg/id/platform_K2BlackPanther
http://example.org/stkg/id/obs_rel_K2BlackPanther_BTR80_20260205T223809Z_98_d_c	http://example.org/stkg/objectEntity	http://example.org/stkg/id/platform_BTR80
http://example.org/stkg/id/obs_rel_K2BlackPanther_BTR80_20260205T223809Z_98_d_c	http://example.org/stkg/relationType	http://example.org/stkg/id/relation_ahead_of
http://example.org/stkg/id/obs_rel_K2BlackPanther_BTR80_20260205T223809Z_98_d_c	http://example.org/stkg/time	"2026-02-05T22:38:09Z"^^<http://www.w3.org/2001/XMLSchema#dateTime>
http://example.org/stkg/id/obs_rel_K2BlackPanther_T90_20260205T223809Z_98_d_e	http://www.w3.org/1999/02/22-rdf-syntax-ns#type	http://example.org/stkg/id/SpatialRelationObservation
http://example.org/stkg/id/obs_rel_K2BlackPanther_T90_20260205T223809Z_98_d_e	http://example.org/stkg/subjectEntity	http://example.org/stkg/id/platform_K2BlackPanther
http://example.org/stkg/id/obs_rel_K2BlackPanther_T90_20260205T223809Z_98_d_e	http://example.org/stkg/objectEntity	http://example.org/stkg/id/platform_T90
http://example.org/stkg/id/obs_rel_K2BlackPanther_T90_20260205T223809Z_98_d_e	http://example.org/stkg/relationType	http://example.org/stkg/id/relation_behind_of
http://example.org/stkg/id/obs_rel_K2BlackPanther_T90_20260205T223809Z_98_d_e	http://example.org/stkg/time	"2026-02-05T22:38:09Z"^^<http://www.w3.org/2001/XMLSchema#dateTime>
http://example.org/stkg/id/obs_rel_T90_K2BlackPanther_20260205T223809Z_98_e_d	http://www.w3.org/1999/02/22-rdf-syntax-ns#type	http://example.org/stkg/id/SpatialRelationObservation
http://example.org/stkg/id/obs_rel_T90_K2BlackPanther_20260205T223809Z_98_e_d	http://example.org/stkg/subjectEntity	http://example.org/stkg/id/platform_T90
http://example.org/stkg/id/obs_rel_T90_K2BlackPanther_20260205T223809Z_98_e_d	http://example.org/stkg/objectEntity	http://example.org/stkg/id/platform_K2BlackPanther
http://example.org/stkg/id/obs_rel_T90_K2BlackPanther_20260205T223809Z_98_e_d	http://example.org/stkg/relationType	http://example.org/stkg/id/relation_ahead_of
http://example.org/stkg/id/obs_rel_T90_K2BlackPanther_20260205T223809Z_98_e_d	http://example.org/stkg/time	"2026-02-05T22:38:09Z"^^<http://www.w3.org/2001/XMLSchema#dateTime>
http://example.org/stkg/id/obs_rel_BTR80_T90_20260205T223809Z_98_c_e	http://www.w3.org/1999/02/22-rdf-syntax-ns#type	http://example.org/stkg/id/SpatialRelationObservation
http://example.org/stkg/id/obs_rel_BTR80_T90_20260205T223809Z_98_c_e	http://example.org/stkg/subjectEntity	http://example.org/stkg/id/platform_BTR80
http://example.org/stkg/id/obs_rel_BTR80_T90_20260205T223809Z_98_c_e	http://example.org/stkg/objectEntity	http://example.org/stkg/id/platform_T90
http://example.org/stkg/id/obs_rel_BTR80_T90_20260205T223809Z_98_c_e	http://example.org/stkg/relationType	http://example.org/stkg/id/relation_behind_of
http://example.org/stkg/id/obs_rel_BTR80_T90_20260205T223809Z_98_c_e	http://example.org/stkg/time	"2026-02-05T22:38:09Z"^^<http://www.w3.org/2001/XMLSchema#dateTime>
http://example.org/stkg/id/obs_rel_T90_BTR80_20260205T223809Z_98_e_c	http://www.w3.org/1999/02/22-rdf-syntax-ns#type	http://example.org/stkg/id/SpatialRelationObservation
http://example.org/stkg/id/obs_rel_T90_BTR80_20260205T223809Z_98_e_c	http://example.org/stkg/subjectEntity	http://example.org/stkg/id/platform_T90
http://example.org/stkg/id/obs_rel_T90_BTR80_20260205T223809Z_98_e_c	http://example.org/stkg/objectEntity	http://example.org/stkg/id/platform_BTR80
http://example.org/stkg/id/obs_rel_T90_BTR80_20260205T223809Z_98_e_c	http://example.org/stkg/relationType	http://example.org/stkg/id/relation_ahead_of
http://example.org/stkg/id/obs_rel_T90_BTR80_20260205T223809Z_98_e_c	http://example.org/stkg/time	"2026-02-05T22:38:09Z"^^<http://www.w3.org/2001/XMLSchema#dateTime>
http://example.org/stkg/id/obs_rel_BTR80_K2BlackPanther_20260205T223810Z_99_c_d	http://www.w3.org/1999/02/22-rdf-syntax-ns#type	http://example.org/stkg/id/SpatialRelationObservation
http://example.org/stkg/id/obs_rel_BTR80_K2BlackPanther_20260205T223810Z_99_c_d	http://example.org/stkg/subjectEntity	http://example.org/stkg/id/platform_BTR80
http://example.org/stkg/id/obs_rel_BTR80_K2BlackPanther_20260205T223810Z_99_c_d	http://example.org/stkg/objectEntity	http://example.org/stkg/id/platform_K2BlackPanther
http://example.org/stkg/id/obs_rel_BTR80_K2BlackPanther_20260205T223810Z_99_c_d	http://example.org/stkg/relationType	http://example.org/stkg/id/relation_behind_of
http://example.org/stkg/id/obs_rel_BTR80_K2BlackPanther_20260205T223810Z_99_c_d	http://example.org/stkg/time	"2026-02-05T22:38:10Z"^^<http://www.w3.org/2001/XMLSchema#dateTime>
http://example.org/stkg/id/obs_rel_K2BlackPanther_BTR80_20260205T223810Z_99_d_c	http://www.w3.org/1999/02/22-rdf-syntax-ns#type	http://example.org/stkg/id/SpatialRelationObservation
http://example.org/stkg/id/obs_rel_K2BlackPanther_BTR80_20260205T223810Z_99_d_c	http://example.org/stkg/subjectEntity	http://example.org/stkg/id/platform_K2BlackPanther
http://example.org/stkg/id/obs_rel_K2BlackPanther_BTR80_20260205T223810Z_99_d_c	http://example.org/stkg/objectEntity	http://example.org/stkg/id/platform_BTR80
http://example.org/stkg/id/obs_rel_K2BlackPanther_BTR80_20260205T223810Z_99_d_c	http://example.org/stkg/relationType	http://example.org/stkg/id/relation_ahead_of
http://example.org/stkg/id/obs_rel_K2BlackPanther_BTR80_20260205T223810Z_99_d_c	http://example.org/stkg/time	"2026-02-05T22:38:10Z"^^<http://www.w3.org/2001/XMLSchema#dateTime>
http://example.org/stkg/id/obs_rel_K2BlackPanther_T90_20260205T223810Z_99_d_e	http://www.w3.org/1999/02/22-rdf-syntax-ns#type	http://example.org/stkg/id/SpatialRelationObservation
http://example.org/stkg/id/obs_rel_K2BlackPanther_T90_20260205T223810Z_99_d_e	http://example.org/stkg/subjectEntity	http://example.org/stkg/id/platform_K2BlackPanther
http://example.org/stkg/id/obs_rel_K2BlackPanther_T90_20260205T223810Z_99_d_e	http://example.org/stkg/objectEntity	http://example.org/stkg/id/platform_T90
http://example.org/stkg/id/obs_rel_K2BlackPanther_T90_20260205T223810Z_99_d_e	http://example.org/stkg/relationType	http://example.org/stkg/id/relation_behind_of
http://example.org/stkg/id/obs_rel_K2BlackPanther_T90_20260205T223810Z_99_d_e	http://example.org/stkg/time	"2026-02-05T22:38:10Z"^^<http://www.w3.org/2001/XMLSchema#dateTime>
http://example.org/stkg/id/obs_rel_T90_K2BlackPanther_20260205T223810Z_99_e_d	http://www.w3.org/1999/02/22-rdf-syntax-ns#type	http://example.org/stkg/id/SpatialRelationObservation
http://example.org/stkg/id/obs_rel_T90_K2BlackPanther_20260205T223810Z_99_e_d	http://example.org/stkg/subjectEntity	http://example.org/stkg/id/platform_T90
http://example.org/stkg/id/obs_rel_T90_K2BlackPanther_20260205T223810Z_99_e_d	http://example.org/stkg/objectEntity	http://example.org/stkg/id/platform_K2BlackPanther
http://example.org/stkg/id/obs_rel_T90_K2BlackPanther_20260205T223810Z_99_e_d	http://example.org/stkg/relationType	http://example.org/stkg/id/relation_ahead_of
http://example.org/stkg/id/obs_rel_T90_K2BlackPanther_20260205T223810Z_99_e_d	http://example.org/stkg/time	"2026-02-05T22:38:10Z"^^<http://www.w3.org/2001/XMLSchema#dateTime>
http://example.org/stkg/id/obs_rel_BTR80_T90_20260205T223810Z_99_c_e	http://www.w3.org/1999/02/22-rdf-syntax-ns#type	http://example.org/stkg/id/SpatialRelationObservation
http://example.org/stkg/id/obs_rel_BTR80_T90_20260205T223810Z_99_c_e	http://example.org/stkg/subjectEntity	http://example.org/stkg/id/platform_BTR80
http://example.org/stkg/id/obs_rel_BTR80_T90_20260205T223810Z_99_c_e	http://example.org/stkg/objectEntity	http://example.org/stkg/id/platform_T90
http://example.org/stkg/id/obs_rel_BTR80_T90_20260205T223810Z_99_c_e	http://example.org/stkg/relationType	http://example.org/stkg/id/relation_behind_of
http://example.org/stkg/id/obs_rel_BTR80_T90_20260205T223810Z_99_c_e	http://example.org/stkg/time	"2026-02-05T22:38:10Z"^^<http://www.w3.org/2001/XMLSchema#dateTime>
http://example.org/stkg/id/obs_rel_T90_BTR80_20260205T223810Z_99_e_c	http://www.w3.org/1999/02/22-rdf-syntax-ns#type	http://example.org/stkg/id/SpatialRelationObservation
http://example.org/stkg/id/obs_rel_T90_BTR80_20260205T223810Z_99_e_c	http://example.org/stkg/subjectEntity	http://example.org/stkg/id/platform_T90
http://example.org/stkg/id/obs_rel_T90_BTR80_20260205T223810Z_99_e_c	http://example.org/stkg/objectEntity	http://example.org/stkg/id/platform_BTR80
http://example.org/stkg/id/obs_rel_T90_BTR80_20260205T223810Z_99_e_c	http://example.org/stkg/relationType	http://example.org/stkg/id/relation_ahead_of
http://example.org/stkg/id/obs_rel_T90_BTR80_20260205T223810Z_99_e_c	http://example.org/stkg/time	"2026-02-05T22:38:10Z"^^<http://www.w3.org/2001/XMLSchema#dateTime>
http://example.org/stkg/id/obs_rel_BTR80_K2BlackPanther_20260205T223811Z_100_c_d	http://www.w3.org/1999/02/22-rdf-syntax-ns#type	http://example.org/stkg/id/SpatialRelationObservation
http://example.org/stkg/id/obs_rel_BTR80_K2BlackPanther_20260205T223811Z_100_c_d	http://example.org/stkg/subjectEntity	http://example.org/stkg/id/platform_BTR80
http://example.org/stkg/id/obs_rel_BTR80_K2BlackPanther_20260205T223811Z_100_c_d	http://example.org/stkg/objectEntity	http://example.org/stkg/id/platform_K2BlackPanther
http://example.org/stkg/id/obs_rel_BTR80_K2BlackPanther_20260205T223811Z_100_c_d	http://example.org/stkg/relationType	http://example.org/stkg/id/relation_behind_of
http://example.org/stkg/id/obs_rel_BTR80_K2BlackPanther_20260205T223811Z_100_c_d	http://example.org/stkg/time	"2026-02-05T22:38:11Z"^^<http://www.w3.org/2001/XMLSchema#dateTime>
http://example.org/stkg/id/obs_rel_K2BlackPanther_BTR80_20260205T223811Z_100_d_c	http://www.w3.org/1999/02/22-rdf-syntax-ns#type	http://example.org/stkg/id/SpatialRelationObservation
http://example.org/stkg/id/obs_rel_K2BlackPanther_BTR80_20260205T223811Z_100_d_c	http://example.org/stkg/subjectEntity	http://example.org/stkg/id/platform_K2BlackPanther
http://example.org/stkg/id/obs_rel_K2BlackPanther_BTR80_20260205T223811Z_100_d_c	http://example.org/stkg/objectEntity	http://example.org/stkg/id/platform_BTR80
http://example.org/stkg/id/obs_rel_K2BlackPanther_BTR80_20260205T223811Z_100_d_c	http://example.org/stkg/relationType	http://example.org/stkg/id/relation_ahead_of
http://example.org/stkg/id/obs_rel_K2BlackPanther_BTR80_20260205T223811Z_100_d_c	http://example.org/stkg/time	"2026-02-05T22:38:11Z"^^<http://www.w3.org/2001/XMLSchema#dateTime>
http://example.org/stkg/id/obs_rel_K2BlackPanther_T90_20260205T223811Z_100_d_e	http://www.w3.org/1999/02/22-rdf-syntax-ns#type	http://example.org/stkg/id/SpatialRelationObservation
http://example.org/stkg/id/obs_rel_K2BlackPanther_T90_20260205T223811Z_100_d_e	http://example.org/stkg/subjectEntity	http://example.org/stkg/id/platform_K2BlackPanther
http://example.org/stkg/id/obs_rel_K2BlackPanther_T90_20260205T223811Z_100_d_e	http://example.org/stkg/objectEntity	http://example.org/stkg/id/platform_T90
http://example.org/stkg/id/obs_rel_K2BlackPanther_T90_20260205T223811Z_100_d_e	http://example.org/stkg/relationType	http://example.org/stkg/id/relation_behind_of
http://example.org/stkg/id/obs_rel_K2BlackPanther_T90_20260205T223811Z_100_d_e	http://example.org/stkg/time	"2026-02-05T22:38:11Z"^^<http://www.w3.org/2001/XMLSchema#dateTime>
http://example.org/stkg/id/obs_rel_T90_K2BlackPanther_20260205T223811Z_100_e_d	http://www.w3.org/1999/02/22-rdf-syntax-ns#type	http://example.org/stkg/id/SpatialRelationObservation
http://example.org/stkg/id/obs_rel_T90_K2BlackPanther_20260205T223811Z_100_e_d	http://example.org/stkg/subjectEntity	http://example.org/stkg/id/platform_T90
http://example.org/stkg/id/obs_rel_T90_K2BlackPanther_20260205T223811Z_100_e_d	http://example.org/stkg/objectEntity	http://example.org/stkg/id/platform_K2BlackPanther
http://example.org/stkg/id/obs_rel_T90_K2BlackPanther_20260205T223811Z_100_e_d	http://example.org/stkg/relationType	http://example.org/stkg/id/relation_ahead_of
http://example.org/stkg/id/obs_rel_T90_K2BlackPanther_20260205T223811Z_100_e_d	http://example.org/stkg/time	"2026-02-05T22:38:11Z"^^<http://www.w3.org/2001/XMLSchema#dateTime>
http://example.org/stkg/id/obs_rel_BTR80_T90_20260205T223811Z_100_c_e	http://www.w3.org/1999/02/22-rdf-syntax-ns#type	http://example.org/stkg/id/SpatialRelationObservation
http://example.org/stkg/id/obs_rel_BTR80_T90_20260205T223811Z_100_c_e	http://example.org/stkg/subjectEntity	http://example.org/stkg/id/platform_BTR80
http://example.org/stkg/id/obs_rel_BTR80_T90_20260205T223811Z_100_c_e	http://example.org/stkg/objectEntity	http://example.org/stkg/id/platform_T90
http://example.org/stkg/id/obs_rel_BTR80_T90_20260205T223811Z_100_c_e	http://example.org/stkg/relationType	http://example.org/stkg/id/relation_behind_of
http://example.org/stkg/id/obs_rel_BTR80_T90_20260205T223811Z_100_c_e	http://example.org/stkg/time	"2026-02-05T22:38:11Z"^^<http://www.w3.org/2001/XMLSchema#dateTime>
http://example.org/stkg/id/obs_rel_T90_BTR80_20260205T223811Z_100_e_c	http://www.w3.org/1999/02/22-rdf-syntax-ns#type	http://example.org/stkg/id/SpatialRelationObservation
http://example.org/stkg/id/obs_rel_T90_BTR80_20260205T223811Z_100_e_c	http://example.org/stkg/subjectEntity	http://example.org/stkg/id/platform_T90
http://example.org/stkg/id/obs_rel_T90_BTR80_20260205T223811Z_100_e_c	http://example.org/stkg/objectEntity	http://example.org/stkg/id/platform_BTR80
http://example.org/stkg/id/obs_rel_T90_BTR80_20260205T223811Z_100_e_c	http://example.org/stkg/relationType	http://example.org/stkg/id/relation_ahead_of
http://example.org/stkg/id/obs_rel_T90_BTR80_20260205T223811Z_100_e_c	http://example.org/stkg/time	"2026-02-05T22:38:11Z"^^<http://www.w3.org/2001/XMLSchema#dateTime>
http://example.org/stkg/id/obs_rel_BTR80_K2BlackPanther_20260205T223812Z_101_c_d	http://www.w3.org/1999/02/22-rdf-syntax-ns#type	http://example.org/stkg/id/SpatialRelationObservation
http://example.org/stkg/id/obs_rel_BTR80_K2BlackPanther_20260205T223812Z_101_c_d	http://example.org/stkg/subjectEntity	http://example.org/stkg/id/platform_BTR80
http://example.org/stkg/id/obs_rel_BTR80_K2BlackPanther_20260205T223812Z_101_c_d	http://example.org/stkg/objectEntity	http://example.org/stkg/id/platform_K2BlackPanther
http://example.org/stkg/id/obs_rel_BTR80_K2BlackPanther_20260205T223812Z_101_c_d	http://example.org/stkg/relationType	http://example.org/stkg/id/relation_behind_of
http://example.org/stkg/id/obs_rel_BTR80_K2BlackPanther_20260205T223812Z_101_c_d	http://example.org/stkg/time	"2026-02-05T22:38:12Z"^^<http://www.w3.org/2001/XMLSchema#dateTime>
http://example.org/stkg/id/obs_rel_K2BlackPanther_BTR80_20260205T223812Z_101_d_c	http://www.w3.org/1999/02/22-rdf-syntax-ns#type	http://example.org/stkg/id/SpatialRelationObservation
http://example.org/stkg/id/obs_rel_K2BlackPanther_BTR80_20260205T223812Z_101_d_c	http://example.org/stkg/subjectEntity	http://example.org/stkg/id/platform_K2BlackPanther
http://example.org/stkg/id/obs_rel_K2BlackPanther_BTR80_20260205T223812Z_101_d_c	http://example.org/stkg/objectEntity	http://example.org/stkg/id/platform_BTR80
http://example.org/stkg/id/obs_rel_K2BlackPanther_BTR80_20260205T223812Z_101_d_c	http://example.org/stkg/relationType	http://example.org/stkg/id/relation_ahead_of
http://example.org/stkg/id/obs_rel_K2BlackPanther_BTR80_20260205T223812Z_101_d_c	http://example.org/stkg/time	"2026-02-05T22:38:12Z"^^<http://www.w3.org/2001/XMLSchema#dateTime>
http://example.org/stkg/id/obs_rel_K2BlackPanther_T90_20260205T223812Z_101_d_e	http://www.w3.org/1999/02/22-rdf-syntax-ns#type	http://example.org/stkg/id/SpatialRelationObservation
http://example.org/stkg/id/obs_rel_K2BlackPanther_T90_20260205T223812Z_101_d_e	http://example.org/stkg/subjectEntity	http://example.org/stkg/id/platform_K2BlackPanther
http://example.org/stkg/id/obs_rel_K2BlackPanther_T90_20260205T223812Z_101_d_e	http://example.org/stkg/objectEntity	http://example.org/stkg/id/platform_T90
http://example.org/stkg/id/obs_rel_K2BlackPanther_T90_20260205T223812Z_101_d_e	http://example.org/stkg/relationType	http://example.org/stkg/id/relation_behind_of
http://example.org/stkg/id/obs_rel_K2BlackPanther_T90_20260205T223812Z_101_d_e	http://example.org/stkg/time	"2026-02-05T22:38:12Z"^^<http://www.w3.org/2001/XMLSchema#dateTime>
http://example.org/stkg/id/obs_rel_T90_K2BlackPanther_20260205T223812Z_101_e_d	http://www.w3.org/1999/02/22-rdf-syntax-ns#type	http://example.org/stkg/id/SpatialRelationObservation
http://example.org/stkg/id/obs_rel_T90_K2BlackPanther_20260205T223812Z_101_e_d	http://example.org/stkg/subjectEntity	http://example.org/stkg/id/platform_T90
http://example.org/stkg/id/obs_rel_T90_K2BlackPanther_20260205T223812Z_101_e_d	http://example.org/stkg/objectEntity	http://example.org/stkg/id/platform_K2BlackPanther
http://example.org/stkg/id/obs_rel_T90_K2BlackPanther_20260205T223812Z_101_e_d	http://example.org/stkg/relationType	http://example.org/stkg/id/relation_ahead_of
http://example.org/stkg/id/obs_rel_T90_K2BlackPanther_20260205T223812Z_101_e_d	http://example.org/stkg/time	"2026-02-05T22:38:12Z"^^<http://www.w3.org/2001/XMLSchema#dateTime>
http://example.org/stkg/id/obs_rel_BTR80_T90_20260205T223812Z_101_c_e	http://www.w3.org/1999/02/22-rdf-syntax-ns#type	http://example.org/stkg/id/SpatialRelationObservation
http://example.org/stkg/id/obs_rel_BTR80_T90_20260205T223812Z_101_c_e	http://example.org/stkg/subjectEntity	http://example.org/stkg/id/platform_BTR80
http://example.org/stkg/id/obs_rel_BTR80_T90_20260205T223812Z_101_c_e	http://example.org/stkg/objectEntity	http://example.org/stkg/id/platform_T90
http://example.org/stkg/id/obs_rel_BTR80_T90_20260205T223812Z_101_c_e	http://example.org/stkg/relationType	http://example.org/stkg/id/relation_behind_of
http://example.org/stkg/id/obs_rel_BTR80_T90_20260205T223812Z_101_c_e	http://example.org/stkg/time	"2026-02-05T22:38:12Z"^^<http://www.w3.org/2001/XMLSchema#dateTime>
http://example.org/stkg/id/obs_rel_T90_BTR80_20260205T223812Z_101_e_c	http://www.w3.org/1999/02/22-rdf-syntax-ns#type	http://example.org/stkg/id/SpatialRelationObservation
http://example.org/stkg/id/obs_rel_T90_BTR80_20260205T223812Z_101_e_c	http://example.org/stkg/subjectEntity	http://example.org/stkg/id/platform_T90
http://example.org/stkg/id/obs_rel_T90_BTR80_20260205T223812Z_101_e_c	http://example.org/stkg/objectEntity	http://example.org/stkg/id/platform_BTR80
http://example.org/stkg/id/obs_rel_T90_BTR80_20260205T223812Z_101_e_c	http://example.org/stkg/relationType	http://example.org/stkg/id/relation_ahead_of
http://example.org/stkg/id/obs_rel_T90_BTR80_20260205T223812Z_101_e_c	http://example.org/stkg/time	"2026-02-05T22:38:12Z"^^<http://www.w3.org/2001/XMLSchema#dateTime>
http://example.org/stkg/id/obs_rel_BTR80_K2BlackPanther_20260205T223813Z_102_c_d	http://www.w3.org/1999/02/22-rdf-syntax-ns#type	http://example.org/stkg/id/SpatialRelationObservation
http://example.org/stkg/id/obs_rel_BTR80_K2BlackPanther_20260205T223813Z_102_c_d	http://example.org/stkg/subjectEntity	http://example.org/stkg/id/platform_BTR80
http://example.org/stkg/id/obs_rel_BTR80_K2BlackPanther_20260205T223813Z_102_c_d	http://example.org/stkg/objectEntity	http://example.org/stkg/id/platform_K2BlackPanther
http://example.org/stkg/id/obs_rel_BTR80_K2BlackPanther_20260205T223813Z_102_c_d	http://example.org/stkg/relationType	http://example.org/stkg/id/relation_behind_of
http://example.org/stkg/id/obs_rel_BTR80_K2BlackPanther_20260205T223813Z_102_c_d	http://example.org/stkg/time	"2026-02-05T22:38:13Z"^^<http://www.w3.org/2001/XMLSchema#dateTime>
http://example.org/stkg/id/obs_rel_K2BlackPanther_BTR80_20260205T223813Z_102_d_c	http://www.w3.org/1999/02/22-rdf-syntax-ns#type	http://example.org/stkg/id/SpatialRelationObservation
http://example.org/stkg/id/obs_rel_K2BlackPanther_BTR80_20260205T223813Z_102_d_c	http://example.org/stkg/subjectEntity	http://example.org/stkg/id/platform_K2BlackPanther
http://example.org/stkg/id/obs_rel_K2BlackPanther_BTR80_20260205T223813Z_102_d_c	http://example.org/stkg/objectEntity	http://example.org/stkg/id/platform_BTR80
http://example.org/stkg/id/obs_rel_K2BlackPanther_BTR80_20260205T223813Z_102_d_c	http://example.org/stkg/relationType	http://example.org/stkg/id/relation_ahead_of
http://example.org/stkg/id/obs_rel_K2BlackPanther_BTR80_20260205T223813Z_102_d_c	http://example.org/stkg/time	"2026-02-05T22:38:13Z"^^<http://www.w3.org/2001/XMLSchema#dateTime>
http://example.org/stkg/id/obs_rel_K2BlackPanther_T90_20260205T223813Z_102_d_e	http://www.w3.org/1999/02/22-rdf-syntax-ns#type	http://example.org/stkg/id/SpatialRelationObservation
http://example.org/stkg/id/obs_rel_K2BlackPanther_T90_20260205T223813Z_102_d_e	http://example.org/stkg/subjectEntity	http://example.org/stkg/id/platform_K2BlackPanther
http://example.org/stkg/id/obs_rel_K2BlackPanther_T90_20260205T223813Z_102_d_e	http://example.org/stkg/objectEntity	http://example.org/stkg/id/platform_T90
http://example.org/stkg/id/obs_rel_K2BlackPanther_T90_20260205T223813Z_102_d_e	http://example.org/stkg/relationType	http://example.org/stkg/id/relation_behind_of
http://example.org/stkg/id/obs_rel_K2BlackPanther_T90_20260205T223813Z_102_d_e	http://example.org/stkg/time	"2026-02-05T22:38:13Z"^^<http://www.w3.org/2001/XMLSchema#dateTime>
http://example.org/stkg/id/obs_rel_T90_K2BlackPanther_20260205T223813Z_102_e_d	http://www.w3.org/1999/02/22-rdf-syntax-ns#type	http://example.org/stkg/id/SpatialRelationObservation
http://example.org/stkg/id/obs_rel_T90_K2BlackPanther_20260205T223813Z_102_e_d	http://example.org/stkg/subjectEntity	http://example.org/stkg/id/platform_T90
http://example.org/stkg/id/obs_rel_T90_K2BlackPanther_20260205T223813Z_102_e_d	http://example.org/stkg/objectEntity	http://example.org/stkg/id/platform_K2BlackPanther
http://example.org/stkg/id/obs_rel_T90_K2BlackPanther_20260205T223813Z_102_e_d	http://example.org/stkg/relationType	http://example.org/stkg/id/relation_ahead_of
http://example.org/stkg/id/obs_rel_T90_K2BlackPanther_20260205T223813Z_102_e_d	http://example.org/stkg/time	"2026-02-05T22:38:13Z"^^<http://www.w3.org/2001/XMLSchema#dateTime>
http://example.org/stkg/id/obs_rel_BTR80_T90_20260205T223813Z_102_c_e	http://www.w3.org/1999/02/22-rdf-syntax-ns#type	http://example.org/stkg/id/SpatialRelationObservation
http://example.org/stkg/id/obs_rel_BTR80_T90_20260205T223813Z_102_c_e	http://example.org/stkg/subjectEntity	http://example.org/stkg/id/platform_BTR80
http://example.org/stkg/id/obs_rel_BTR80_T90_20260205T223813Z_102_c_e	http://example.org/stkg/objectEntity	http://example.org/stkg/id/platform_T90
http://example.org/stkg/id/obs_rel_BTR80_T90_20260205T223813Z_102_c_e	http://example.org/stkg/relationType	http://example.org/stkg/id/relation_behind_of
http://example.org/stkg/id/obs_rel_BTR80_T90_20260205T223813Z_102_c_e	http://example.org/stkg/time	"2026-02-05T22:38:13Z"^^<http://www.w3.org/2001/XMLSchema#dateTime>
http://example.org/stkg/id/obs_rel_T90_BTR80_20260205T223813Z_102_e_c	http://www.w3.org/1999/02/22-rdf-syntax-ns#type	http://example.org/stkg/id/SpatialRelationObservation
http://example.org/stkg/id/obs_rel_T90_BTR80_20260205T223813Z_102_e_c	http://example.org/stkg/subjectEntity	http://example.org/stkg/id/platform_T90
http://example.org/stkg/id/obs_rel_T90_BTR80_20260205T223813Z_102_e_c	http://example.org/stkg/objectEntity	http://example.org/stkg/id/platform_BTR80
http://example.org/stkg/id/obs_rel_T90_BTR80_20260205T223813Z_102_e_c	http://example.org/stkg/relationType	http://example.org/stkg/id/relation_ahead_of
http://example.org/stkg/id/obs_rel_T90_BTR80_20260205T223813Z_102_e_c	http://example.org/stkg/time	"2026-02-05T22:38:13Z"^^<http://www.w3.org/2001/XMLSchema#dateTime>
http://example.org/stkg/id/obs_rel_BTR80_K2BlackPanther_20260205T223814Z_103_c_d	http://www.w3.org/1999/02/22-rdf-syntax-ns#type	http://example.org/stkg/id/SpatialRelationObservation
http://example.org/stkg/id/obs_rel_BTR80_K2BlackPanther_20260205T223814Z_103_c_d	http://example.org/stkg/subjectEntity	http://example.org/stkg/id/platform_BTR80
http://example.org/stkg/id/obs_rel_BTR80_K2BlackPanther_20260205T223814Z_103_c_d	http://example.org/stkg/objectEntity	http://example.org/stkg/id/platform_K2BlackPanther
http://example.org/stkg/id/obs_rel_BTR80_K2BlackPanther_20260205T223814Z_103_c_d	http://example.org/stkg/relationType	http://example.org/stkg/id/relation_behind_of
http://example.org/stkg/id/obs_rel_BTR80_K2BlackPanther_20260205T223814Z_103_c_d	http://example.org/stkg/time	"2026-02-05T22:38:14Z"^^<http://www.w3.org/2001/XMLSchema#dateTime>
http://example.org/stkg/id/obs_rel_K2BlackPanther_BTR80_20260205T223814Z_103_d_c	http://www.w3.org/1999/02/22-rdf-syntax-ns#type	http://example.org/stkg/id/SpatialRelationObservation
http://example.org/stkg/id/obs_rel_K2BlackPanther_BTR80_20260205T223814Z_103_d_c	http://example.org/stkg/subjectEntity	http://example.org/stkg/id/platform_K2BlackPanther
http://example.org/stkg/id/obs_rel_K2BlackPanther_BTR80_20260205T223814Z_103_d_c	http://example.org/stkg/objectEntity	http://example.org/stkg/id/platform_BTR80
http://example.org/stkg/id/obs_rel_K2BlackPanther_BTR80_20260205T223814Z_103_d_c	http://example.org/stkg/relationType	http://example.org/stkg/id/relation_ahead_of
http://example.org/stkg/id/obs_rel_K2BlackPanther_BTR80_20260205T223814Z_103_d_c	http://example.org/stkg/time	"2026-02-05T22:38:14Z"^^<http://www.w3.org/2001/XMLSchema#dateTime>
http://example.org/stkg/id/obs_rel_K2BlackPanther_T90_20260205T223814Z_103_d_e	http://www.w3.org/1999/02/22-rdf-syntax-ns#type	http://example.org/stkg/id/SpatialRelationObservation
http://example.org/stkg/id/obs_rel_K2BlackPanther_T90_20260205T223814Z_103_d_e	http://example.org/stkg/subjectEntity	http://example.org/stkg/id/platform_K2BlackPanther
http://example.org/stkg/id/obs_rel_K2BlackPanther_T90_20260205T223814Z_103_d_e	http://example.org/stkg/objectEntity	http://example.org/stkg/id/platform_T90
http://example.org/stkg/id/obs_rel_K2BlackPanther_T90_20260205T223814Z_103_d_e	http://example.org/stkg/relationType	http://example.org/stkg/id/relation_behind_of
http://example.org/stkg/id/obs_rel_K2BlackPanther_T90_20260205T223814Z_103_d_e	http://example.org/stkg/time	"2026-02-05T22:38:14Z"^^<http://www.w3.org/2001/XMLSchema#dateTime>
http://example.org/stkg/id/obs_rel_T90_K2BlackPanther_20260205T223814Z_103_e_d	http://www.w3.org/1999/02/22-rdf-syntax-ns#type	http://example.org/stkg/id/SpatialRelationObservation
http://example.org/stkg/id/obs_rel_T90_K2BlackPanther_20260205T223814Z_103_e_d	http://example.org/stkg/subjectEntity	http://example.org/stkg/id/platform_T90
http://example.org/stkg/id/obs_rel_T90_K2BlackPanther_20260205T223814Z_103_e_d	http://example.org/stkg/objectEntity	http://example.org/stkg/id/platform_K2BlackPanther
http://example.org/stkg/id/obs_rel_T90_K2BlackPanther_20260205T223814Z_103_e_d	http://example.org/stkg/relationType	http://example.org/stkg/id/relation_ahead_of
http://example.org/stkg/id/obs_rel_T90_K2BlackPanther_20260205T223814Z_103_e_d	http://example.org/stkg/time	"2026-02-05T22:38:14Z"^^<http://www.w3.org/2001/XMLSchema#dateTime>
http://example.org/stkg/id/obs_rel_BTR80_T90_20260205T223814Z_103_c_e	http://www.w3.org/1999/02/22-rdf-syntax-ns#type	http://example.org/stkg/id/SpatialRelationObservation
http://example.org/stkg/id/obs_rel_BTR80_T90_20260205T223814Z_103_c_e	http://example.org/stkg/subjectEntity	http://example.org/stkg/id/platform_BTR80
http://example.org/stkg/id/obs_rel_BTR80_T90_20260205T223814Z_103_c_e	http://example.org/stkg/objectEntity	http://example.org/stkg/id/platform_T90
http://example.org/stkg/id/obs_rel_BTR80_T90_20260205T223814Z_103_c_e	http://example.org/stkg/relationType	http://example.org/stkg/id/relation_behind_of
http://example.org/stkg/id/obs_rel_BTR80_T90_20260205T223814Z_103_c_e	http://example.org/stkg/time	"2026-02-05T22:38:14Z"^^<http://www.w3.org/2001/XMLSchema#dateTime>
http://example.org/stkg/id/obs_rel_T90_BTR80_20260205T223814Z_103_e_c	http://www.w3.org/1999/02/22-rdf-syntax-ns#type	http://example.org/stkg/id/SpatialRelationObservation
http://example.org/stkg/id/obs_rel_T90_BTR80_20260205T223814Z_103_e_c	http://example.org/stkg/subjectEntity	http://example.org/stkg/id/platform_T90
http://example.org/stkg/id/obs_rel_T90_BTR80_20260205T223814Z_103_e_c	http://example.org/stkg/objectEntity	http://example.org/stkg/id/platform_BTR80
http://example.org/stkg/id/obs_rel_T90_BTR80_20260205T223814Z_103_e_c	http://example.org/stkg/relationType	http://example.org/stkg/id/relation_ahead_of
http://example.org/stkg/id/obs_rel_T90_BTR80_20260205T223814Z_103_e_c	http://example.org/stkg/time	"2026-02-05T22:38:14Z"^^<http://www.w3.org/2001/XMLSchema#dateTime>
http://example.org/stkg/id/obs_rel_BTR80_K2BlackPanther_20260205T223815Z_104_c_d	http://www.w3.org/1999/02/22-rdf-syntax-ns#type	http://example.org/stkg/id/SpatialRelationObservation
http://example.org/stkg/id/obs_rel_BTR80_K2BlackPanther_20260205T223815Z_104_c_d	http://example.org/stkg/subjectEntity	http://example.org/stkg/id/platform_BTR80
http://example.org/stkg/id/obs_rel_BTR80_K2BlackPanther_20260205T223815Z_104_c_d	http://example.org/stkg/objectEntity	http://example.org/stkg/id/platform_K2BlackPanther
http://example.org/stkg/id/obs_rel_BTR80_K2BlackPanther_20260205T223815Z_104_c_d	http://example.org/stkg/relationType	http://example.org/stkg/id/relation_behind_of
http://example.org/stkg/id/obs_rel_BTR80_K2BlackPanther_20260205T223815Z_104_c_d	http://example.org/stkg/time	"2026-02-05T22:38:15Z"^^<http://www.w3.org/2001/XMLSchema#dateTime>
http://example.org/stkg/id/obs_rel_K2BlackPanther_BTR80_20260205T223815Z_104_d_c	http://www.w3.org/1999/02/22-rdf-syntax-ns#type	http://example.org/stkg/id/SpatialRelationObservation
http://example.org/stkg/id/obs_rel_K2BlackPanther_BTR80_20260205T223815Z_104_d_c	http://example.org/stkg/subjectEntity	http://example.org/stkg/id/platform_K2BlackPanther
http://example.org/stkg/id/obs_rel_K2BlackPanther_BTR80_20260205T223815Z_104_d_c	http://example.org/stkg/objectEntity	http://example.org/stkg/id/platform_BTR80
http://example.org/stkg/id/obs_rel_K2BlackPanther_BTR80_20260205T223815Z_104_d_c	http://example.org/stkg/relationType	http://example.org/stkg/id/relation_ahead_of
http://example.org/stkg/id/obs_rel_K2BlackPanther_BTR80_20260205T223815Z_104_d_c	http://example.org/stkg/time	"2026-02-05T22:38:15Z"^^<http://www.w3.org/2001/XMLSchema#dateTime>
http://example.org/stkg/id/obs_rel_K2BlackPanther_T90_20260205T223815Z_104_d_e	http://www.w3.org/1999/02/22-rdf-syntax-ns#type	http://example.org/stkg/id/SpatialRelationObservation
http://example.org/stkg/id/obs_rel_K2BlackPanther_T90_20260205T223815Z_104_d_e	http://example.org/stkg/subjectEntity	http://example.org/stkg/id/platform_K2BlackPanther
http://example.org/stkg/id/obs_rel_K2BlackPanther_T90_20260205T223815Z_104_d_e	http://example.org/stkg/objectEntity	http://example.org/stkg/id/platform_T90
http://example.org/stkg/id/obs_rel_K2BlackPanther_T90_20260205T223815Z_104_d_e	http://example.org/stkg/relationType	http://example.org/stkg/id/relation_behind_of
http://example.org/stkg/id/obs_rel_K2BlackPanther_T90_20260205T223815Z_104_d_e	http://example.org/stkg/time	"2026-02-05T22:38:15Z"^^<http://www.w3.org/2001/XMLSchema#dateTime>
http://example.org/stkg/id/obs_rel_T90_K2BlackPanther_20260205T223815Z_104_e_d	http://www.w3.org/1999/02/22-rdf-syntax-ns#type	http://example.org/stkg/id/SpatialRelationObservation
http://example.org/stkg/id/obs_rel_T90_K2BlackPanther_20260205T223815Z_104_e_d	http://example.org/stkg/subjectEntity	http://example.org/stkg/id/platform_T90
http://example.org/stkg/id/obs_rel_T90_K2BlackPanther_20260205T223815Z_104_e_d	http://example.org/stkg/objectEntity	http://example.org/stkg/id/platform_K2BlackPanther
http://example.org/stkg/id/obs_rel_T90_K2BlackPanther_20260205T223815Z_104_e_d	http://example.org/stkg/relationType	http://example.org/stkg/id/relation_ahead_of
http://example.org/stkg/id/obs_rel_T90_K2BlackPanther_20260205T223815Z_104_e_d	http://example.org/stkg/time	"2026-02-05T22:38:15Z"^^<http://www.w3.org/2001/XMLSchema#dateTime>
http://example.org/stkg/id/obs_rel_BTR80_T90_20260205T223815Z_104_c_e	http://www.w3.org/1999/02/22-rdf-syntax-ns#type	http://example.org/stkg/id/SpatialRelationObservation
http://example.org/stkg/id/obs_rel_BTR80_T90_20260205T223815Z_104_c_e	http://example.org/stkg/subjectEntity	http://example.org/stkg/id/platform_BTR80
http://example.org/stkg/id/obs_rel_BTR80_T90_20260205T223815Z_104_c_e	http://example.org/stkg/objectEntity	http://example.org/stkg/id/platform_T90
http://example.org/stkg/id/obs_rel_BTR80_T90_20260205T223815Z_104_c_e	http://example.org/stkg/relationType	http://example.org/stkg/id/relation_behind_of
http://example.org/stkg/id/obs_rel_BTR80_T90_20260205T223815Z_104_c_e	http://example.org/stkg/time	"2026-02-05T22:38:15Z"^^<http://www.w3.org/2001/XMLSchema#dateTime>
http://example.org/stkg/id/obs_rel_T90_BTR80_20260205T223815Z_104_e_c	http://www.w3.org/1999/02/22-rdf-syntax-ns#type	http://example.org/stkg/id/SpatialRelationObservation
http://example.org/stkg/id/obs_rel_T90_BTR80_20260205T223815Z_104_e_c	http://example.org/stkg/subjectEntity	http://example.org/stkg/id/platform_T90
http://example.org/stkg/id/obs_rel_T90_BTR80_20260205T223815Z_104_e_c	http://example.org/stkg/objectEntity	http://example.org/stkg/id/platform_BTR80
http://example.org/stkg/id/obs_rel_T90_BTR80_20260205T223815Z_104_e_c	http://example.org/stkg/relationType	http://example.org/stkg/id/relation_ahead_of
http://example.org/stkg/id/obs_rel_T90_BTR80_20260205T223815Z_104_e_c	http://example.org/stkg/time	"2026-02-05T22:38:15Z"^^<http://www.w3.org/2001/XMLSchema#dateTime>
http://example.org/stkg/id/obs_rel_BTR80_K2BlackPanther_20260205T223816Z_105_c_d	http://www.w3.org/1999/02/22-rdf-syntax-ns#type	http://example.org/stkg/id/SpatialRelationObservation
http://example.org/stkg/id/obs_rel_BTR80_K2BlackPanther_20260205T223816Z_105_c_d	http://example.org/stkg/subjectEntity	http://example.org/stkg/id/platform_BTR80
http://example.org/stkg/id/obs_rel_BTR80_K2BlackPanther_20260205T223816Z_105_c_d	http://example.org/stkg/objectEntity	http://example.org/stkg/id/platform_K2BlackPanther
http://example.org/stkg/id/obs_rel_BTR80_K2BlackPanther_20260205T223816Z_105_c_d	http://example.org/stkg/relationType	http://example.org/stkg/id/relation_behind_of
http://example.org/stkg/id/obs_rel_BTR80_K2BlackPanther_20260205T223816Z_105_c_d	http://example.org/stkg/time	"2026-02-05T22:38:16Z"^^<http://www.w3.org/2001/XMLSchema#dateTime>
http://example.org/stkg/id/obs_rel_K2BlackPanther_BTR80_20260205T223816Z_105_d_c	http://www.w3.org/1999/02/22-rdf-syntax-ns#type	http://example.org/stkg/id/SpatialRelationObservation
http://example.org/stkg/id/obs_rel_K2BlackPanther_BTR80_20260205T223816Z_105_d_c	http://example.org/stkg/subjectEntity	http://example.org/stkg/id/platform_K2BlackPanther
http://example.org/stkg/id/obs_rel_K2BlackPanther_BTR80_20260205T223816Z_105_d_c	http://example.org/stkg/objectEntity	http://example.org/stkg/id/platform_BTR80
http://example.org/stkg/id/obs_rel_K2BlackPanther_BTR80_20260205T223816Z_105_d_c	http://example.org/stkg/relationType	http://example.org/stkg/id/relation_ahead_of
http://example.org/stkg/id/obs_rel_K2BlackPanther_BTR80_20260205T223816Z_105_d_c	http://example.org/stkg/time	"2026-02-05T22:38:16Z"^^<http://www.w3.org/2001/XMLSchema#dateTime>
http://example.org/stkg/id/obs_rel_K2BlackPanther_T90_20260205T223816Z_105_d_e	http://www.w3.org/1999/02/22-rdf-syntax-ns#type	http://example.org/stkg/id/SpatialRelationObservation
http://example.org/stkg/id/obs_rel_K2BlackPanther_T90_20260205T223816Z_105_d_e	http://example.org/stkg/subjectEntity	http://example.org/stkg/id/platform_K2BlackPanther
http://example.org/stkg/id/obs_rel_K2BlackPanther_T90_20260205T223816Z_105_d_e	http://example.org/stkg/objectEntity	http://example.org/stkg/id/platform_T90
http://example.org/stkg/id/obs_rel_K2BlackPanther_T90_20260205T223816Z_105_d_e	http://example.org/stkg/relationType	http://example.org/stkg/id/relation_behind_of
http://example.org/stkg/id/obs_rel_K2BlackPanther_T90_20260205T223816Z_105_d_e	http://example.org/stkg/time	"2026-02-05T22:38:16Z"^^<http://www.w3.org/2001/XMLSchema#dateTime>
http://example.org/stkg/id/obs_rel_T90_K2BlackPanther_20260205T223816Z_105_e_d	http://www.w3.org/1999/02/22-rdf-syntax-ns#type	http://example.org/stkg/id/SpatialRelationObservation
http://example.org/stkg/id/obs_rel_T90_K2BlackPanther_20260205T223816Z_105_e_d	http://example.org/stkg/subjectEntity	http://example.org/stkg/id/platform_T90
http://example.org/stkg/id/obs_rel_T90_K2BlackPanther_20260205T223816Z_105_e_d	http://example.org/stkg/objectEntity	http://example.org/stkg/id/platform_K2BlackPanther
http://example.org/stkg/id/obs_rel_T90_K2BlackPanther_20260205T223816Z_105_e_d	http://example.org/stkg/relationType	http://example.org/stkg/id/relation_ahead_of
http://example.org/stkg/id/obs_rel_T90_K2BlackPanther_20260205T223816Z_105_e_d	http://example.org/stkg/time	"2026-02-05T22:38:16Z"^^<http://www.w3.org/2001/XMLSchema#dateTime>
http://example.org/stkg/id/obs_rel_BTR80_T90_20260205T223816Z_105_c_e	http://www.w3.org/1999/02/22-rdf-syntax-ns#type	http://example.org/stkg/id/SpatialRelationObservation
http://example.org/stkg/id/obs_rel_BTR80_T90_20260205T223816Z_105_c_e	http://example.org/stkg/subjectEntity	http://example.org/stkg/id/platform_BTR80
http://example.org/stkg/id/obs_rel_BTR80_T90_20260205T223816Z_105_c_e	http://example.org/stkg/objectEntity	http://example.org/stkg/id/platform_T90
http://example.org/stkg/id/obs_rel_BTR80_T90_20260205T223816Z_105_c_e	http://example.org/stkg/relationType	http://example.org/stkg/id/relation_behind_of
http://example.org/stkg/id/obs_rel_BTR80_T90_20260205T223816Z_105_c_e	http://example.org/stkg/time	"2026-02-05T22:38:16Z"^^<http://www.w3.org/2001/XMLSchema#dateTime>
http://example.org/stkg/id/obs_rel_T90_BTR80_20260205T223816Z_105_e_c	http://www.w3.org/1999/02/22-rdf-syntax-ns#type	http://example.org/stkg/id/SpatialRelationObservation
http://example.org/stkg/id/obs_rel_T90_BTR80_20260205T223816Z_105_e_c	http://example.org/stkg/subjectEntity	http://example.org/stkg/id/platform_T90
http://example.org/stkg/id/obs_rel_T90_BTR80_20260205T223816Z_105_e_c	http://example.org/stkg/objectEntity	http://example.org/stkg/id/platform_BTR80
http://example.org/stkg/id/obs_rel_T90_BTR80_20260205T223816Z_105_e_c	http://example.org/stkg/relationType	http://example.org/stkg/id/relation_ahead_of
http://example.org/stkg/id/obs_rel_T90_BTR80_20260205T223816Z_105_e_c	http://example.org/stkg/time	"2026-02-05T22:38:16Z"^^<http://www.w3.org/2001/XMLSchema#dateTime>
http://example.org/stkg/id/obs_rel_BTR80_K2BlackPanther_20260205T223817Z_106_c_d	http://www.w3.org/1999/02/22-rdf-syntax-ns#type	http://example.org/stkg/id/SpatialRelationObservation
http://example.org/stkg/id/obs_rel_BTR80_K2BlackPanther_20260205T223817Z_106_c_d	http://example.org/stkg/subjectEntity	http://example.org/stkg/id/platform_BTR80
http://example.org/stkg/id/obs_rel_BTR80_K2BlackPanther_20260205T223817Z_106_c_d	http://example.org/stkg/objectEntity	http://example.org/stkg/id/platform_K2BlackPanther
http://example.org/stkg/id/obs_rel_BTR80_K2BlackPanther_20260205T223817Z_106_c_d	http://example.org/stkg/relationType	http://example.org/stkg/id/relation_behind_of
http://example.org/stkg/id/obs_rel_BTR80_K2BlackPanther_20260205T223817Z_106_c_d	http://example.org/stkg/time	"2026-02-05T22:38:17Z"^^<http://www.w3.org/2001/XMLSchema#dateTime>
http://example.org/stkg/id/obs_rel_K2BlackPanther_BTR80_20260205T223817Z_106_d_c	http://www.w3.org/1999/02/22-rdf-syntax-ns#type	http://example.org/stkg/id/SpatialRelationObservation
http://example.org/stkg/id/obs_rel_K2BlackPanther_BTR80_20260205T223817Z_106_d_c	http://example.org/stkg/subjectEntity	http://example.org/stkg/id/platform_K2BlackPanther
http://example.org/stkg/id/obs_rel_K2BlackPanther_BTR80_20260205T223817Z_106_d_c	http://example.org/stkg/objectEntity	http://example.org/stkg/id/platform_BTR80
http://example.org/stkg/id/obs_rel_K2BlackPanther_BTR80_20260205T223817Z_106_d_c	http://example.org/stkg/relationType	http://example.org/stkg/id/relation_ahead_of
http://example.org/stkg/id/obs_rel_K2BlackPanther_BTR80_20260205T223817Z_106_d_c	http://example.org/stkg/time	"2026-02-05T22:38:17Z"^^<http://www.w3.org/2001/XMLSchema#dateTime>
http://example.org/stkg/id/obs_rel_K2BlackPanther_T90_20260205T223817Z_106_d_e	http://www.w3.org/1999/02/22-rdf-syntax-ns#type	http://example.org/stkg/id/SpatialRelationObservation
http://example.org/stkg/id/obs_rel_K2BlackPanther_T90_20260205T223817Z_106_d_e	http://example.org/stkg/subjectEntity	http://example.org/stkg/id/platform_K2BlackPanther
http://example.org/stkg/id/obs_rel_K2BlackPanther_T90_20260205T223817Z_106_d_e	http://example.org/stkg/objectEntity	http://example.org/stkg/id/platform_T90
http://example.org/stkg/id/obs_rel_K2BlackPanther_T90_20260205T223817Z_106_d_e	http://example.org/stkg/relationType	http://example.org/stkg/id/relation_behind_of
http://example.org/stkg/id/obs_rel_K2BlackPanther_T90_20260205T223817Z_106_d_e	http://example.org/stkg/time	"2026-02-05T22:38:17Z"^^<http://www.w3.org/2001/XMLSchema#dateTime>
http://example.org/stkg/id/obs_rel_T90_K2BlackPanther_20260205T223817Z_106_e_d	http://www.w3.org/1999/02/22-rdf-syntax-ns#type	http://example.org/stkg/id/SpatialRelationObservation
http://example.org/stkg/id/obs_rel_T90_K2BlackPanther_20260205T223817Z_106_e_d	http://example.org/stkg/subjectEntity	http://example.org/stkg/id/platform_T90
http://example.org/stkg/id/obs_rel_T90_K2BlackPanther_20260205T223817Z_106_e_d	http://example.org/stkg/objectEntity	http://example.org/stkg/id/platform_K2BlackPanther
http://example.org/stkg/id/obs_rel_T90_K2BlackPanther_20260205T223817Z_106_e_d	http://example.org/stkg/relationType	http://example.org/stkg/id/relation_ahead_of
http://example.org/stkg/id/obs_rel_T90_K2BlackPanther_20260205T223817Z_106_e_d	http://example.org/stkg/time	"2026-02-05T22:38:17Z"^^<http://www.w3.org/2001/XMLSchema#dateTime>
http://example.org/stkg/id/obs_rel_BTR80_T90_20260205T223817Z_106_c_e	http://www.w3.org/1999/02/22-rdf-syntax-ns#type	http://example.org/stkg/id/SpatialRelationObservation
http://example.org/stkg/id/obs_rel_BTR80_T90_20260205T223817Z_106_c_e	http://example.org/stkg/subjectEntity	http://example.org/stkg/id/platform_BTR80
http://example.org/stkg/id/obs_rel_BTR80_T90_20260205T223817Z_106_c_e	http://example.org/stkg/objectEntity	http://example.org/stkg/id/platform_T90
http://example.org/stkg/id/obs_rel_BTR80_T90_20260205T223817Z_106_c_e	http://example.org/stkg/relationType	http://example.org/stkg/id/relation_behind_of
http://example.org/stkg/id/obs_rel_BTR80_T90_20260205T223817Z_106_c_e	http://example.org/stkg/time	"2026-02-05T22:38:17Z"^^<http://www.w3.org/2001/XMLSchema#dateTime>
http://example.org/stkg/id/obs_rel_T90_BTR80_20260205T223817Z_106_e_c	http://www.w3.org/1999/02/22-rdf-syntax-ns#type	http://example.org/stkg/id/SpatialRelationObservation
http://example.org/stkg/id/obs_rel_T90_BTR80_20260205T223817Z_106_e_c	http://example.org/stkg/subjectEntity	http://example.org/stkg/id/platform_T90
http://example.org/stkg/id/obs_rel_T90_BTR80_20260205T223817Z_106_e_c	http://example.org/stkg/objectEntity	http://example.org/stkg/id/platform_BTR80
http://example.org/stkg/id/obs_rel_T90_BTR80_20260205T223817Z_106_e_c	http://example.org/stkg/relationType	http://example.org/stkg/id/relation_ahead_of
http://example.org/stkg/id/obs_rel_T90_BTR80_20260205T223817Z_106_e_c	http://example.org/stkg/time	"2026-02-05T22:38:17Z"^^<http://www.w3.org/2001/XMLSchema#dateTime>
http://example.org/stkg/id/obs_rel_BTR80_K2BlackPanther_20260205T223818Z_107_c_d	http://www.w3.org/1999/02/22-rdf-syntax-ns#type	http://example.org/stkg/id/SpatialRelationObservation
http://example.org/stkg/id/obs_rel_BTR80_K2BlackPanther_20260205T223818Z_107_c_d	http://example.org/stkg/subjectEntity	http://example.org/stkg/id/platform_BTR80
http://example.org/stkg/id/obs_rel_BTR80_K2BlackPanther_20260205T223818Z_107_c_d	http://example.org/stkg/objectEntity	http://example.org/stkg/id/platform_K2BlackPanther
http://example.org/stkg/id/obs_rel_BTR80_K2BlackPanther_20260205T223818Z_107_c_d	http://example.org/stkg/relationType	http://example.org/stkg/id/relation_behind_of
http://example.org/stkg/id/obs_rel_BTR80_K2BlackPanther_20260205T223818Z_107_c_d	http://example.org/stkg/time	"2026-02-05T22:38:18Z"^^<http://www.w3.org/2001/XMLSchema#dateTime>
http://example.org/stkg/id/obs_rel_K2BlackPanther_BTR80_20260205T223818Z_107_d_c	http://www.w3.org/1999/02/22-rdf-syntax-ns#type	http://example.org/stkg/id/SpatialRelationObservation
http://example.org/stkg/id/obs_rel_K2BlackPanther_BTR80_20260205T223818Z_107_d_c	http://example.org/stkg/subjectEntity	http://example.org/stkg/id/platform_K2BlackPanther
http://example.org/stkg/id/obs_rel_K2BlackPanther_BTR80_20260205T223818Z_107_d_c	http://example.org/stkg/objectEntity	http://example.org/stkg/id/platform_BTR80
http://example.org/stkg/id/obs_rel_K2BlackPanther_BTR80_20260205T223818Z_107_d_c	http://example.org/stkg/relationType	http://example.org/stkg/id/relation_ahead_of
http://example.org/stkg/id/obs_rel_K2BlackPanther_BTR80_20260205T223818Z_107_d_c	http://example.org/stkg/time	"2026-02-05T22:38:18Z"^^<http://www.w3.org/2001/XMLSchema#dateTime>
http://example.org/stkg/id/obs_rel_K2BlackPanther_T90_20260205T223818Z_107_d_e	http://www.w3.org/1999/02/22-rdf-syntax-ns#type	http://example.org/stkg/id/SpatialRelationObservation
http://example.org/stkg/id/obs_rel_K2BlackPanther_T90_20260205T223818Z_107_d_e	http://example.org/stkg/subjectEntity	http://example.org/stkg/id/platform_K2BlackPanther
http://example.org/stkg/id/obs_rel_K2BlackPanther_T90_20260205T223818Z_107_d_e	http://example.org/stkg/objectEntity	http://example.org/stkg/id/platform_T90
http://example.org/stkg/id/obs_rel_K2BlackPanther_T90_20260205T223818Z_107_d_e	http://example.org/stkg/relationType	http://example.org/stkg/id/relation_behind_of
http://example.org/stkg/id/obs_rel_K2BlackPanther_T90_20260205T223818Z_107_d_e	http://example.org/stkg/time	"2026-02-05T22:38:18Z"^^<http://www.w3.org/2001/XMLSchema#dateTime>
http://example.org/stkg/id/obs_rel_T90_K2BlackPanther_20260205T223818Z_107_e_d	http://www.w3.org/1999/02/22-rdf-syntax-ns#type	http://example.org/stkg/id/SpatialRelationObservation
http://example.org/stkg/id/obs_rel_T90_K2BlackPanther_20260205T223818Z_107_e_d	http://example.org/stkg/subjectEntity	http://example.org/stkg/id/platform_T90
http://example.org/stkg/id/obs_rel_T90_K2BlackPanther_20260205T223818Z_107_e_d	http://example.org/stkg/objectEntity	http://example.org/stkg/id/platform_K2BlackPanther
http://example.org/stkg/id/obs_rel_T90_K2BlackPanther_20260205T223818Z_107_e_d	http://example.org/stkg/relationType	http://example.org/stkg/id/relation_ahead_of
http://example.org/stkg/id/obs_rel_T90_K2BlackPanther_20260205T223818Z_107_e_d	http://example.org/stkg/time	"2026-02-05T22:38:18Z"^^<http://www.w3.org/2001/XMLSchema#dateTime>
http://example.org/stkg/id/obs_rel_BTR80_T90_20260205T223818Z_107_c_e	http://www.w3.org/1999/02/22-rdf-syntax-ns#type	http://example.org/stkg/id/SpatialRelationObservation
http://example.org/stkg/id/obs_rel_BTR80_T90_20260205T223818Z_107_c_e	http://example.org/stkg/subjectEntity	http://example.org/stkg/id/platform_BTR80
http://example.org/stkg/id/obs_rel_BTR80_T90_20260205T223818Z_107_c_e	http://example.org/stkg/objectEntity	http://example.org/stkg/id/platform_T90
http://example.org/stkg/id/obs_rel_BTR80_T90_20260205T223818Z_107_c_e	http://example.org/stkg/relationType	http://example.org/stkg/id/relation_behind_of
http://example.org/stkg/id/obs_rel_BTR80_T90_20260205T223818Z_107_c_e	http://example.org/stkg/time	"2026-02-05T22:38:18Z"^^<http://www.w3.org/2001/XMLSchema#dateTime>
http://example.org/stkg/id/obs_rel_T90_BTR80_20260205T223818Z_107_e_c	http://www.w3.org/1999/02/22-rdf-syntax-ns#type	http://example.org/stkg/id/SpatialRelationObservation
http://example.org/stkg/id/obs_rel_T90_BTR80_20260205T223818Z_107_e_c	http://example.org/stkg/subjectEntity	http://example.org/stkg/id/platform_T90
http://example.org/stkg/id/obs_rel_T90_BTR80_20260205T223818Z_107_e_c	http://example.org/stkg/objectEntity	http://example.org/stkg/id/platform_BTR80
http://example.org/stkg/id/obs_rel_T90_BTR80_20260205T223818Z_107_e_c	http://example.org/stkg/relationType	http://example.org/stkg/id/relation_ahead_of
http://example.org/stkg/id/obs_rel_T90_BTR80_20260205T223818Z_107_e_c	http://example.org/stkg/time	"2026-02-05T22:38:18Z"^^<http://www.w3.org/2001/XMLSchema#dateTime>
http://example.org/stkg/id/obs_rel_BTR80_K2BlackPanther_20260205T223819Z_108_c_d	http://www.w3.org/1999/02/22-rdf-syntax-ns#type	http://example.org/stkg/id/SpatialRelationObservation
http://example.org/stkg/id/obs_rel_BTR80_K2BlackPanther_20260205T223819Z_108_c_d	http://example.org/stkg/subjectEntity	http://example.org/stkg/id/platform_BTR80
http://example.org/stkg/id/obs_rel_BTR80_K2BlackPanther_20260205T223819Z_108_c_d	http://example.org/stkg/objectEntity	http://example.org/stkg/id/platform_K2BlackPanther
http://example.org/stkg/id/obs_rel_BTR80_K2BlackPanther_20260205T223819Z_108_c_d	http://example.org/stkg/relationType	http://example.org/stkg/id/relation_behind_of
http://example.org/stkg/id/obs_rel_BTR80_K2BlackPanther_20260205T223819Z_108_c_d	http://example.org/stkg/time	"2026-02-05T22:38:19Z"^^<http://www.w3.org/2001/XMLSchema#dateTime>
http://example.org/stkg/id/obs_rel_K2BlackPanther_BTR80_20260205T223819Z_108_d_c	http://www.w3.org/1999/02/22-rdf-syntax-ns#type	http://example.org/stkg/id/SpatialRelationObservation
http://example.org/stkg/id/obs_rel_K2BlackPanther_BTR80_20260205T223819Z_108_d_c	http://example.org/stkg/subjectEntity	http://example.org/stkg/id/platform_K2BlackPanther
http://example.org/stkg/id/obs_rel_K2BlackPanther_BTR80_20260205T223819Z_108_d_c	http://example.org/stkg/objectEntity	http://example.org/stkg/id/platform_BTR80
http://example.org/stkg/id/obs_rel_K2BlackPanther_BTR80_20260205T223819Z_108_d_c	http://example.org/stkg/relationType	http://example.org/stkg/id/relation_ahead_of
http://example.org/stkg/id/obs_rel_K2BlackPanther_BTR80_20260205T223819Z_108_d_c	http://example.org/stkg/time	"2026-02-05T22:38:19Z"^^<http://www.w3.org/2001/XMLSchema#dateTime>
http://example.org/stkg/id/obs_rel_K2BlackPanther_T90_20260205T223819Z_108_d_e	http://www.w3.org/1999/02/22-rdf-syntax-ns#type	http://example.org/stkg/id/SpatialRelationObservation
http://example.org/stkg/id/obs_rel_K2BlackPanther_T90_20260205T223819Z_108_d_e	http://example.org/stkg/subjectEntity	http://example.org/stkg/id/platform_K2BlackPanther
http://example.org/stkg/id/obs_rel_K2BlackPanther_T90_20260205T223819Z_108_d_e	http://example.org/stkg/objectEntity	http://example.org/stkg/id/platform_T90
http://example.org/stkg/id/obs_rel_K2BlackPanther_T90_20260205T223819Z_108_d_e	http://example.org/stkg/relationType	http://example.org/stkg/id/relation_behind_of
http://example.org/stkg/id/obs_rel_K2BlackPanther_T90_20260205T223819Z_108_d_e	http://example.org/stkg/time	"2026-02-05T22:38:19Z"^^<http://www.w3.org/2001/XMLSchema#dateTime>
http://example.org/stkg/id/obs_rel_T90_K2BlackPanther_20260205T223819Z_108_e_d	http://www.w3.org/1999/02/22-rdf-syntax-ns#type	http://example.org/stkg/id/SpatialRelationObservation
http://example.org/stkg/id/obs_rel_T90_K2BlackPanther_20260205T223819Z_108_e_d	http://example.org/stkg/subjectEntity	http://example.org/stkg/id/platform_T90
http://example.org/stkg/id/obs_rel_T90_K2BlackPanther_20260205T223819Z_108_e_d	http://example.org/stkg/objectEntity	http://example.org/stkg/id/platform_K2BlackPanther
http://example.org/stkg/id/obs_rel_T90_K2BlackPanther_20260205T223819Z_108_e_d	http://example.org/stkg/relationType	http://example.org/stkg/id/relation_ahead_of
http://example.org/stkg/id/obs_rel_T90_K2BlackPanther_20260205T223819Z_108_e_d	http://example.org/stkg/time	"2026-02-05T22:38:19Z"^^<http://www.w3.org/2001/XMLSchema#dateTime>
http://example.org/stkg/id/obs_rel_BTR80_T90_20260205T223819Z_108_c_e	http://www.w3.org/1999/02/22-rdf-syntax-ns#type	http://example.org/stkg/id/SpatialRelationObservation
http://example.org/stkg/id/obs_rel_BTR80_T90_20260205T223819Z_108_c_e	http://example.org/stkg/subjectEntity	http://example.org/stkg/id/platform_BTR80
http://example.org/stkg/id/obs_rel_BTR80_T90_20260205T223819Z_108_c_e	http://example.org/stkg/objectEntity	http://example.org/stkg/id/platform_T90
http://example.org/stkg/id/obs_rel_BTR80_T90_20260205T223819Z_108_c_e	http://example.org/stkg/relationType	http://example.org/stkg/id/relation_behind_of
http://example.org/stkg/id/obs_rel_BTR80_T90_20260205T223819Z_108_c_e	http://example.org/stkg/time	"2026-02-05T22:38:19Z"^^<http://www.w3.org/2001/XMLSchema#dateTime>
http://example.org/stkg/id/obs_rel_T90_BTR80_20260205T223819Z_108_e_c	http://www.w3.org/1999/02/22-rdf-syntax-ns#type	http://example.org/stkg/id/SpatialRelationObservation
http://example.org/stkg/id/obs_rel_T90_BTR80_20260205T223819Z_108_e_c	http://example.org/stkg/subjectEntity	http://example.org/stkg/id/platform_T90
http://example.org/stkg/id/obs_rel_T90_BTR80_20260205T223819Z_108_e_c	http://example.org/stkg/objectEntity	http://example.org/stkg/id/platform_BTR80
http://example.org/stkg/id/obs_rel_T90_BTR80_20260205T223819Z_108_e_c	http://example.org/stkg/relationType	http://example.org/stkg/id/relation_ahead_of
http://example.org/stkg/id/obs_rel_T90_BTR80_20260205T223819Z_108_e_c	http://example.org/stkg/time	"2026-02-05T22:38:19Z"^^<http://www.w3.org/2001/XMLSchema#dateTime>
http://example.org/stkg/id/obs_rel_BTR80_K2BlackPanther_20260205T223820Z_109_c_d	http://www.w3.org/1999/02/22-rdf-syntax-ns#type	http://example.org/stkg/id/SpatialRelationObservation
http://example.org/stkg/id/obs_rel_BTR80_K2BlackPanther_20260205T223820Z_109_c_d	http://example.org/stkg/subjectEntity	http://example.org/stkg/id/platform_BTR80
http://example.org/stkg/id/obs_rel_BTR80_K2BlackPanther_20260205T223820Z_109_c_d	http://example.org/stkg/objectEntity	http://example.org/stkg/id/platform_K2BlackPanther
http://example.org/stkg/id/obs_rel_BTR80_K2BlackPanther_20260205T223820Z_109_c_d	http://example.org/stkg/relationType	http://example.org/stkg/id/relation_behind_of
http://example.org/stkg/id/obs_rel_BTR80_K2BlackPanther_20260205T223820Z_109_c_d	http://example.org/stkg/time	"2026-02-05T22:38:20Z"^^<http://www.w3.org/2001/XMLSchema#dateTime>
http://example.org/stkg/id/obs_rel_K2BlackPanther_BTR80_20260205T223820Z_109_d_c	http://www.w3.org/1999/02/22-rdf-syntax-ns#type	http://example.org/stkg/id/SpatialRelationObservation
http://example.org/stkg/id/obs_rel_K2BlackPanther_BTR80_20260205T223820Z_109_d_c	http://example.org/stkg/subjectEntity	http://example.org/stkg/id/platform_K2BlackPanther
http://example.org/stkg/id/obs_rel_K2BlackPanther_BTR80_20260205T223820Z_109_d_c	http://example.org/stkg/objectEntity	http://example.org/stkg/id/platform_BTR80
http://example.org/stkg/id/obs_rel_K2BlackPanther_BTR80_20260205T223820Z_109_d_c	http://example.org/stkg/relationType	http://example.org/stkg/id/relation_ahead_of
http://example.org/stkg/id/obs_rel_K2BlackPanther_BTR80_20260205T223820Z_109_d_c	http://example.org/stkg/time	"2026-02-05T22:38:20Z"^^<http://www.w3.org/2001/XMLSchema#dateTime>
http://example.org/stkg/id/obs_rel_K2BlackPanther_T90_20260205T223820Z_109_d_e	http://www.w3.org/1999/02/22-rdf-syntax-ns#type	http://example.org/stkg/id/SpatialRelationObservation
http://example.org/stkg/id/obs_rel_K2BlackPanther_T90_20260205T223820Z_109_d_e	http://example.org/stkg/subjectEntity	http://example.org/stkg/id/platform_K2BlackPanther
http://example.org/stkg/id/obs_rel_K2BlackPanther_T90_20260205T223820Z_109_d_e	http://example.org/stkg/objectEntity	http://example.org/stkg/id/platform_T90
http://example.org/stkg/id/obs_rel_K2BlackPanther_T90_20260205T223820Z_109_d_e	http://example.org/stkg/relationType	http://example.org/stkg/id/relation_behind_of
http://example.org/stkg/id/obs_rel_K2BlackPanther_T90_20260205T223820Z_109_d_e	http://example.org/stkg/time	"2026-02-05T22:38:20Z"^^<http://www.w3.org/2001/XMLSchema#dateTime>
http://example.org/stkg/id/obs_rel_T90_K2BlackPanther_20260205T223820Z_109_e_d	http://www.w3.org/1999/02/22-rdf-syntax-ns#type	http://example.org/stkg/id/SpatialRelationObservation
http://example.org/stkg/id/obs_rel_T90_K2BlackPanther_20260205T223820Z_109_e_d	http://example.org/stkg/subjectEntity	http://example.org/stkg/id/platform_T90
http://example.org/stkg/id/obs_rel_T90_K2BlackPanther_20260205T223820Z_109_e_d	http://example.org/stkg/objectEntity	http://example.org/stkg/id/platform_K2BlackPanther
http://example.org/stkg/id/obs_rel_T90_K2BlackPanther_20260205T223820Z_109_e_d	http://example.org/stkg/relationType	http://example.org/stkg/id/relation_ahead_of
http://example.org/stkg/id/obs_rel_T90_K2BlackPanther_20260205T223820Z_109_e_d	http://example.org/stkg/time	"2026-02-05T22:38:20Z"^^<http://www.w3.org/2001/XMLSchema#dateTime>
http://example.org/stkg/id/obs_rel_BTR80_T90_20260205T223820Z_109_c_e	http://www.w3.org/1999/02/22-rdf-syntax-ns#type	http://example.org/stkg/id/SpatialRelationObservation
http://example.org/stkg/id/obs_rel_BTR80_T90_20260205T223820Z_109_c_e	http://example.org/stkg/subjectEntity	http://example.org/stkg/id/platform_BTR80
http://example.org/stkg/id/obs_rel_BTR80_T90_20260205T223820Z_109_c_e	http://example.org/stkg/objectEntity	http://example.org/stkg/id/platform_T90
http://example.org/stkg/id/obs_rel_BTR80_T90_20260205T223820Z_109_c_e	http://example.org/stkg/relationType	http://example.org/stkg/id/relation_behind_of
http://example.org/stkg/id/obs_rel_BTR80_T90_20260205T223820Z_109_c_e	http://example.org/stkg/time	"2026-02-05T22:38:20Z"^^<http://www.w3.org/2001/XMLSchema#dateTime>
http://example.org/stkg/id/obs_rel_T90_BTR80_20260205T223820Z_109_e_c	http://www.w3.org/1999/02/22-rdf-syntax-ns#type	http://example.org/stkg/id/SpatialRelationObservation
http://example.org/stkg/id/obs_rel_T90_BTR80_20260205T223820Z_109_e_c	http://example.org/stkg/subjectEntity	http://example.org/stkg/id/platform_T90
http://example.org/stkg/id/obs_rel_T90_BTR80_20260205T223820Z_109_e_c	http://example.org/stkg/objectEntity	http://example.org/stkg/id/platform_BTR80
http://example.org/stkg/id/obs_rel_T90_BTR80_20260205T223820Z_109_e_c	http://example.org/stkg/relationType	http://example.org/stkg/id/relation_ahead_of
http://example.org/stkg/id/obs_rel_T90_BTR80_20260205T223820Z_109_e_c	http://example.org/stkg/time	"2026-02-05T22:38:20Z"^^<http://www.w3.org/2001/XMLSchema#dateTime>
http://example.org/stkg/id/obs_rel_BTR80_K2BlackPanther_20260205T223821Z_110_c_d	http://www.w3.org/1999/02/22-rdf-syntax-ns#type	http://example.org/stkg/id/SpatialRelationObservation
http://example.org/stkg/id/obs_rel_BTR80_K2BlackPanther_20260205T223821Z_110_c_d	http://example.org/stkg/subjectEntity	http://example.org/stkg/id/platform_BTR80
http://example.org/stkg/id/obs_rel_BTR80_K2BlackPanther_20260205T223821Z_110_c_d	http://example.org/stkg/objectEntity	http://example.org/stkg/id/platform_K2BlackPanther
http://example.org/stkg/id/obs_rel_BTR80_K2BlackPanther_20260205T223821Z_110_c_d	http://example.org/stkg/relationType	http://example.org/stkg/id/relation_behind_of
http://example.org/stkg/id/obs_rel_BTR80_K2BlackPanther_20260205T223821Z_110_c_d	http://example.org/stkg/time	"2026-02-05T22:38:21Z"^^<http://www.w3.org/2001/XMLSchema#dateTime>
http://example.org/stkg/id/obs_rel_K2BlackPanther_BTR80_20260205T223821Z_110_d_c	http://www.w3.org/1999/02/22-rdf-syntax-ns#type	http://example.org/stkg/id/SpatialRelationObservation
http://example.org/stkg/id/obs_rel_K2BlackPanther_BTR80_20260205T223821Z_110_d_c	http://example.org/stkg/subjectEntity	http://example.org/stkg/id/platform_K2BlackPanther
http://example.org/stkg/id/obs_rel_K2BlackPanther_BTR80_20260205T223821Z_110_d_c	http://example.org/stkg/objectEntity	http://example.org/stkg/id/platform_BTR80
http://example.org/stkg/id/obs_rel_K2BlackPanther_BTR80_20260205T223821Z_110_d_c	http://example.org/stkg/relationType	http://example.org/stkg/id/relation_ahead_of
http://example.org/stkg/id/obs_rel_K2BlackPanther_BTR80_20260205T223821Z_110_d_c	http://example.org/stkg/time	"2026-02-05T22:38:21Z"^^<http://www.w3.org/2001/XMLSchema#dateTime>
http://example.org/stkg/id/obs_rel_K2BlackPanther_T90_20260205T223821Z_110_d_e	http://www.w3.org/1999/02/22-rdf-syntax-ns#type	http://example.org/stkg/id/SpatialRelationObservation
http://example.org/stkg/id/obs_rel_K2BlackPanther_T90_20260205T223821Z_110_d_e	http://example.org/stkg/subjectEntity	http://example.org/stkg/id/platform_K2BlackPanther
http://example.org/stkg/id/obs_rel_K2BlackPanther_T90_20260205T223821Z_110_d_e	http://example.org/stkg/objectEntity	http://example.org/stkg/id/platform_T90
http://example.org/stkg/id/obs_rel_K2BlackPanther_T90_20260205T223821Z_110_d_e	http://example.org/stkg/relationType	http://example.org/stkg/id/relation_behind_of
http://example.org/stkg/id/obs_rel_K2BlackPanther_T90_20260205T223821Z_110_d_e	http://example.org/stkg/time	"2026-02-05T22:38:21Z"^^<http://www.w3.org/2001/XMLSchema#dateTime>
http://example.org/stkg/id/obs_rel_T90_K2BlackPanther_20260205T223821Z_110_e_d	http://www.w3.org/1999/02/22-rdf-syntax-ns#type	http://example.org/stkg/id/SpatialRelationObservation
http://example.org/stkg/id/obs_rel_T90_K2BlackPanther_20260205T223821Z_110_e_d	http://example.org/stkg/subjectEntity	http://example.org/stkg/id/platform_T90
http://example.org/stkg/id/obs_rel_T90_K2BlackPanther_20260205T223821Z_110_e_d	http://example.org/stkg/objectEntity	http://example.org/stkg/id/platform_K2BlackPanther
http://example.org/stkg/id/obs_rel_T90_K2BlackPanther_20260205T223821Z_110_e_d	http://example.org/stkg/relationType	http://example.org/stkg/id/relation_ahead_of
http://example.org/stkg/id/obs_rel_T90_K2BlackPanther_20260205T223821Z_110_e_d	http://example.org/stkg/time	"2026-02-05T22:38:21Z"^^<http://www.w3.org/2001/XMLSchema#dateTime>
http://example.org/stkg/id/obs_rel_BTR80_T90_20260205T223821Z_110_c_e	http://www.w3.org/1999/02/22-rdf-syntax-ns#type	http://example.org/stkg/id/SpatialRelationObservation
http://example.org/stkg/id/obs_rel_BTR80_T90_20260205T223821Z_110_c_e	http://example.org/stkg/subjectEntity	http://example.org/stkg/id/platform_BTR80
http://example.org/stkg/id/obs_rel_BTR80_T90_20260205T223821Z_110_c_e	http://example.org/stkg/objectEntity	http://example.org/stkg/id/platform_T90
http://example.org/stkg/id/obs_rel_BTR80_T90_20260205T223821Z_110_c_e	http://example.org/stkg/relationType	http://example.org/stkg/id/relation_behind_of
http://example.org/stkg/id/obs_rel_BTR80_T90_20260205T223821Z_110_c_e	http://example.org/stkg/time	"2026-02-05T22:38:21Z"^^<http://www.w3.org/2001/XMLSchema#dateTime>
http://example.org/stkg/id/obs_rel_T90_BTR80_20260205T223821Z_110_e_c	http://www.w3.org/1999/02/22-rdf-syntax-ns#type	http://example.org/stkg/id/SpatialRelationObservation
http://example.org/stkg/id/obs_rel_T90_BTR80_20260205T223821Z_110_e_c	http://example.org/stkg/subjectEntity	http://example.org/stkg/id/platform_T90
http://example.org/stkg/id/obs_rel_T90_BTR80_20260205T223821Z_110_e_c	http://example.org/stkg/objectEntity	http://example.org/stkg/id/platform_BTR80
http://example.org/stkg/id/obs_rel_T90_BTR80_20260205T223821Z_110_e_c	http://example.org/stkg/relationType	http://example.org/stkg/id/relation_ahead_of
http://example.org/stkg/id/obs_rel_T90_BTR80_20260205T223821Z_110_e_c	http://example.org/stkg/time	"2026-02-05T22:38:21Z"^^<http://www.w3.org/2001/XMLSchema#dateTime>
http://example.org/stkg/id/obs_rel_BTR80_K2BlackPanther_20260205T223822Z_111_c_d	http://www.w3.org/1999/02/22-rdf-syntax-ns#type	http://example.org/stkg/id/SpatialRelationObservation
http://example.org/stkg/id/obs_rel_BTR80_K2BlackPanther_20260205T223822Z_111_c_d	http://example.org/stkg/subjectEntity	http://example.org/stkg/id/platform_BTR80
http://example.org/stkg/id/obs_rel_BTR80_K2BlackPanther_20260205T223822Z_111_c_d	http://example.org/stkg/objectEntity	http://example.org/stkg/id/platform_K2BlackPanther
http://example.org/stkg/id/obs_rel_BTR80_K2BlackPanther_20260205T223822Z_111_c_d	http://example.org/stkg/relationType	http://example.org/stkg/id/relation_behind_of
http://example.org/stkg/id/obs_rel_BTR80_K2BlackPanther_20260205T223822Z_111_c_d	http://example.org/stkg/time	"2026-02-05T22:38:22Z"^^<http://www.w3.org/2001/XMLSchema#dateTime>
http://example.org/stkg/id/obs_rel_K2BlackPanther_BTR80_20260205T223822Z_111_d_c	http://www.w3.org/1999/02/22-rdf-syntax-ns#type	http://example.org/stkg/id/SpatialRelationObservation
http://example.org/stkg/id/obs_rel_K2BlackPanther_BTR80_20260205T223822Z_111_d_c	http://example.org/stkg/subjectEntity	http://example.org/stkg/id/platform_K2BlackPanther
http://example.org/stkg/id/obs_rel_K2BlackPanther_BTR80_20260205T223822Z_111_d_c	http://example.org/stkg/objectEntity	http://example.org/stkg/id/platform_BTR80
http://example.org/stkg/id/obs_rel_K2BlackPanther_BTR80_20260205T223822Z_111_d_c	http://example.org/stkg/relationType	http://example.org/stkg/id/relation_ahead_of
http://example.org/stkg/id/obs_rel_K2BlackPanther_BTR80_20260205T223822Z_111_d_c	http://example.org/stkg/time	"2026-02-05T22:38:22Z"^^<http://www.w3.org/2001/XMLSchema#dateTime>
http://example.org/stkg/id/obs_rel_K2BlackPanther_T90_20260205T223822Z_111_d_e	http://www.w3.org/1999/02/22-rdf-syntax-ns#type	http://example.org/stkg/id/SpatialRelationObservation
http://example.org/stkg/id/obs_rel_K2BlackPanther_T90_20260205T223822Z_111_d_e	http://example.org/stkg/subjectEntity	http://example.org/stkg/id/platform_K2BlackPanther
http://example.org/stkg/id/obs_rel_K2BlackPanther_T90_20260205T223822Z_111_d_e	http://example.org/stkg/objectEntity	http://example.org/stkg/id/platform_T90
http://example.org/stkg/id/obs_rel_K2BlackPanther_T90_20260205T223822Z_111_d_e	http://example.org/stkg/relationType	http://example.org/stkg/id/relation_behind_of
http://example.org/stkg/id/obs_rel_K2BlackPanther_T90_20260205T223822Z_111_d_e	http://example.org/stkg/time	"2026-02-05T22:38:22Z"^^<http://www.w3.org/2001/XMLSchema#dateTime>
http://example.org/stkg/id/obs_rel_T90_K2BlackPanther_20260205T223822Z_111_e_d	http://www.w3.org/1999/02/22-rdf-syntax-ns#type	http://example.org/stkg/id/SpatialRelationObservation
http://example.org/stkg/id/obs_rel_T90_K2BlackPanther_20260205T223822Z_111_e_d	http://example.org/stkg/subjectEntity	http://example.org/stkg/id/platform_T90
http://example.org/stkg/id/obs_rel_T90_K2BlackPanther_20260205T223822Z_111_e_d	http://example.org/stkg/objectEntity	http://example.org/stkg/id/platform_K2BlackPanther
http://example.org/stkg/id/obs_rel_T90_K2BlackPanther_20260205T223822Z_111_e_d	http://example.org/stkg/relationType	http://example.org/stkg/id/relation_ahead_of
http://example.org/stkg/id/obs_rel_T90_K2BlackPanther_20260205T223822Z_111_e_d	http://example.org/stkg/time	"2026-02-05T22:38:22Z"^^<http://www.w3.org/2001/XMLSchema#dateTime>
http://example.org/stkg/id/obs_rel_BTR80_T90_20260205T223822Z_111_c_e	http://www.w3.org/1999/02/22-rdf-syntax-ns#type	http://example.org/stkg/id/SpatialRelationObservation
http://example.org/stkg/id/obs_rel_BTR80_T90_20260205T223822Z_111_c_e	http://example.org/stkg/subjectEntity	http://example.org/stkg/id/platform_BTR80
http://example.org/stkg/id/obs_rel_BTR80_T90_20260205T223822Z_111_c_e	http://example.org/stkg/objectEntity	http://example.org/stkg/id/platform_T90
http://example.org/stkg/id/obs_rel_BTR80_T90_20260205T223822Z_111_c_e	http://example.org/stkg/relationType	http://example.org/stkg/id/relation_behind_of
http://example.org/stkg/id/obs_rel_BTR80_T90_20260205T223822Z_111_c_e	http://example.org/stkg/time	"2026-02-05T22:38:22Z"^^<http://www.w3.org/2001/XMLSchema#dateTime>
http://example.org/stkg/id/obs_rel_T90_BTR80_20260205T223822Z_111_e_c	http://www.w3.org/1999/02/22-rdf-syntax-ns#type	http://example.org/stkg/id/SpatialRelationObservation
http://example.org/stkg/id/obs_rel_T90_BTR80_20260205T223822Z_111_e_c	http://example.org/stkg/subjectEntity	http://example.org/stkg/id/platform_T90
http://example.org/stkg/id/obs_rel_T90_BTR80_20260205T223822Z_111_e_c	http://example.org/stkg/objectEntity	http://example.org/stkg/id/platform_BTR80
http://example.org/stkg/id/obs_rel_T90_BTR80_20260205T223822Z_111_e_c	http://example.org/stkg/relationType	http://example.org/stkg/id/relation_ahead_of
http://example.org/stkg/id/obs_rel_T90_BTR80_20260205T223822Z_111_e_c	http://example.org/stkg/time	"2026-02-05T22:38:22Z"^^<http://www.w3.org/2001/XMLSchema#dateTime>
http://example.org/stkg/id/obs_rel_BTR80_K2BlackPanther_20260205T223823Z_112_c_d	http://www.w3.org/1999/02/22-rdf-syntax-ns#type	http://example.org/stkg/id/SpatialRelationObservation
http://example.org/stkg/id/obs_rel_BTR80_K2BlackPanther_20260205T223823Z_112_c_d	http://example.org/stkg/subjectEntity	http://example.org/stkg/id/platform_BTR80
http://example.org/stkg/id/obs_rel_BTR80_K2BlackPanther_20260205T223823Z_112_c_d	http://example.org/stkg/objectEntity	http://example.org/stkg/id/platform_K2BlackPanther
http://example.org/stkg/id/obs_rel_BTR80_K2BlackPanther_20260205T223823Z_112_c_d	http://example.org/stkg/relationType	http://example.org/stkg/id/relation_behind_of
http://example.org/stkg/id/obs_rel_BTR80_K2BlackPanther_20260205T223823Z_112_c_d	http://example.org/stkg/time	"2026-02-05T22:38:23Z"^^<http://www.w3.org/2001/XMLSchema#dateTime>
http://example.org/stkg/id/obs_rel_K2BlackPanther_BTR80_20260205T223823Z_112_d_c	http://www.w3.org/1999/02/22-rdf-syntax-ns#type	http://example.org/stkg/id/SpatialRelationObservation
http://example.org/stkg/id/obs_rel_K2BlackPanther_BTR80_20260205T223823Z_112_d_c	http://example.org/stkg/subjectEntity	http://example.org/stkg/id/platform_K2BlackPanther
http://example.org/stkg/id/obs_rel_K2BlackPanther_BTR80_20260205T223823Z_112_d_c	http://example.org/stkg/objectEntity	http://example.org/stkg/id/platform_BTR80
http://example.org/stkg/id/obs_rel_K2BlackPanther_BTR80_20260205T223823Z_112_d_c	http://example.org/stkg/relationType	http://example.org/stkg/id/relation_ahead_of
http://example.org/stkg/id/obs_rel_K2BlackPanther_BTR80_20260205T223823Z_112_d_c	http://example.org/stkg/time	"2026-02-05T22:38:23Z"^^<http://www.w3.org/2001/XMLSchema#dateTime>
http://example.org/stkg/id/obs_rel_K2BlackPanther_T90_20260205T223823Z_112_d_e	http://www.w3.org/1999/02/22-rdf-syntax-ns#type	http://example.org/stkg/id/SpatialRelationObservation
http://example.org/stkg/id/obs_rel_K2BlackPanther_T90_20260205T223823Z_112_d_e	http://example.org/stkg/subjectEntity	http://example.org/stkg/id/platform_K2BlackPanther
http://example.org/stkg/id/obs_rel_K2BlackPanther_T90_20260205T223823Z_112_d_e	http://example.org/stkg/objectEntity	http://example.org/stkg/id/platform_T90
http://example.org/stkg/id/obs_rel_K2BlackPanther_T90_20260205T223823Z_112_d_e	http://example.org/stkg/relationType	http://example.org/stkg/id/relation_behind_of
http://example.org/stkg/id/obs_rel_K2BlackPanther_T90_20260205T223823Z_112_d_e	http://example.org/stkg/time	"2026-02-05T22:38:23Z"^^<http://www.w3.org/2001/XMLSchema#dateTime>
http://example.org/stkg/id/obs_rel_T90_K2BlackPanther_20260205T223823Z_112_e_d	http://www.w3.org/1999/02/22-rdf-syntax-ns#type	http://example.org/stkg/id/SpatialRelationObservation
http://example.org/stkg/id/obs_rel_T90_K2BlackPanther_20260205T223823Z_112_e_d	http://example.org/stkg/subjectEntity	http://example.org/stkg/id/platform_T90
http://example.org/stkg/id/obs_rel_T90_K2BlackPanther_20260205T223823Z_112_e_d	http://example.org/stkg/objectEntity	http://example.org/stkg/id/platform_K2BlackPanther
http://example.org/stkg/id/obs_rel_T90_K2BlackPanther_20260205T223823Z_112_e_d	http://example.org/stkg/relationType	http://example.org/stkg/id/relation_ahead_of
http://example.org/stkg/id/obs_rel_T90_K2BlackPanther_20260205T223823Z_112_e_d	http://example.org/stkg/time	"2026-02-05T22:38:23Z"^^<http://www.w3.org/2001/XMLSchema#dateTime>
http://example.org/stkg/id/obs_rel_BTR80_T90_20260205T223823Z_112_c_e	http://www.w3.org/1999/02/22-rdf-syntax-ns#type	http://example.org/stkg/id/SpatialRelationObservation
http://example.org/stkg/id/obs_rel_BTR80_T90_20260205T223823Z_112_c_e	http://example.org/stkg/subjectEntity	http://example.org/stkg/id/platform_BTR80
http://example.org/stkg/id/obs_rel_BTR80_T90_20260205T223823Z_112_c_e	http://example.org/stkg/objectEntity	http://example.org/stkg/id/platform_T90
http://example.org/stkg/id/obs_rel_BTR80_T90_20260205T223823Z_112_c_e	http://example.org/stkg/relationType	http://example.org/stkg/id/relation_behind_of
http://example.org/stkg/id/obs_rel_BTR80_T90_20260205T223823Z_112_c_e	http://example.org/stkg/time	"2026-02-05T22:38:23Z"^^<http://www.w3.org/2001/XMLSchema#dateTime>
http://example.org/stkg/id/obs_rel_T90_BTR80_20260205T223823Z_112_e_c	http://www.w3.org/1999/02/22-rdf-syntax-ns#type	http://example.org/stkg/id/SpatialRelationObservation
http://example.org/stkg/id/obs_rel_T90_BTR80_20260205T223823Z_112_e_c	http://example.org/stkg/subjectEntity	http://example.org/stkg/id/platform_T90
http://example.org/stkg/id/obs_rel_T90_BTR80_20260205T223823Z_112_e_c	http://example.org/stkg/objectEntity	http://example.org/stkg/id/platform_BTR80
http://example.org/stkg/id/obs_rel_T90_BTR80_20260205T223823Z_112_e_c	http://example.org/stkg/relationType	http://example.org/stkg/id/relation_ahead_of
http://example.org/stkg/id/obs_rel_T90_BTR80_20260205T223823Z_112_e_c	http://example.org/stkg/time	"2026-02-05T22:38:23Z"^^<http://www.w3.org/2001/XMLSchema#dateTime>
http://example.org/stkg/id/obs_rel_BTR80_K2BlackPanther_20260205T223824Z_113_c_d	http://www.w3.org/1999/02/22-rdf-syntax-ns#type	http://example.org/stkg/id/SpatialRelationObservation
http://example.org/stkg/id/obs_rel_BTR80_K2BlackPanther_20260205T223824Z_113_c_d	http://example.org/stkg/subjectEntity	http://example.org/stkg/id/platform_BTR80
http://example.org/stkg/id/obs_rel_BTR80_K2BlackPanther_20260205T223824Z_113_c_d	http://example.org/stkg/objectEntity	http://example.org/stkg/id/platform_K2BlackPanther
http://example.org/stkg/id/obs_rel_BTR80_K2BlackPanther_20260205T223824Z_113_c_d	http://example.org/stkg/relationType	http://example.org/stkg/id/relation_behind_of
http://example.org/stkg/id/obs_rel_BTR80_K2BlackPanther_20260205T223824Z_113_c_d	http://example.org/stkg/time	"2026-02-05T22:38:24Z"^^<http://www.w3.org/2001/XMLSchema#dateTime>
http://example.org/stkg/id/obs_rel_K2BlackPanther_BTR80_20260205T223824Z_113_d_c	http://www.w3.org/1999/02/22-rdf-syntax-ns#type	http://example.org/stkg/id/SpatialRelationObservation
http://example.org/stkg/id/obs_rel_K2BlackPanther_BTR80_20260205T223824Z_113_d_c	http://example.org/stkg/subjectEntity	http://example.org/stkg/id/platform_K2BlackPanther
http://example.org/stkg/id/obs_rel_K2BlackPanther_BTR80_20260205T223824Z_113_d_c	http://example.org/stkg/objectEntity	http://example.org/stkg/id/platform_BTR80
http://example.org/stkg/id/obs_rel_K2BlackPanther_BTR80_20260205T223824Z_113_d_c	http://example.org/stkg/relationType	http://example.org/stkg/id/relation_ahead_of
http://example.org/stkg/id/obs_rel_K2BlackPanther_BTR80_20260205T223824Z_113_d_c	http://example.org/stkg/time	"2026-02-05T22:38:24Z"^^<http://www.w3.org/2001/XMLSchema#dateTime>
http://example.org/stkg/id/obs_rel_K2BlackPanther_T90_20260205T223824Z_113_d_e	http://www.w3.org/1999/02/22-rdf-syntax-ns#type	http://example.org/stkg/id/SpatialRelationObservation
http://example.org/stkg/id/obs_rel_K2BlackPanther_T90_20260205T223824Z_113_d_e	http://example.org/stkg/subjectEntity	http://example.org/stkg/id/platform_K2BlackPanther
http://example.org/stkg/id/obs_rel_K2BlackPanther_T90_20260205T223824Z_113_d_e	http://example.org/stkg/objectEntity	http://example.org/stkg/id/platform_T90
http://example.org/stkg/id/obs_rel_K2BlackPanther_T90_20260205T223824Z_113_d_e	http://example.org/stkg/relationType	http://example.org/stkg/id/relation_behind_of
http://example.org/stkg/id/obs_rel_K2BlackPanther_T90_20260205T223824Z_113_d_e	http://example.org/stkg/time	"2026-02-05T22:38:24Z"^^<http://www.w3.org/2001/XMLSchema#dateTime>
http://example.org/stkg/id/obs_rel_T90_K2BlackPanther_20260205T223824Z_113_e_d	http://www.w3.org/1999/02/22-rdf-syntax-ns#type	http://example.org/stkg/id/SpatialRelationObservation
http://example.org/stkg/id/obs_rel_T90_K2BlackPanther_20260205T223824Z_113_e_d	http://example.org/stkg/subjectEntity	http://example.org/stkg/id/platform_T90
http://example.org/stkg/id/obs_rel_T90_K2BlackPanther_20260205T223824Z_113_e_d	http://example.org/stkg/objectEntity	http://example.org/stkg/id/platform_K2BlackPanther
http://example.org/stkg/id/obs_rel_T90_K2BlackPanther_20260205T223824Z_113_e_d	http://example.org/stkg/relationType	http://example.org/stkg/id/relation_ahead_of
http://example.org/stkg/id/obs_rel_T90_K2BlackPanther_20260205T223824Z_113_e_d	http://example.org/stkg/time	"2026-02-05T22:38:24Z"^^<http://www.w3.org/2001/XMLSchema#dateTime>
http://example.org/stkg/id/obs_rel_BTR80_T90_20260205T223824Z_113_c_e	http://www.w3.org/1999/02/22-rdf-syntax-ns#type	http://example.org/stkg/id/SpatialRelationObservation
http://example.org/stkg/id/obs_rel_BTR80_T90_20260205T223824Z_113_c_e	http://example.org/stkg/subjectEntity	http://example.org/stkg/id/platform_BTR80
http://example.org/stkg/id/obs_rel_BTR80_T90_20260205T223824Z_113_c_e	http://example.org/stkg/objectEntity	http://example.org/stkg/id/platform_T90
http://example.org/stkg/id/obs_rel_BTR80_T90_20260205T223824Z_113_c_e	http://example.org/stkg/relationType	http://example.org/stkg/id/relation_behind_of
http://example.org/stkg/id/obs_rel_BTR80_T90_20260205T223824Z_113_c_e	http://example.org/stkg/time	"2026-02-05T22:38:24Z"^^<http://www.w3.org/2001/XMLSchema#dateTime>
http://example.org/stkg/id/obs_rel_T90_BTR80_20260205T223824Z_113_e_c	http://www.w3.org/1999/02/22-rdf-syntax-ns#type	http://example.org/stkg/id/SpatialRelationObservation
http://example.org/stkg/id/obs_rel_T90_BTR80_20260205T223824Z_113_e_c	http://example.org/stkg/subjectEntity	http://example.org/stkg/id/platform_T90
http://example.org/stkg/id/obs_rel_T90_BTR80_20260205T223824Z_113_e_c	http://example.org/stkg/objectEntity	http://example.org/stkg/id/platform_BTR80
http://example.org/stkg/id/obs_rel_T90_BTR80_20260205T223824Z_113_e_c	http://example.org/stkg/relationType	http://example.org/stkg/id/relation_ahead_of
http://example.org/stkg/id/obs_rel_T90_BTR80_20260205T223824Z_113_e_c	http://example.org/stkg/time	"2026-02-05T22:38:24Z"^^<http://www.w3.org/2001/XMLSchema#dateTime>
http://example.org/stkg/id/obs_rel_BTR80_K2BlackPanther_20260205T223825Z_114_c_d	http://www.w3.org/1999/02/22-rdf-syntax-ns#type	http://example.org/stkg/id/SpatialRelationObservation
http://example.org/stkg/id/obs_rel_BTR80_K2BlackPanther_20260205T223825Z_114_c_d	http://example.org/stkg/subjectEntity	http://example.org/stkg/id/platform_BTR80
http://example.org/stkg/id/obs_rel_BTR80_K2BlackPanther_20260205T223825Z_114_c_d	http://example.org/stkg/objectEntity	http://example.org/stkg/id/platform_K2BlackPanther
http://example.org/stkg/id/obs_rel_BTR80_K2BlackPanther_20260205T223825Z_114_c_d	http://example.org/stkg/relationType	http://example.org/stkg/id/relation_behind_of
http://example.org/stkg/id/obs_rel_BTR80_K2BlackPanther_20260205T223825Z_114_c_d	http://example.org/stkg/time	"2026-02-05T22:38:25Z"^^<http://www.w3.org/2001/XMLSchema#dateTime>
http://example.org/stkg/id/obs_rel_K2BlackPanther_BTR80_20260205T223825Z_114_d_c	http://www.w3.org/1999/02/22-rdf-syntax-ns#type	http://example.org/stkg/id/SpatialRelationObservation
http://example.org/stkg/id/obs_rel_K2BlackPanther_BTR80_20260205T223825Z_114_d_c	http://example.org/stkg/subjectEntity	http://example.org/stkg/id/platform_K2BlackPanther
http://example.org/stkg/id/obs_rel_K2BlackPanther_BTR80_20260205T223825Z_114_d_c	http://example.org/stkg/objectEntity	http://example.org/stkg/id/platform_BTR80
http://example.org/stkg/id/obs_rel_K2BlackPanther_BTR80_20260205T223825Z_114_d_c	http://example.org/stkg/relationType	http://example.org/stkg/id/relation_ahead_of
http://example.org/stkg/id/obs_rel_K2BlackPanther_BTR80_20260205T223825Z_114_d_c	http://example.org/stkg/time	"2026-02-05T22:38:25Z"^^<http://www.w3.org/2001/XMLSchema#dateTime>
http://example.org/stkg/id/obs_rel_K2BlackPanther_T90_20260205T223825Z_114_d_e	http://www.w3.org/1999/02/22-rdf-syntax-ns#type	http://example.org/stkg/id/SpatialRelationObservation
http://example.org/stkg/id/obs_rel_K2BlackPanther_T90_20260205T223825Z_114_d_e	http://example.org/stkg/subjectEntity	http://example.org/stkg/id/platform_K2BlackPanther
http://example.org/stkg/id/obs_rel_K2BlackPanther_T90_20260205T223825Z_114_d_e	http://example.org/stkg/objectEntity	http://example.org/stkg/id/platform_T90
http://example.org/stkg/id/obs_rel_K2BlackPanther_T90_20260205T223825Z_114_d_e	http://example.org/stkg/relationType	http://example.org/stkg/id/relation_behind_of
http://example.org/stkg/id/obs_rel_K2BlackPanther_T90_20260205T223825Z_114_d_e	http://example.org/stkg/time	"2026-02-05T22:38:25Z"^^<http://www.w3.org/2001/XMLSchema#dateTime>
http://example.org/stkg/id/obs_rel_T90_K2BlackPanther_20260205T223825Z_114_e_d	http://www.w3.org/1999/02/22-rdf-syntax-ns#type	http://example.org/stkg/id/SpatialRelationObservation
http://example.org/stkg/id/obs_rel_T90_K2BlackPanther_20260205T223825Z_114_e_d	http://example.org/stkg/subjectEntity	http://example.org/stkg/id/platform_T90
http://example.org/stkg/id/obs_rel_T90_K2BlackPanther_20260205T223825Z_114_e_d	http://example.org/stkg/objectEntity	http://example.org/stkg/id/platform_K2BlackPanther
http://example.org/stkg/id/obs_rel_T90_K2BlackPanther_20260205T223825Z_114_e_d	http://example.org/stkg/relationType	http://example.org/stkg/id/relation_ahead_of
http://example.org/stkg/id/obs_rel_T90_K2BlackPanther_20260205T223825Z_114_e_d	http://example.org/stkg/time	"2026-02-05T22:38:25Z"^^<http://www.w3.org/2001/XMLSchema#dateTime>
http://example.org/stkg/id/obs_rel_BTR80_T90_20260205T223825Z_114_c_e	http://www.w3.org/1999/02/22-rdf-syntax-ns#type	http://example.org/stkg/id/SpatialRelationObservation
http://example.org/stkg/id/obs_rel_BTR80_T90_20260205T223825Z_114_c_e	http://example.org/stkg/subjectEntity	http://example.org/stkg/id/platform_BTR80
http://example.org/stkg/id/obs_rel_BTR80_T90_20260205T223825Z_114_c_e	http://example.org/stkg/objectEntity	http://example.org/stkg/id/platform_T90
http://example.org/stkg/id/obs_rel_BTR80_T90_20260205T223825Z_114_c_e	http://example.org/stkg/relationType	http://example.org/stkg/id/relation_behind_of
http://example.org/stkg/id/obs_rel_BTR80_T90_20260205T223825Z_114_c_e	http://example.org/stkg/time	"2026-02-05T22:38:25Z"^^<http://www.w3.org/2001/XMLSchema#dateTime>
http://example.org/stkg/id/obs_rel_T90_BTR80_20260205T223825Z_114_e_c	http://www.w3.org/1999/02/22-rdf-syntax-ns#type	http://example.org/stkg/id/SpatialRelationObservation
http://example.org/stkg/id/obs_rel_T90_BTR80_20260205T223825Z_114_e_c	http://example.org/stkg/subjectEntity	http://example.org/stkg/id/platform_T90
http://example.org/stkg/id/obs_rel_T90_BTR80_20260205T223825Z_114_e_c	http://example.org/stkg/objectEntity	http://example.org/stkg/id/platform_BTR80
http://example.org/stkg/id/obs_rel_T90_BTR80_20260205T223825Z_114_e_c	http://example.org/stkg/relationType	http://example.org/stkg/id/relation_ahead_of
http://example.org/stkg/id/obs_rel_T90_BTR80_20260205T223825Z_114_e_c	http://example.org/stkg/time	"2026-02-05T22:38:25Z"^^<http://www.w3.org/2001/XMLSchema#dateTime>
http://example.org/stkg/id/obs_rel_BTR80_K2BlackPanther_20260205T223826Z_115_c_d	http://www.w3.org/1999/02/22-rdf-syntax-ns#type	http://example.org/stkg/id/SpatialRelationObservation
http://example.org/stkg/id/obs_rel_BTR80_K2BlackPanther_20260205T223826Z_115_c_d	http://example.org/stkg/subjectEntity	http://example.org/stkg/id/platform_BTR80
http://example.org/stkg/id/obs_rel_BTR80_K2BlackPanther_20260205T223826Z_115_c_d	http://example.org/stkg/objectEntity	http://example.org/stkg/id/platform_K2BlackPanther
http://example.org/stkg/id/obs_rel_BTR80_K2BlackPanther_20260205T223826Z_115_c_d	http://example.org/stkg/relationType	http://example.org/stkg/id/relation_behind_of
http://example.org/stkg/id/obs_rel_BTR80_K2BlackPanther_20260205T223826Z_115_c_d	http://example.org/stkg/time	"2026-02-05T22:38:26Z"^^<http://www.w3.org/2001/XMLSchema#dateTime>
http://example.org/stkg/id/obs_rel_K2BlackPanther_BTR80_20260205T223826Z_115_d_c	http://www.w3.org/1999/02/22-rdf-syntax-ns#type	http://example.org/stkg/id/SpatialRelationObservation
http://example.org/stkg/id/obs_rel_K2BlackPanther_BTR80_20260205T223826Z_115_d_c	http://example.org/stkg/subjectEntity	http://example.org/stkg/id/platform_K2BlackPanther
http://example.org/stkg/id/obs_rel_K2BlackPanther_BTR80_20260205T223826Z_115_d_c	http://example.org/stkg/objectEntity	http://example.org/stkg/id/platform_BTR80
http://example.org/stkg/id/obs_rel_K2BlackPanther_BTR80_20260205T223826Z_115_d_c	http://example.org/stkg/relationType	http://example.org/stkg/id/relation_ahead_of
http://example.org/stkg/id/obs_rel_K2BlackPanther_BTR80_20260205T223826Z_115_d_c	http://example.org/stkg/time	"2026-02-05T22:38:26Z"^^<http://www.w3.org/2001/XMLSchema#dateTime>
http://example.org/stkg/id/obs_rel_K2BlackPanther_T90_20260205T223826Z_115_d_e	http://www.w3.org/1999/02/22-rdf-syntax-ns#type	http://example.org/stkg/id/SpatialRelationObservation
http://example.org/stkg/id/obs_rel_K2BlackPanther_T90_20260205T223826Z_115_d_e	http://example.org/stkg/subjectEntity	http://example.org/stkg/id/platform_K2BlackPanther
http://example.org/stkg/id/obs_rel_K2BlackPanther_T90_20260205T223826Z_115_d_e	http://example.org/stkg/objectEntity	http://example.org/stkg/id/platform_T90
http://example.org/stkg/id/obs_rel_K2BlackPanther_T90_20260205T223826Z_115_d_e	http://example.org/stkg/relationType	http://example.org/stkg/id/relation_behind_of
http://example.org/stkg/id/obs_rel_K2BlackPanther_T90_20260205T223826Z_115_d_e	http://example.org/stkg/time	"2026-02-05T22:38:26Z"^^<http://www.w3.org/2001/XMLSchema#dateTime>
http://example.org/stkg/id/obs_rel_T90_K2BlackPanther_20260205T223826Z_115_e_d	http://www.w3.org/1999/02/22-rdf-syntax-ns#type	http://example.org/stkg/id/SpatialRelationObservation
http://example.org/stkg/id/obs_rel_T90_K2BlackPanther_20260205T223826Z_115_e_d	http://example.org/stkg/subjectEntity	http://example.org/stkg/id/platform_T90
http://example.org/stkg/id/obs_rel_T90_K2BlackPanther_20260205T223826Z_115_e_d	http://example.org/stkg/objectEntity	http://example.org/stkg/id/platform_K2BlackPanther
http://example.org/stkg/id/obs_rel_T90_K2BlackPanther_20260205T223826Z_115_e_d	http://example.org/stkg/relationType	http://example.org/stkg/id/relation_ahead_of
http://example.org/stkg/id/obs_rel_T90_K2BlackPanther_20260205T223826Z_115_e_d	http://example.org/stkg/time	"2026-02-05T22:38:26Z"^^<http://www.w3.org/2001/XMLSchema#dateTime>
http://example.org/stkg/id/obs_rel_BTR80_T90_20260205T223826Z_115_c_e	http://www.w3.org/1999/02/22-rdf-syntax-ns#type	http://example.org/stkg/id/SpatialRelationObservation
http://example.org/stkg/id/obs_rel_BTR80_T90_20260205T223826Z_115_c_e	http://example.org/stkg/subjectEntity	http://example.org/stkg/id/platform_BTR80
http://example.org/stkg/id/obs_rel_BTR80_T90_20260205T223826Z_115_c_e	http://example.org/stkg/objectEntity	http://example.org/stkg/id/platform_T90
http://example.org/stkg/id/obs_rel_BTR80_T90_20260205T223826Z_115_c_e	http://example.org/stkg/relationType	http://example.org/stkg/id/relation_behind_of
http://example.org/stkg/id/obs_rel_BTR80_T90_20260205T223826Z_115_c_e	http://example.org/stkg/time	"2026-02-05T22:38:26Z"^^<http://www.w3.org/2001/XMLSchema#dateTime>
http://example.org/stkg/id/obs_rel_T90_BTR80_20260205T223826Z_115_e_c	http://www.w3.org/1999/02/22-rdf-syntax-ns#type	http://example.org/stkg/id/SpatialRelationObservation
http://example.org/stkg/id/obs_rel_T90_BTR80_20260205T223826Z_115_e_c	http://example.org/stkg/subjectEntity	http://example.org/stkg/id/platform_T90
http://example.org/stkg/id/obs_rel_T90_BTR80_20260205T223826Z_115_e_c	http://example.org/stkg/objectEntity	http://example.org/stkg/id/platform_BTR80
http://example.org/stkg/id/obs_rel_T90_BTR80_20260205T223826Z_115_e_c	http://example.org/stkg/relationType	http://example.org/stkg/id/relation_ahead_of
http://example.org/stkg/id/obs_rel_T90_BTR80_20260205T223826Z_115_e_c	http://example.org/stkg/time	"2026-02-05T22:38:26Z"^^<http://www.w3.org/2001/XMLSchema#dateTime>
http://example.org/stkg/id/obs_rel_BTR80_K2BlackPanther_20260205T223827Z_116_c_d	http://www.w3.org/1999/02/22-rdf-syntax-ns#type	http://example.org/stkg/id/SpatialRelationObservation
http://example.org/stkg/id/obs_rel_BTR80_K2BlackPanther_20260205T223827Z_116_c_d	http://example.org/stkg/subjectEntity	http://example.org/stkg/id/platform_BTR80
http://example.org/stkg/id/obs_rel_BTR80_K2BlackPanther_20260205T223827Z_116_c_d	http://example.org/stkg/objectEntity	http://example.org/stkg/id/platform_K2BlackPanther
http://example.org/stkg/id/obs_rel_BTR80_K2BlackPanther_20260205T223827Z_116_c_d	http://example.org/stkg/relationType	http://example.org/stkg/id/relation_behind_of
http://example.org/stkg/id/obs_rel_BTR80_K2BlackPanther_20260205T223827Z_116_c_d	http://example.org/stkg/time	"2026-02-05T22:38:27Z"^^<http://www.w3.org/2001/XMLSchema#dateTime>
http://example.org/stkg/id/obs_rel_K2BlackPanther_BTR80_20260205T223827Z_116_d_c	http://www.w3.org/1999/02/22-rdf-syntax-ns#type	http://example.org/stkg/id/SpatialRelationObservation
http://example.org/stkg/id/obs_rel_K2BlackPanther_BTR80_20260205T223827Z_116_d_c	http://example.org/stkg/subjectEntity	http://example.org/stkg/id/platform_K2BlackPanther
http://example.org/stkg/id/obs_rel_K2BlackPanther_BTR80_20260205T223827Z_116_d_c	http://example.org/stkg/objectEntity	http://example.org/stkg/id/platform_BTR80
http://example.org/stkg/id/obs_rel_K2BlackPanther_BTR80_20260205T223827Z_116_d_c	http://example.org/stkg/relationType	http://example.org/stkg/id/relation_ahead_of
http://example.org/stkg/id/obs_rel_K2BlackPanther_BTR80_20260205T223827Z_116_d_c	http://example.org/stkg/time	"2026-02-05T22:38:27Z"^^<http://www.w3.org/2001/XMLSchema#dateTime>
http://example.org/stkg/id/obs_rel_K2BlackPanther_T90_20260205T223827Z_116_d_e	http://www.w3.org/1999/02/22-rdf-syntax-ns#type	http://example.org/stkg/id/SpatialRelationObservation
http://example.org/stkg/id/obs_rel_K2BlackPanther_T90_20260205T223827Z_116_d_e	http://example.org/stkg/subjectEntity	http://example.org/stkg/id/platform_K2BlackPanther
http://example.org/stkg/id/obs_rel_K2BlackPanther_T90_20260205T223827Z_116_d_e	http://example.org/stkg/objectEntity	http://example.org/stkg/id/platform_T90
http://example.org/stkg/id/obs_rel_K2BlackPanther_T90_20260205T223827Z_116_d_e	http://example.org/stkg/relationType	http://example.org/stkg/id/relation_behind_of
http://example.org/stkg/id/obs_rel_K2BlackPanther_T90_20260205T223827Z_116_d_e	http://example.org/stkg/time	"2026-02-05T22:38:27Z"^^<http://www.w3.org/2001/XMLSchema#dateTime>
http://example.org/stkg/id/obs_rel_T90_K2BlackPanther_20260205T223827Z_116_e_d	http://www.w3.org/1999/02/22-rdf-syntax-ns#type	http://example.org/stkg/id/SpatialRelationObservation
http://example.org/stkg/id/obs_rel_T90_K2BlackPanther_20260205T223827Z_116_e_d	http://example.org/stkg/subjectEntity	http://example.org/stkg/id/platform_T90
http://example.org/stkg/id/obs_rel_T90_K2BlackPanther_20260205T223827Z_116_e_d	http://example.org/stkg/objectEntity	http://example.org/stkg/id/platform_K2BlackPanther
http://example.org/stkg/id/obs_rel_T90_K2BlackPanther_20260205T223827Z_116_e_d	http://example.org/stkg/relationType	http://example.org/stkg/id/relation_ahead_of
http://example.org/stkg/id/obs_rel_T90_K2BlackPanther_20260205T223827Z_116_e_d	http://example.org/stkg/time	"2026-02-05T22:38:27Z"^^<http://www.w3.org/2001/XMLSchema#dateTime>
http://example.org/stkg/id/obs_rel_BTR80_T90_20260205T223827Z_116_c_e	http://www.w3.org/1999/02/22-rdf-syntax-ns#type	http://example.org/stkg/id/SpatialRelationObservation
http://example.org/stkg/id/obs_rel_BTR80_T90_20260205T223827Z_116_c_e	http://example.org/stkg/subjectEntity	http://example.org/stkg/id/platform_BTR80
http://example.org/stkg/id/obs_rel_BTR80_T90_20260205T223827Z_116_c_e	http://example.org/stkg/objectEntity	http://example.org/stkg/id/platform_T90
http://example.org/stkg/id/obs_rel_BTR80_T90_20260205T223827Z_116_c_e	http://example.org/stkg/relationType	http://example.org/stkg/id/relation_behind_of
http://example.org/stkg/id/obs_rel_BTR80_T90_20260205T223827Z_116_c_e	http://example.org/stkg/time	"2026-02-05T22:38:27Z"^^<http://www.w3.org/2001/XMLSchema#dateTime>
http://example.org/stkg/id/obs_rel_T90_BTR80_20260205T223827Z_116_e_c	http://www.w3.org/1999/02/22-rdf-syntax-ns#type	http://example.org/stkg/id/SpatialRelationObservation
http://example.org/stkg/id/obs_rel_T90_BTR80_20260205T223827Z_116_e_c	http://example.org/stkg/subjectEntity	http://example.org/stkg/id/platform_T90
http://example.org/stkg/id/obs_rel_T90_BTR80_20260205T223827Z_116_e_c	http://example.org/stkg/objectEntity	http://example.org/stkg/id/platform_BTR80
http://example.org/stkg/id/obs_rel_T90_BTR80_20260205T223827Z_116_e_c	http://example.org/stkg/relationType	http://example.org/stkg/id/relation_ahead_of
http://example.org/stkg/id/obs_rel_T90_BTR80_20260205T223827Z_116_e_c	http://example.org/stkg/time	"2026-02-05T22:38:27Z"^^<http://www.w3.org/2001/XMLSchema#dateTime>
http://example.org/stkg/id/obs_rel_BTR80_K2BlackPanther_20260205T223828Z_117_c_d	http://www.w3.org/1999/02/22-rdf-syntax-ns#type	http://example.org/stkg/id/SpatialRelationObservation
http://example.org/stkg/id/obs_rel_BTR80_K2BlackPanther_20260205T223828Z_117_c_d	http://example.org/stkg/subjectEntity	http://example.org/stkg/id/platform_BTR80
http://example.org/stkg/id/obs_rel_BTR80_K2BlackPanther_20260205T223828Z_117_c_d	http://example.org/stkg/objectEntity	http://example.org/stkg/id/platform_K2BlackPanther
http://example.org/stkg/id/obs_rel_BTR80_K2BlackPanther_20260205T223828Z_117_c_d	http://example.org/stkg/relationType	http://example.org/stkg/id/relation_behind_of
http://example.org/stkg/id/obs_rel_BTR80_K2BlackPanther_20260205T223828Z_117_c_d	http://example.org/stkg/time	"2026-02-05T22:38:28Z"^^<http://www.w3.org/2001/XMLSchema#dateTime>
http://example.org/stkg/id/obs_rel_K2BlackPanther_BTR80_20260205T223828Z_117_d_c	http://www.w3.org/1999/02/22-rdf-syntax-ns#type	http://example.org/stkg/id/SpatialRelationObservation
http://example.org/stkg/id/obs_rel_K2BlackPanther_BTR80_20260205T223828Z_117_d_c	http://example.org/stkg/subjectEntity	http://example.org/stkg/id/platform_K2BlackPanther
http://example.org/stkg/id/obs_rel_K2BlackPanther_BTR80_20260205T223828Z_117_d_c	http://example.org/stkg/objectEntity	http://example.org/stkg/id/platform_BTR80
http://example.org/stkg/id/obs_rel_K2BlackPanther_BTR80_20260205T223828Z_117_d_c	http://example.org/stkg/relationType	http://example.org/stkg/id/relation_ahead_of
http://example.org/stkg/id/obs_rel_K2BlackPanther_BTR80_20260205T223828Z_117_d_c	http://example.org/stkg/time	"2026-02-05T22:38:28Z"^^<http://www.w3.org/2001/XMLSchema#dateTime>
http://example.org/stkg/id/obs_rel_K2BlackPanther_T90_20260205T223828Z_117_d_e	http://www.w3.org/1999/02/22-rdf-syntax-ns#type	http://example.org/stkg/id/SpatialRelationObservation
http://example.org/stkg/id/obs_rel_K2BlackPanther_T90_20260205T223828Z_117_d_e	http://example.org/stkg/subjectEntity	http://example.org/stkg/id/platform_K2BlackPanther
http://example.org/stkg/id/obs_rel_K2BlackPanther_T90_20260205T223828Z_117_d_e	http://example.org/stkg/objectEntity	http://example.org/stkg/id/platform_T90
http://example.org/stkg/id/obs_rel_K2BlackPanther_T90_20260205T223828Z_117_d_e	http://example.org/stkg/relationType	http://example.org/stkg/id/relation_behind_of
http://example.org/stkg/id/obs_rel_K2BlackPanther_T90_20260205T223828Z_117_d_e	http://example.org/stkg/time	"2026-02-05T22:38:28Z"^^<http://www.w3.org/2001/XMLSchema#dateTime>
http://example.org/stkg/id/obs_rel_T90_K2BlackPanther_20260205T223828Z_117_e_d	http://www.w3.org/1999/02/22-rdf-syntax-ns#type	http://example.org/stkg/id/SpatialRelationObservation
http://example.org/stkg/id/obs_rel_T90_K2BlackPanther_20260205T223828Z_117_e_d	http://example.org/stkg/subjectEntity	http://example.org/stkg/id/platform_T90
http://example.org/stkg/id/obs_rel_T90_K2BlackPanther_20260205T223828Z_117_e_d	http://example.org/stkg/objectEntity	http://example.org/stkg/id/platform_K2BlackPanther
http://example.org/stkg/id/obs_rel_T90_K2BlackPanther_20260205T223828Z_117_e_d	http://example.org/stkg/relationType	http://example.org/stkg/id/relation_ahead_of
http://example.org/stkg/id/obs_rel_T90_K2BlackPanther_20260205T223828Z_117_e_d	http://example.org/stkg/time	"2026-02-05T22:38:28Z"^^<http://www.w3.org/2001/XMLSchema#dateTime>
http://example.org/stkg/id/obs_rel_BTR80_T90_20260205T223828Z_117_c_e	http://www.w3.org/1999/02/22-rdf-syntax-ns#type	http://example.org/stkg/id/SpatialRelationObservation
http://example.org/stkg/id/obs_rel_BTR80_T90_20260205T223828Z_117_c_e	http://example.org/stkg/subjectEntity	http://example.org/stkg/id/platform_BTR80
http://example.org/stkg/id/obs_rel_BTR80_T90_20260205T223828Z_117_c_e	http://example.org/stkg/objectEntity	http://example.org/stkg/id/platform_T90
http://example.org/stkg/id/obs_rel_BTR80_T90_20260205T223828Z_117_c_e	http://example.org/stkg/relationType	http://example.org/stkg/id/relation_behind_of
http://example.org/stkg/id/obs_rel_BTR80_T90_20260205T223828Z_117_c_e	http://example.org/stkg/time	"2026-02-05T22:38:28Z"^^<http://www.w3.org/2001/XMLSchema#dateTime>
http://example.org/stkg/id/obs_rel_T90_BTR80_20260205T223828Z_117_e_c	http://www.w3.org/1999/02/22-rdf-syntax-ns#type	http://example.org/stkg/id/SpatialRelationObservation
http://example.org/stkg/id/obs_rel_T90_BTR80_20260205T223828Z_117_e_c	http://example.org/stkg/subjectEntity	http://example.org/stkg/id/platform_T90
http://example.org/stkg/id/obs_rel_T90_BTR80_20260205T223828Z_117_e_c	http://example.org/stkg/objectEntity	http://example.org/stkg/id/platform_BTR80
http://example.org/stkg/id/obs_rel_T90_BTR80_20260205T223828Z_117_e_c	http://example.org/stkg/relationType	http://example.org/stkg/id/relation_ahead_of
http://example.org/stkg/id/obs_rel_T90_BTR80_20260205T223828Z_117_e_c	http://example.org/stkg/time	"2026-02-05T22:38:28Z"^^<http://www.w3.org/2001/XMLSchema#dateTime>
http://example.org/stkg/id/obs_rel_BTR80_K2BlackPanther_20260205T223829Z_118_c_d	http://www.w3.org/1999/02/22-rdf-syntax-ns#type	http://example.org/stkg/id/SpatialRelationObservation
http://example.org/stkg/id/obs_rel_BTR80_K2BlackPanther_20260205T223829Z_118_c_d	http://example.org/stkg/subjectEntity	http://example.org/stkg/id/platform_BTR80
http://example.org/stkg/id/obs_rel_BTR80_K2BlackPanther_20260205T223829Z_118_c_d	http://example.org/stkg/objectEntity	http://example.org/stkg/id/platform_K2BlackPanther
http://example.org/stkg/id/obs_rel_BTR80_K2BlackPanther_20260205T223829Z_118_c_d	http://example.org/stkg/relationType	http://example.org/stkg/id/relation_behind_of
http://example.org/stkg/id/obs_rel_BTR80_K2BlackPanther_20260205T223829Z_118_c_d	http://example.org/stkg/time	"2026-02-05T22:38:29Z"^^<http://www.w3.org/2001/XMLSchema#dateTime>
http://example.org/stkg/id/obs_rel_K2BlackPanther_BTR80_20260205T223829Z_118_d_c	http://www.w3.org/1999/02/22-rdf-syntax-ns#type	http://example.org/stkg/id/SpatialRelationObservation
http://example.org/stkg/id/obs_rel_K2BlackPanther_BTR80_20260205T223829Z_118_d_c	http://example.org/stkg/subjectEntity	http://example.org/stkg/id/platform_K2BlackPanther
http://example.org/stkg/id/obs_rel_K2BlackPanther_BTR80_20260205T223829Z_118_d_c	http://example.org/stkg/objectEntity	http://example.org/stkg/id/platform_BTR80
http://example.org/stkg/id/obs_rel_K2BlackPanther_BTR80_20260205T223829Z_118_d_c	http://example.org/stkg/relationType	http://example.org/stkg/id/relation_ahead_of
http://example.org/stkg/id/obs_rel_K2BlackPanther_BTR80_20260205T223829Z_118_d_c	http://example.org/stkg/time	"2026-02-05T22:38:29Z"^^<http://www.w3.org/2001/XMLSchema#dateTime>
http://example.org/stkg/id/obs_rel_K2BlackPanther_T90_20260205T223829Z_118_d_e	http://www.w3.org/1999/02/22-rdf-syntax-ns#type	http://example.org/stkg/id/SpatialRelationObservation
http://example.org/stkg/id/obs_rel_K2BlackPanther_T90_20260205T223829Z_118_d_e	http://example.org/stkg/subjectEntity	http://example.org/stkg/id/platform_K2BlackPanther
http://example.org/stkg/id/obs_rel_K2BlackPanther_T90_20260205T223829Z_118_d_e	http://example.org/stkg/objectEntity	http://example.org/stkg/id/platform_T90
http://example.org/stkg/id/obs_rel_K2BlackPanther_T90_20260205T223829Z_118_d_e	http://example.org/stkg/relationType	http://example.org/stkg/id/relation_behind_of
http://example.org/stkg/id/obs_rel_K2BlackPanther_T90_20260205T223829Z_118_d_e	http://example.org/stkg/time	"2026-02-05T22:38:29Z"^^<http://www.w3.org/2001/XMLSchema#dateTime>
http://example.org/stkg/id/obs_rel_T90_K2BlackPanther_20260205T223829Z_118_e_d	http://www.w3.org/1999/02/22-rdf-syntax-ns#type	http://example.org/stkg/id/SpatialRelationObservation
http://example.org/stkg/id/obs_rel_T90_K2BlackPanther_20260205T223829Z_118_e_d	http://example.org/stkg/subjectEntity	http://example.org/stkg/id/platform_T90
http://example.org/stkg/id/obs_rel_T90_K2BlackPanther_20260205T223829Z_118_e_d	http://example.org/stkg/objectEntity	http://example.org/stkg/id/platform_K2BlackPanther
http://example.org/stkg/id/obs_rel_T90_K2BlackPanther_20260205T223829Z_118_e_d	http://example.org/stkg/relationType	http://example.org/stkg/id/relation_ahead_of
http://example.org/stkg/id/obs_rel_T90_K2BlackPanther_20260205T223829Z_118_e_d	http://example.org/stkg/time	"2026-02-05T22:38:29Z"^^<http://www.w3.org/2001/XMLSchema#dateTime>
http://example.org/stkg/id/obs_rel_BTR80_T90_20260205T223829Z_118_c_e	http://www.w3.org/1999/02/22-rdf-syntax-ns#type	http://example.org/stkg/id/SpatialRelationObservation
http://example.org/stkg/id/obs_rel_BTR80_T90_20260205T223829Z_118_c_e	http://example.org/stkg/subjectEntity	http://example.org/stkg/id/platform_BTR80
http://example.org/stkg/id/obs_rel_BTR80_T90_20260205T223829Z_118_c_e	http://example.org/stkg/objectEntity	http://example.org/stkg/id/platform_T90
http://example.org/stkg/id/obs_rel_BTR80_T90_20260205T223829Z_118_c_e	http://example.org/stkg/relationType	http://example.org/stkg/id/relation_behind_of
http://example.org/stkg/id/obs_rel_BTR80_T90_20260205T223829Z_118_c_e	http://example.org/stkg/time	"2026-02-05T22:38:29Z"^^<http://www.w3.org/2001/XMLSchema#dateTime>
http://example.org/stkg/id/obs_rel_T90_BTR80_20260205T223829Z_118_e_c	http://www.w3.org/1999/02/22-rdf-syntax-ns#type	http://example.org/stkg/id/SpatialRelationObservation
http://example.org/stkg/id/obs_rel_T90_BTR80_20260205T223829Z_118_e_c	http://example.org/stkg/subjectEntity	http://example.org/stkg/id/platform_T90
http://example.org/stkg/id/obs_rel_T90_BTR80_20260205T223829Z_118_e_c	http://example.org/stkg/objectEntity	http://example.org/stkg/id/platform_BTR80
http://example.org/stkg/id/obs_rel_T90_BTR80_20260205T223829Z_118_e_c	http://example.org/stkg/relationType	http://example.org/stkg/id/relation_ahead_of
http://example.org/stkg/id/obs_rel_T90_BTR80_20260205T223829Z_118_e_c	http://example.org/stkg/time	"2026-02-05T22:38:29Z"^^<http://www.w3.org/2001/XMLSchema#dateTime>
http://example.org/stkg/id/obs_rel_BTR80_K2BlackPanther_20260205T223830Z_119_c_d	http://www.w3.org/1999/02/22-rdf-syntax-ns#type	http://example.org/stkg/id/SpatialRelationObservation
http://example.org/stkg/id/obs_rel_BTR80_K2BlackPanther_20260205T223830Z_119_c_d	http://example.org/stkg/subjectEntity	http://example.org/stkg/id/platform_BTR80
http://example.org/stkg/id/obs_rel_BTR80_K2BlackPanther_20260205T223830Z_119_c_d	http://example.org/stkg/objectEntity	http://example.org/stkg/id/platform_K2BlackPanther
http://example.org/stkg/id/obs_rel_BTR80_K2BlackPanther_20260205T223830Z_119_c_d	http://example.org/stkg/relationType	http://example.org/stkg/id/relation_behind_of
http://example.org/stkg/id/obs_rel_BTR80_K2BlackPanther_20260205T223830Z_119_c_d	http://example.org/stkg/time	"2026-02-05T22:38:30Z"^^<http://www.w3.org/2001/XMLSchema#dateTime>
http://example.org/stkg/id/obs_rel_K2BlackPanther_BTR80_20260205T223830Z_119_d_c	http://www.w3.org/1999/02/22-rdf-syntax-ns#type	http://example.org/stkg/id/SpatialRelationObservation
http://example.org/stkg/id/obs_rel_K2BlackPanther_BTR80_20260205T223830Z_119_d_c	http://example.org/stkg/subjectEntity	http://example.org/stkg/id/platform_K2BlackPanther
http://example.org/stkg/id/obs_rel_K2BlackPanther_BTR80_20260205T223830Z_119_d_c	http://example.org/stkg/objectEntity	http://example.org/stkg/id/platform_BTR80
http://example.org/stkg/id/obs_rel_K2BlackPanther_BTR80_20260205T223830Z_119_d_c	http://example.org/stkg/relationType	http://example.org/stkg/id/relation_ahead_of
http://example.org/stkg/id/obs_rel_K2BlackPanther_BTR80_20260205T223830Z_119_d_c	http://example.org/stkg/time	"2026-02-05T22:38:30Z"^^<http://www.w3.org/2001/XMLSchema#dateTime>
http://example.org/stkg/id/obs_rel_K2BlackPanther_T90_20260205T223830Z_119_d_e	http://www.w3.org/1999/02/22-rdf-syntax-ns#type	http://example.org/stkg/id/SpatialRelationObservation
http://example.org/stkg/id/obs_rel_K2BlackPanther_T90_20260205T223830Z_119_d_e	http://example.org/stkg/subjectEntity	http://example.org/stkg/id/platform_K2BlackPanther
http://example.org/stkg/id/obs_rel_K2BlackPanther_T90_20260205T223830Z_119_d_e	http://example.org/stkg/objectEntity	http://example.org/stkg/id/platform_T90
http://example.org/stkg/id/obs_rel_K2BlackPanther_T90_20260205T223830Z_119_d_e	http://example.org/stkg/relationType	http://example.org/stkg/id/relation_behind_of
http://example.org/stkg/id/obs_rel_K2BlackPanther_T90_20260205T223830Z_119_d_e	http://example.org/stkg/time	"2026-02-05T22:38:30Z"^^<http://www.w3.org/2001/XMLSchema#dateTime>
http://example.org/stkg/id/obs_rel_T90_K2BlackPanther_20260205T223830Z_119_e_d	http://www.w3.org/1999/02/22-rdf-syntax-ns#type	http://example.org/stkg/id/SpatialRelationObservation
http://example.org/stkg/id/obs_rel_T90_K2BlackPanther_20260205T223830Z_119_e_d	http://example.org/stkg/subjectEntity	http://example.org/stkg/id/platform_T90
http://example.org/stkg/id/obs_rel_T90_K2BlackPanther_20260205T223830Z_119_e_d	http://example.org/stkg/objectEntity	http://example.org/stkg/id/platform_K2BlackPanther
http://example.org/stkg/id/obs_rel_T90_K2BlackPanther_20260205T223830Z_119_e_d	http://example.org/stkg/relationType	http://example.org/stkg/id/relation_ahead_of
http://example.org/stkg/id/obs_rel_T90_K2BlackPanther_20260205T223830Z_119_e_d	http://example.org/stkg/time	"2026-02-05T22:38:30Z"^^<http://www.w3.org/2001/XMLSchema#dateTime>
http://example.org/stkg/id/obs_rel_BTR80_T90_20260205T223830Z_119_c_e	http://www.w3.org/1999/02/22-rdf-syntax-ns#type	http://example.org/stkg/id/SpatialRelationObservation
http://example.org/stkg/id/obs_rel_BTR80_T90_20260205T223830Z_119_c_e	http://example.org/stkg/subjectEntity	http://example.org/stkg/id/platform_BTR80
http://example.org/stkg/id/obs_rel_BTR80_T90_20260205T223830Z_119_c_e	http://example.org/stkg/objectEntity	http://example.org/stkg/id/platform_T90
http://example.org/stkg/id/obs_rel_BTR80_T90_20260205T223830Z_119_c_e	http://example.org/stkg/relationType	http://example.org/stkg/id/relation_behind_of
http://example.org/stkg/id/obs_rel_BTR80_T90_20260205T223830Z_119_c_e	http://example.org/stkg/time	"2026-02-05T22:38:30Z"^^<http://www.w3.org/2001/XMLSchema#dateTime>
http://example.org/stkg/id/obs_rel_T90_BTR80_20260205T223830Z_119_e_c	http://www.w3.org/1999/02/22-rdf-syntax-ns#type	http://example.org/stkg/id/SpatialRelationObservation
http://example.org/stkg/id/obs_rel_T90_BTR80_20260205T223830Z_119_e_c	http://example.org/stkg/subjectEntity	http://example.org/stkg/id/platform_T90
http://example.org/stkg/id/obs_rel_T90_BTR80_20260205T223830Z_119_e_c	http://example.org/stkg/objectEntity	http://example.org/stkg/id/platform_BTR80
http://example.org/stkg/id/obs_rel_T90_BTR80_20260205T223830Z_119_e_c	http://example.org/stkg/relationType	http://example.org/stkg/id/relation_ahead_of
http://example.org/stkg/id/obs_rel_T90_BTR80_20260205T223830Z_119_e_c	http://example.org/stkg/time	"2026-02-05T22:38:30Z"^^<http://www.w3.org/2001/XMLSchema#dateTime>
http://example.org/stkg/id/obs_rel_BTR80_K2BlackPanther_20260205T223831Z_120_c_d	http://www.w3.org/1999/02/22-rdf-syntax-ns#type	http://example.org/stkg/id/SpatialRelationObservation
http://example.org/stkg/id/obs_rel_BTR80_K2BlackPanther_20260205T223831Z_120_c_d	http://example.org/stkg/subjectEntity	http://example.org/stkg/id/platform_BTR80
http://example.org/stkg/id/obs_rel_BTR80_K2BlackPanther_20260205T223831Z_120_c_d	http://example.org/stkg/objectEntity	http://example.org/stkg/id/platform_K2BlackPanther
http://example.org/stkg/id/obs_rel_BTR80_K2BlackPanther_20260205T223831Z_120_c_d	http://example.org/stkg/relationType	http://example.org/stkg/id/relation_behind_of
http://example.org/stkg/id/obs_rel_BTR80_K2BlackPanther_20260205T223831Z_120_c_d	http://example.org/stkg/time	"2026-02-05T22:38:31Z"^^<http://www.w3.org/2001/XMLSchema#dateTime>
http://example.org/stkg/id/obs_rel_K2BlackPanther_BTR80_20260205T223831Z_120_d_c	http://www.w3.org/1999/02/22-rdf-syntax-ns#type	http://example.org/stkg/id/SpatialRelationObservation
http://example.org/stkg/id/obs_rel_K2BlackPanther_BTR80_20260205T223831Z_120_d_c	http://example.org/stkg/subjectEntity	http://example.org/stkg/id/platform_K2BlackPanther
http://example.org/stkg/id/obs_rel_K2BlackPanther_BTR80_20260205T223831Z_120_d_c	http://example.org/stkg/objectEntity	http://example.org/stkg/id/platform_BTR80
http://example.org/stkg/id/obs_rel_K2BlackPanther_BTR80_20260205T223831Z_120_d_c	http://example.org/stkg/relationType	http://example.org/stkg/id/relation_ahead_of
http://example.org/stkg/id/obs_rel_K2BlackPanther_BTR80_20260205T223831Z_120_d_c	http://example.org/stkg/time	"2026-02-05T22:38:31Z"^^<http://www.w3.org/2001/XMLSchema#dateTime>
http://example.org/stkg/id/obs_rel_K2BlackPanther_T90_20260205T223831Z_120_d_e	http://www.w3.org/1999/02/22-rdf-syntax-ns#type	http://example.org/stkg/id/SpatialRelationObservation
http://example.org/stkg/id/obs_rel_K2BlackPanther_T90_20260205T223831Z_120_d_e	http://example.org/stkg/subjectEntity	http://example.org/stkg/id/platform_K2BlackPanther
http://example.org/stkg/id/obs_rel_K2BlackPanther_T90_20260205T223831Z_120_d_e	http://example.org/stkg/objectEntity	http://example.org/stkg/id/platform_T90
http://example.org/stkg/id/obs_rel_K2BlackPanther_T90_20260205T223831Z_120_d_e	http://example.org/stkg/relationType	http://example.org/stkg/id/relation_behind_of
http://example.org/stkg/id/obs_rel_K2BlackPanther_T90_20260205T223831Z_120_d_e	http://example.org/stkg/time	"2026-02-05T22:38:31Z"^^<http://www.w3.org/2001/XMLSchema#dateTime>
http://example.org/stkg/id/obs_rel_T90_K2BlackPanther_20260205T223831Z_120_e_d	http://www.w3.org/1999/02/22-rdf-syntax-ns#type	http://example.org/stkg/id/SpatialRelationObservation
http://example.org/stkg/id/obs_rel_T90_K2BlackPanther_20260205T223831Z_120_e_d	http://example.org/stkg/subjectEntity	http://example.org/stkg/id/platform_T90
http://example.org/stkg/id/obs_rel_T90_K2BlackPanther_20260205T223831Z_120_e_d	http://example.org/stkg/objectEntity	http://example.org/stkg/id/platform_K2BlackPanther
http://example.org/stkg/id/obs_rel_T90_K2BlackPanther_20260205T223831Z_120_e_d	http://example.org/stkg/relationType	http://example.org/stkg/id/relation_ahead_of
http://example.org/stkg/id/obs_rel_T90_K2BlackPanther_20260205T223831Z_120_e_d	http://example.org/stkg/time	"2026-02-05T22:38:31Z"^^<http://www.w3.org/2001/XMLSchema#dateTime>
http://example.org/stkg/id/obs_rel_BTR80_T90_20260205T223831Z_120_c_e	http://www.w3.org/1999/02/22-rdf-syntax-ns#type	http://example.org/stkg/id/SpatialRelationObservation
http://example.org/stkg/id/obs_rel_BTR80_T90_20260205T223831Z_120_c_e	http://example.org/stkg/subjectEntity	http://example.org/stkg/id/platform_BTR80
http://example.org/stkg/id/obs_rel_BTR80_T90_20260205T223831Z_120_c_e	http://example.org/stkg/objectEntity	http://example.org/stkg/id/platform_T90
http://example.org/stkg/id/obs_rel_BTR80_T90_20260205T223831Z_120_c_e	http://example.org/stkg/relationType	http://example.org/stkg/id/relation_behind_of
http://example.org/stkg/id/obs_rel_BTR80_T90_20260205T223831Z_120_c_e	http://example.org/stkg/time	"2026-02-05T22:38:31Z"^^<http://www.w3.org/2001/XMLSchema#dateTime>
http://example.org/stkg/id/obs_rel_T90_BTR80_20260205T223831Z_120_e_c	http://www.w3.org/1999/02/22-rdf-syntax-ns#type	http://example.org/stkg/id/SpatialRelationObservation
http://example.org/stkg/id/obs_rel_T90_BTR80_20260205T223831Z_120_e_c	http://example.org/stkg/subjectEntity	http://example.org/stkg/id/platform_T90
http://example.org/stkg/id/obs_rel_T90_BTR80_20260205T223831Z_120_e_c	http://example.org/stkg/objectEntity	http://example.org/stkg/id/platform_BTR80
http://example.org/stkg/id/obs_rel_T90_BTR80_20260205T223831Z_120_e_c	http://example.org/stkg/relationType	http://example.org/stkg/id/relation_ahead_of
http://example.org/stkg/id/obs_rel_T90_BTR80_20260205T223831Z_120_e_c	http://example.org/stkg/time	"2026-02-05T22:38:31Z"^^<http://www.w3.org/2001/XMLSchema#dateTime>
http://example.org/stkg/id/obs_rel_BTR80_K2BlackPanther_20260205T223832Z_121_c_d	http://www.w3.org/1999/02/22-rdf-syntax-ns#type	http://example.org/stkg/id/SpatialRelationObservation
http://example.org/stkg/id/obs_rel_BTR80_K2BlackPanther_20260205T223832Z_121_c_d	http://example.org/stkg/subjectEntity	http://example.org/stkg/id/platform_BTR80
http://example.org/stkg/id/obs_rel_BTR80_K2BlackPanther_20260205T223832Z_121_c_d	http://example.org/stkg/objectEntity	http://example.org/stkg/id/platform_K2BlackPanther
http://example.org/stkg/id/obs_rel_BTR80_K2BlackPanther_20260205T223832Z_121_c_d	http://example.org/stkg/relationType	http://example.org/stkg/id/relation_behind_of
http://example.org/stkg/id/obs_rel_BTR80_K2BlackPanther_20260205T223832Z_121_c_d	http://example.org/stkg/time	"2026-02-05T22:38:32Z"^^<http://www.w3.org/2001/XMLSchema#dateTime>
http://example.org/stkg/id/obs_rel_K2BlackPanther_BTR80_20260205T223832Z_121_d_c	http://www.w3.org/1999/02/22-rdf-syntax-ns#type	http://example.org/stkg/id/SpatialRelationObservation
http://example.org/stkg/id/obs_rel_K2BlackPanther_BTR80_20260205T223832Z_121_d_c	http://example.org/stkg/subjectEntity	http://example.org/stkg/id/platform_K2BlackPanther
http://example.org/stkg/id/obs_rel_K2BlackPanther_BTR80_20260205T223832Z_121_d_c	http://example.org/stkg/objectEntity	http://example.org/stkg/id/platform_BTR80
http://example.org/stkg/id/obs_rel_K2BlackPanther_BTR80_20260205T223832Z_121_d_c	http://example.org/stkg/relationType	http://example.org/stkg/id/relation_ahead_of
http://example.org/stkg/id/obs_rel_K2BlackPanther_BTR80_20260205T223832Z_121_d_c	http://example.org/stkg/time	"2026-02-05T22:38:32Z"^^<http://www.w3.org/2001/XMLSchema#dateTime>
http://example.org/stkg/id/obs_rel_K2BlackPanther_T90_20260205T223832Z_121_d_e	http://www.w3.org/1999/02/22-rdf-syntax-ns#type	http://example.org/stkg/id/SpatialRelationObservation
http://example.org/stkg/id/obs_rel_K2BlackPanther_T90_20260205T223832Z_121_d_e	http://example.org/stkg/subjectEntity	http://example.org/stkg/id/platform_K2BlackPanther
http://example.org/stkg/id/obs_rel_K2BlackPanther_T90_20260205T223832Z_121_d_e	http://example.org/stkg/objectEntity	http://example.org/stkg/id/platform_T90
http://example.org/stkg/id/obs_rel_K2BlackPanther_T90_20260205T223832Z_121_d_e	http://example.org/stkg/relationType	http://example.org/stkg/id/relation_behind_of
http://example.org/stkg/id/obs_rel_K2BlackPanther_T90_20260205T223832Z_121_d_e	http://example.org/stkg/time	"2026-02-05T22:38:32Z"^^<http://www.w3.org/2001/XMLSchema#dateTime>
http://example.org/stkg/id/obs_rel_T90_K2BlackPanther_20260205T223832Z_121_e_d	http://www.w3.org/1999/02/22-rdf-syntax-ns#type	http://example.org/stkg/id/SpatialRelationObservation
http://example.org/stkg/id/obs_rel_T90_K2BlackPanther_20260205T223832Z_121_e_d	http://example.org/stkg/subjectEntity	http://example.org/stkg/id/platform_T90
http://example.org/stkg/id/obs_rel_T90_K2BlackPanther_20260205T223832Z_121_e_d	http://example.org/stkg/objectEntity	http://example.org/stkg/id/platform_K2BlackPanther
http://example.org/stkg/id/obs_rel_T90_K2BlackPanther_20260205T223832Z_121_e_d	http://example.org/stkg/relationType	http://example.org/stkg/id/relation_ahead_of
http://example.org/stkg/id/obs_rel_T90_K2BlackPanther_20260205T223832Z_121_e_d	http://example.org/stkg/time	"2026-02-05T22:38:32Z"^^<http://www.w3.org/2001/XMLSchema#dateTime>
http://example.org/stkg/id/obs_rel_BTR80_T90_20260205T223832Z_121_c_e	http://www.w3.org/1999/02/22-rdf-syntax-ns#type	http://example.org/stkg/id/SpatialRelationObservation
http://example.org/stkg/id/obs_rel_BTR80_T90_20260205T223832Z_121_c_e	http://example.org/stkg/subjectEntity	http://example.org/stkg/id/platform_BTR80
http://example.org/stkg/id/obs_rel_BTR80_T90_20260205T223832Z_121_c_e	http://example.org/stkg/objectEntity	http://example.org/stkg/id/platform_T90
http://example.org/stkg/id/obs_rel_BTR80_T90_20260205T223832Z_121_c_e	http://example.org/stkg/relationType	http://example.org/stkg/id/relation_behind_of
http://example.org/stkg/id/obs_rel_BTR80_T90_20260205T223832Z_121_c_e	http://example.org/stkg/time	"2026-02-05T22:38:32Z"^^<http://www.w3.org/2001/XMLSchema#dateTime>
http://example.org/stkg/id/obs_rel_T90_BTR80_20260205T223832Z_121_e_c	http://www.w3.org/1999/02/22-rdf-syntax-ns#type	http://example.org/stkg/id/SpatialRelationObservation
http://example.org/stkg/id/obs_rel_T90_BTR80_20260205T223832Z_121_e_c	http://example.org/stkg/subjectEntity	http://example.org/stkg/id/platform_T90
http://example.org/stkg/id/obs_rel_T90_BTR80_20260205T223832Z_121_e_c	http://example.org/stkg/objectEntity	http://example.org/stkg/id/platform_BTR80
http://example.org/stkg/id/obs_rel_T90_BTR80_20260205T223832Z_121_e_c	http://example.org/stkg/relationType	http://example.org/stkg/id/relation_ahead_of
http://example.org/stkg/id/obs_rel_T90_BTR80_20260205T223832Z_121_e_c	http://example.org/stkg/time	"2026-02-05T22:38:32Z"^^<http://www.w3.org/2001/XMLSchema#dateTime>
http://example.org/stkg/id/obs_rel_BTR80_K2BlackPanther_20260205T223833Z_122_c_d	http://www.w3.org/1999/02/22-rdf-syntax-ns#type	http://example.org/stkg/id/SpatialRelationObservation
http://example.org/stkg/id/obs_rel_BTR80_K2BlackPanther_20260205T223833Z_122_c_d	http://example.org/stkg/subjectEntity	http://example.org/stkg/id/platform_BTR80
http://example.org/stkg/id/obs_rel_BTR80_K2BlackPanther_20260205T223833Z_122_c_d	http://example.org/stkg/objectEntity	http://example.org/stkg/id/platform_K2BlackPanther
http://example.org/stkg/id/obs_rel_BTR80_K2BlackPanther_20260205T223833Z_122_c_d	http://example.org/stkg/relationType	http://example.org/stkg/id/relation_behind_of
http://example.org/stkg/id/obs_rel_BTR80_K2BlackPanther_20260205T223833Z_122_c_d	http://example.org/stkg/time	"2026-02-05T22:38:33Z"^^<http://www.w3.org/2001/XMLSchema#dateTime>
http://example.org/stkg/id/obs_rel_K2BlackPanther_BTR80_20260205T223833Z_122_d_c	http://www.w3.org/1999/02/22-rdf-syntax-ns#type	http://example.org/stkg/id/SpatialRelationObservation
http://example.org/stkg/id/obs_rel_K2BlackPanther_BTR80_20260205T223833Z_122_d_c	http://example.org/stkg/subjectEntity	http://example.org/stkg/id/platform_K2BlackPanther
http://example.org/stkg/id/obs_rel_K2BlackPanther_BTR80_20260205T223833Z_122_d_c	http://example.org/stkg/objectEntity	http://example.org/stkg/id/platform_BTR80
http://example.org/stkg/id/obs_rel_K2BlackPanther_BTR80_20260205T223833Z_122_d_c	http://example.org/stkg/relationType	http://example.org/stkg/id/relation_ahead_of
http://example.org/stkg/id/obs_rel_K2BlackPanther_BTR80_20260205T223833Z_122_d_c	http://example.org/stkg/time	"2026-02-05T22:38:33Z"^^<http://www.w3.org/2001/XMLSchema#dateTime>
http://example.org/stkg/id/obs_rel_K2BlackPanther_T90_20260205T223833Z_122_d_e	http://www.w3.org/1999/02/22-rdf-syntax-ns#type	http://example.org/stkg/id/SpatialRelationObservation
http://example.org/stkg/id/obs_rel_K2BlackPanther_T90_20260205T223833Z_122_d_e	http://example.org/stkg/subjectEntity	http://example.org/stkg/id/platform_K2BlackPanther
http://example.org/stkg/id/obs_rel_K2BlackPanther_T90_20260205T223833Z_122_d_e	http://example.org/stkg/objectEntity	http://example.org/stkg/id/platform_T90
http://example.org/stkg/id/obs_rel_K2BlackPanther_T90_20260205T223833Z_122_d_e	http://example.org/stkg/relationType	http://example.org/stkg/id/relation_behind_of
http://example.org/stkg/id/obs_rel_K2BlackPanther_T90_20260205T223833Z_122_d_e	http://example.org/stkg/time	"2026-02-05T22:38:33Z"^^<http://www.w3.org/2001/XMLSchema#dateTime>
http://example.org/stkg/id/obs_rel_T90_K2BlackPanther_20260205T223833Z_122_e_d	http://www.w3.org/1999/02/22-rdf-syntax-ns#type	http://example.org/stkg/id/SpatialRelationObservation
http://example.org/stkg/id/obs_rel_T90_K2BlackPanther_20260205T223833Z_122_e_d	http://example.org/stkg/subjectEntity	http://example.org/stkg/id/platform_T90
http://example.org/stkg/id/obs_rel_T90_K2BlackPanther_20260205T223833Z_122_e_d	http://example.org/stkg/objectEntity	http://example.org/stkg/id/platform_K2BlackPanther
http://example.org/stkg/id/obs_rel_T90_K2BlackPanther_20260205T223833Z_122_e_d	http://example.org/stkg/relationType	http://example.org/stkg/id/relation_ahead_of
http://example.org/stkg/id/obs_rel_T90_K2BlackPanther_20260205T223833Z_122_e_d	http://example.org/stkg/time	"2026-02-05T22:38:33Z"^^<http://www.w3.org/2001/XMLSchema#dateTime>
http://example.org/stkg/id/obs_rel_BTR80_T90_20260205T223833Z_122_c_e	http://www.w3.org/1999/02/22-rdf-syntax-ns#type	http://example.org/stkg/id/SpatialRelationObservation
http://example.org/stkg/id/obs_rel_BTR80_T90_20260205T223833Z_122_c_e	http://example.org/stkg/subjectEntity	http://example.org/stkg/id/platform_BTR80
http://example.org/stkg/id/obs_rel_BTR80_T90_20260205T223833Z_122_c_e	http://example.org/stkg/objectEntity	http://example.org/stkg/id/platform_T90
http://example.org/stkg/id/obs_rel_BTR80_T90_20260205T223833Z_122_c_e	http://example.org/stkg/relationType	http://example.org/stkg/id/relation_behind_of
http://example.org/stkg/id/obs_rel_BTR80_T90_20260205T223833Z_122_c_e	http://example.org/stkg/time	"2026-02-05T22:38:33Z"^^<http://www.w3.org/2001/XMLSchema#dateTime>
http://example.org/stkg/id/obs_rel_T90_BTR80_20260205T223833Z_122_e_c	http://www.w3.org/1999/02/22-rdf-syntax-ns#type	http://example.org/stkg/id/SpatialRelationObservation
http://example.org/stkg/id/obs_rel_T90_BTR80_20260205T223833Z_122_e_c	http://example.org/stkg/subjectEntity	http://example.org/stkg/id/platform_T90
http://example.org/stkg/id/obs_rel_T90_BTR80_20260205T223833Z_122_e_c	http://example.org/stkg/objectEntity	http://example.org/stkg/id/platform_BTR80
http://example.org/stkg/id/obs_rel_T90_BTR80_20260205T223833Z_122_e_c	http://example.org/stkg/relationType	http://example.org/stkg/id/relation_ahead_of
http://example.org/stkg/id/obs_rel_T90_BTR80_20260205T223833Z_122_e_c	http://example.org/stkg/time	"2026-02-05T22:38:33Z"^^<http://www.w3.org/2001/XMLSchema#dateTime>
http://example.org/stkg/id/obs_rel_BTR80_K2BlackPanther_20260205T223834Z_123_c_d	http://www.w3.org/1999/02/22-rdf-syntax-ns#type	http://example.org/stkg/id/SpatialRelationObservation
http://example.org/stkg/id/obs_rel_BTR80_K2BlackPanther_20260205T223834Z_123_c_d	http://example.org/stkg/subjectEntity	http://example.org/stkg/id/platform_BTR80
http://example.org/stkg/id/obs_rel_BTR80_K2BlackPanther_20260205T223834Z_123_c_d	http://example.org/stkg/objectEntity	http://example.org/stkg/id/platform_K2BlackPanther
http://example.org/stkg/id/obs_rel_BTR80_K2BlackPanther_20260205T223834Z_123_c_d	http://example.org/stkg/relationType	http://example.org/stkg/id/relation_behind_of
http://example.org/stkg/id/obs_rel_BTR80_K2BlackPanther_20260205T223834Z_123_c_d	http://example.org/stkg/time	"2026-02-05T22:38:34Z"^^<http://www.w3.org/2001/XMLSchema#dateTime>
http://example.org/stkg/id/obs_rel_K2BlackPanther_BTR80_20260205T223834Z_123_d_c	http://www.w3.org/1999/02/22-rdf-syntax-ns#type	http://example.org/stkg/id/SpatialRelationObservation
http://example.org/stkg/id/obs_rel_K2BlackPanther_BTR80_20260205T223834Z_123_d_c	http://example.org/stkg/subjectEntity	http://example.org/stkg/id/platform_K2BlackPanther
http://example.org/stkg/id/obs_rel_K2BlackPanther_BTR80_20260205T223834Z_123_d_c	http://example.org/stkg/objectEntity	http://example.org/stkg/id/platform_BTR80
http://example.org/stkg/id/obs_rel_K2BlackPanther_BTR80_20260205T223834Z_123_d_c	http://example.org/stkg/relationType	http://example.org/stkg/id/relation_ahead_of
http://example.org/stkg/id/obs_rel_K2BlackPanther_BTR80_20260205T223834Z_123_d_c	http://example.org/stkg/time	"2026-02-05T22:38:34Z"^^<http://www.w3.org/2001/XMLSchema#dateTime>
http://example.org/stkg/id/obs_rel_K2BlackPanther_T90_20260205T223834Z_123_d_e	http://www.w3.org/1999/02/22-rdf-syntax-ns#type	http://example.org/stkg/id/SpatialRelationObservation
http://example.org/stkg/id/obs_rel_K2BlackPanther_T90_20260205T223834Z_123_d_e	http://example.org/stkg/subjectEntity	http://example.org/stkg/id/platform_K2BlackPanther
http://example.org/stkg/id/obs_rel_K2BlackPanther_T90_20260205T223834Z_123_d_e	http://example.org/stkg/objectEntity	http://example.org/stkg/id/platform_T90
http://example.org/stkg/id/obs_rel_K2BlackPanther_T90_20260205T223834Z_123_d_e	http://example.org/stkg/relationType	http://example.org/stkg/id/relation_behind_of
http://example.org/stkg/id/obs_rel_K2BlackPanther_T90_20260205T223834Z_123_d_e	http://example.org/stkg/time	"2026-02-05T22:38:34Z"^^<http://www.w3.org/2001/XMLSchema#dateTime>
http://example.org/stkg/id/obs_rel_T90_K2BlackPanther_20260205T223834Z_123_e_d	http://www.w3.org/1999/02/22-rdf-syntax-ns#type	http://example.org/stkg/id/SpatialRelationObservation
http://example.org/stkg/id/obs_rel_T90_K2BlackPanther_20260205T223834Z_123_e_d	http://example.org/stkg/subjectEntity	http://example.org/stkg/id/platform_T90
http://example.org/stkg/id/obs_rel_T90_K2BlackPanther_20260205T223834Z_123_e_d	http://example.org/stkg/objectEntity	http://example.org/stkg/id/platform_K2BlackPanther
http://example.org/stkg/id/obs_rel_T90_K2BlackPanther_20260205T223834Z_123_e_d	http://example.org/stkg/relationType	http://example.org/stkg/id/relation_ahead_of
http://example.org/stkg/id/obs_rel_T90_K2BlackPanther_20260205T223834Z_123_e_d	http://example.org/stkg/time	"2026-02-05T22:38:34Z"^^<http://www.w3.org/2001/XMLSchema#dateTime>
http://example.org/stkg/id/obs_rel_BTR80_T90_20260205T223834Z_123_c_e	http://www.w3.org/1999/02/22-rdf-syntax-ns#type	http://example.org/stkg/id/SpatialRelationObservation
http://example.org/stkg/id/obs_rel_BTR80_T90_20260205T223834Z_123_c_e	http://example.org/stkg/subjectEntity	http://example.org/stkg/id/platform_BTR80
http://example.org/stkg/id/obs_rel_BTR80_T90_20260205T223834Z_123_c_e	http://example.org/stkg/objectEntity	http://example.org/stkg/id/platform_T90
http://example.org/stkg/id/obs_rel_BTR80_T90_20260205T223834Z_123_c_e	http://example.org/stkg/relationType	http://example.org/stkg/id/relation_behind_of
http://example.org/stkg/id/obs_rel_BTR80_T90_20260205T223834Z_123_c_e	http://example.org/stkg/time	"2026-02-05T22:38:34Z"^^<http://www.w3.org/2001/XMLSchema#dateTime>
http://example.org/stkg/id/obs_rel_T90_BTR80_20260205T223834Z_123_e_c	http://www.w3.org/1999/02/22-rdf-syntax-ns#type	http://example.org/stkg/id/SpatialRelationObservation
http://example.org/stkg/id/obs_rel_T90_BTR80_20260205T223834Z_123_e_c	http://example.org/stkg/subjectEntity	http://example.org/stkg/id/platform_T90
http://example.org/stkg/id/obs_rel_T90_BTR80_20260205T223834Z_123_e_c	http://example.org/stkg/objectEntity	http://example.org/stkg/id/platform_BTR80
http://example.org/stkg/id/obs_rel_T90_BTR80_20260205T223834Z_123_e_c	http://example.org/stkg/relationType	http://example.org/stkg/id/relation_ahead_of
http://example.org/stkg/id/obs_rel_T90_BTR80_20260205T223834Z_123_e_c	http://example.org/stkg/time	"2026-02-05T22:38:34Z"^^<http://www.w3.org/2001/XMLSchema#dateTime>
http://example.org/stkg/id/obs_rel_BTR80_K2BlackPanther_20260205T223835Z_124_c_d	http://www.w3.org/1999/02/22-rdf-syntax-ns#type	http://example.org/stkg/id/SpatialRelationObservation
http://example.org/stkg/id/obs_rel_BTR80_K2BlackPanther_20260205T223835Z_124_c_d	http://example.org/stkg/subjectEntity	http://example.org/stkg/id/platform_BTR80
http://example.org/stkg/id/obs_rel_BTR80_K2BlackPanther_20260205T223835Z_124_c_d	http://example.org/stkg/objectEntity	http://example.org/stkg/id/platform_K2BlackPanther
http://example.org/stkg/id/obs_rel_BTR80_K2BlackPanther_20260205T223835Z_124_c_d	http://example.org/stkg/relationType	http://example.org/stkg/id/relation_behind_of
http://example.org/stkg/id/obs_rel_BTR80_K2BlackPanther_20260205T223835Z_124_c_d	http://example.org/stkg/time	"2026-02-05T22:38:35Z"^^<http://www.w3.org/2001/XMLSchema#dateTime>
http://example.org/stkg/id/obs_rel_K2BlackPanther_BTR80_20260205T223835Z_124_d_c	http://www.w3.org/1999/02/22-rdf-syntax-ns#type	http://example.org/stkg/id/SpatialRelationObservation
http://example.org/stkg/id/obs_rel_K2BlackPanther_BTR80_20260205T223835Z_124_d_c	http://example.org/stkg/subjectEntity	http://example.org/stkg/id/platform_K2BlackPanther
http://example.org/stkg/id/obs_rel_K2BlackPanther_BTR80_20260205T223835Z_124_d_c	http://example.org/stkg/objectEntity	http://example.org/stkg/id/platform_BTR80
http://example.org/stkg/id/obs_rel_K2BlackPanther_BTR80_20260205T223835Z_124_d_c	http://example.org/stkg/relationType	http://example.org/stkg/id/relation_ahead_of
http://example.org/stkg/id/obs_rel_K2BlackPanther_BTR80_20260205T223835Z_124_d_c	http://example.org/stkg/time	"2026-02-05T22:38:35Z"^^<http://www.w3.org/2001/XMLSchema#dateTime>
http://example.org/stkg/id/obs_rel_K2BlackPanther_T90_20260205T223835Z_124_d_e	http://www.w3.org/1999/02/22-rdf-syntax-ns#type	http://example.org/stkg/id/SpatialRelationObservation
http://example.org/stkg/id/obs_rel_K2BlackPanther_T90_20260205T223835Z_124_d_e	http://example.org/stkg/subjectEntity	http://example.org/stkg/id/platform_K2BlackPanther
http://example.org/stkg/id/obs_rel_K2BlackPanther_T90_20260205T223835Z_124_d_e	http://example.org/stkg/objectEntity	http://example.org/stkg/id/platform_T90
http://example.org/stkg/id/obs_rel_K2BlackPanther_T90_20260205T223835Z_124_d_e	http://example.org/stkg/relationType	http://example.org/stkg/id/relation_behind_of
http://example.org/stkg/id/obs_rel_K2BlackPanther_T90_20260205T223835Z_124_d_e	http://example.org/stkg/time	"2026-02-05T22:38:35Z"^^<http://www.w3.org/2001/XMLSchema#dateTime>
http://example.org/stkg/id/obs_rel_T90_K2BlackPanther_20260205T223835Z_124_e_d	http://www.w3.org/1999/02/22-rdf-syntax-ns#type	http://example.org/stkg/id/SpatialRelationObservation
http://example.org/stkg/id/obs_rel_T90_K2BlackPanther_20260205T223835Z_124_e_d	http://example.org/stkg/subjectEntity	http://example.org/stkg/id/platform_T90
http://example.org/stkg/id/obs_rel_T90_K2BlackPanther_20260205T223835Z_124_e_d	http://example.org/stkg/objectEntity	http://example.org/stkg/id/platform_K2BlackPanther
http://example.org/stkg/id/obs_rel_T90_K2BlackPanther_20260205T223835Z_124_e_d	http://example.org/stkg/relationType	http://example.org/stkg/id/relation_ahead_of
http://example.org/stkg/id/obs_rel_T90_K2BlackPanther_20260205T223835Z_124_e_d	http://example.org/stkg/time	"2026-02-05T22:38:35Z"^^<http://www.w3.org/2001/XMLSchema#dateTime>
http://example.org/stkg/id/obs_rel_BTR80_T90_20260205T223835Z_124_c_e	http://www.w3.org/1999/02/22-rdf-syntax-ns#type	http://example.org/stkg/id/SpatialRelationObservation
http://example.org/stkg/id/obs_rel_BTR80_T90_20260205T223835Z_124_c_e	http://example.org/stkg/subjectEntity	http://example.org/stkg/id/platform_BTR80
http://example.org/stkg/id/obs_rel_BTR80_T90_20260205T223835Z_124_c_e	http://example.org/stkg/objectEntity	http://example.org/stkg/id/platform_T90
http://example.org/stkg/id/obs_rel_BTR80_T90_20260205T223835Z_124_c_e	http://example.org/stkg/relationType	http://example.org/stkg/id/relation_behind_of
http://example.org/stkg/id/obs_rel_BTR80_T90_20260205T223835Z_124_c_e	http://example.org/stkg/time	"2026-02-05T22:38:35Z"^^<http://www.w3.org/2001/XMLSchema#dateTime>
http://example.org/stkg/id/obs_rel_T90_BTR80_20260205T223835Z_124_e_c	http://www.w3.org/1999/02/22-rdf-syntax-ns#type	http://example.org/stkg/id/SpatialRelationObservation
http://example.org/stkg/id/obs_rel_T90_BTR80_20260205T223835Z_124_e_c	http://example.org/stkg/subjectEntity	http://example.org/stkg/id/platform_T90
http://example.org/stkg/id/obs_rel_T90_BTR80_20260205T223835Z_124_e_c	http://example.org/stkg/objectEntity	http://example.org/stkg/id/platform_BTR80
http://example.org/stkg/id/obs_rel_T90_BTR80_20260205T223835Z_124_e_c	http://example.org/stkg/relationType	http://example.org/stkg/id/relation_ahead_of
http://example.org/stkg/id/obs_rel_T90_BTR80_20260205T223835Z_124_e_c	http://example.org/stkg/time	"2026-02-05T22:38:35Z"^^<http://www.w3.org/2001/XMLSchema#dateTime>
http://example.org/stkg/id/obs_rel_BTR80_K2BlackPanther_20260205T223836Z_125_c_d	http://www.w3.org/1999/02/22-rdf-syntax-ns#type	http://example.org/stkg/id/SpatialRelationObservation
http://example.org/stkg/id/obs_rel_BTR80_K2BlackPanther_20260205T223836Z_125_c_d	http://example.org/stkg/subjectEntity	http://example.org/stkg/id/platform_BTR80
http://example.org/stkg/id/obs_rel_BTR80_K2BlackPanther_20260205T223836Z_125_c_d	http://example.org/stkg/objectEntity	http://example.org/stkg/id/platform_K2BlackPanther
http://example.org/stkg/id/obs_rel_BTR80_K2BlackPanther_20260205T223836Z_125_c_d	http://example.org/stkg/relationType	http://example.org/stkg/id/relation_behind_of
http://example.org/stkg/id/obs_rel_BTR80_K2BlackPanther_20260205T223836Z_125_c_d	http://example.org/stkg/time	"2026-02-05T22:38:36Z"^^<http://www.w3.org/2001/XMLSchema#dateTime>
http://example.org/stkg/id/obs_rel_K2BlackPanther_BTR80_20260205T223836Z_125_d_c	http://www.w3.org/1999/02/22-rdf-syntax-ns#type	http://example.org/stkg/id/SpatialRelationObservation
http://example.org/stkg/id/obs_rel_K2BlackPanther_BTR80_20260205T223836Z_125_d_c	http://example.org/stkg/subjectEntity	http://example.org/stkg/id/platform_K2BlackPanther
http://example.org/stkg/id/obs_rel_K2BlackPanther_BTR80_20260205T223836Z_125_d_c	http://example.org/stkg/objectEntity	http://example.org/stkg/id/platform_BTR80
http://example.org/stkg/id/obs_rel_K2BlackPanther_BTR80_20260205T223836Z_125_d_c	http://example.org/stkg/relationType	http://example.org/stkg/id/relation_ahead_of
http://example.org/stkg/id/obs_rel_K2BlackPanther_BTR80_20260205T223836Z_125_d_c	http://example.org/stkg/time	"2026-02-05T22:38:36Z"^^<http://www.w3.org/2001/XMLSchema#dateTime>
http://example.org/stkg/id/obs_rel_K2BlackPanther_T90_20260205T223836Z_125_d_e	http://www.w3.org/1999/02/22-rdf-syntax-ns#type	http://example.org/stkg/id/SpatialRelationObservation
http://example.org/stkg/id/obs_rel_K2BlackPanther_T90_20260205T223836Z_125_d_e	http://example.org/stkg/subjectEntity	http://example.org/stkg/id/platform_K2BlackPanther
http://example.org/stkg/id/obs_rel_K2BlackPanther_T90_20260205T223836Z_125_d_e	http://example.org/stkg/objectEntity	http://example.org/stkg/id/platform_T90
http://example.org/stkg/id/obs_rel_K2BlackPanther_T90_20260205T223836Z_125_d_e	http://example.org/stkg/relationType	http://example.org/stkg/id/relation_behind_of
http://example.org/stkg/id/obs_rel_K2BlackPanther_T90_20260205T223836Z_125_d_e	http://example.org/stkg/time	"2026-02-05T22:38:36Z"^^<http://www.w3.org/2001/XMLSchema#dateTime>
http://example.org/stkg/id/obs_rel_T90_K2BlackPanther_20260205T223836Z_125_e_d	http://www.w3.org/1999/02/22-rdf-syntax-ns#type	http://example.org/stkg/id/SpatialRelationObservation
http://example.org/stkg/id/obs_rel_T90_K2BlackPanther_20260205T223836Z_125_e_d	http://example.org/stkg/subjectEntity	http://example.org/stkg/id/platform_T90
http://example.org/stkg/id/obs_rel_T90_K2BlackPanther_20260205T223836Z_125_e_d	http://example.org/stkg/objectEntity	http://example.org/stkg/id/platform_K2BlackPanther
http://example.org/stkg/id/obs_rel_T90_K2BlackPanther_20260205T223836Z_125_e_d	http://example.org/stkg/relationType	http://example.org/stkg/id/relation_ahead_of
http://example.org/stkg/id/obs_rel_T90_K2BlackPanther_20260205T223836Z_125_e_d	http://example.org/stkg/time	"2026-02-05T22:38:36Z"^^<http://www.w3.org/2001/XMLSchema#dateTime>
http://example.org/stkg/id/obs_rel_BTR80_T90_20260205T223836Z_125_c_e	http://www.w3.org/1999/02/22-rdf-syntax-ns#type	http://example.org/stkg/id/SpatialRelationObservation
http://example.org/stkg/id/obs_rel_BTR80_T90_20260205T223836Z_125_c_e	http://example.org/stkg/subjectEntity	http://example.org/stkg/id/platform_BTR80
http://example.org/stkg/id/obs_rel_BTR80_T90_20260205T223836Z_125_c_e	http://example.org/stkg/objectEntity	http://example.org/stkg/id/platform_T90
http://example.org/stkg/id/obs_rel_BTR80_T90_20260205T223836Z_125_c_e	http://example.org/stkg/relationType	http://example.org/stkg/id/relation_behind_of
http://example.org/stkg/id/obs_rel_BTR80_T90_20260205T223836Z_125_c_e	http://example.org/stkg/time	"2026-02-05T22:38:36Z"^^<http://www.w3.org/2001/XMLSchema#dateTime>
http://example.org/stkg/id/obs_rel_T90_BTR80_20260205T223836Z_125_e_c	http://www.w3.org/1999/02/22-rdf-syntax-ns#type	http://example.org/stkg/id/SpatialRelationObservation
http://example.org/stkg/id/obs_rel_T90_BTR80_20260205T223836Z_125_e_c	http://example.org/stkg/subjectEntity	http://example.org/stkg/id/platform_T90
http://example.org/stkg/id/obs_rel_T90_BTR80_20260205T223836Z_125_e_c	http://example.org/stkg/objectEntity	http://example.org/stkg/id/platform_BTR80
http://example.org/stkg/id/obs_rel_T90_BTR80_20260205T223836Z_125_e_c	http://example.org/stkg/relationType	http://example.org/stkg/id/relation_ahead_of
http://example.org/stkg/id/obs_rel_T90_BTR80_20260205T223836Z_125_e_c	http://example.org/stkg/time	"2026-02-05T22:38:36Z"^^<http://www.w3.org/2001/XMLSchema#dateTime>
http://example.org/stkg/id/obs_rel_BTR80_K2BlackPanther_20260205T223837Z_126_c_d	http://www.w3.org/1999/02/22-rdf-syntax-ns#type	http://example.org/stkg/id/SpatialRelationObservation
http://example.org/stkg/id/obs_rel_BTR80_K2BlackPanther_20260205T223837Z_126_c_d	http://example.org/stkg/subjectEntity	http://example.org/stkg/id/platform_BTR80
http://example.org/stkg/id/obs_rel_BTR80_K2BlackPanther_20260205T223837Z_126_c_d	http://example.org/stkg/objectEntity	http://example.org/stkg/id/platform_K2BlackPanther
http://example.org/stkg/id/obs_rel_BTR80_K2BlackPanther_20260205T223837Z_126_c_d	http://example.org/stkg/relationType	http://example.org/stkg/id/relation_behind_of
http://example.org/stkg/id/obs_rel_BTR80_K2BlackPanther_20260205T223837Z_126_c_d	http://example.org/stkg/time	"2026-02-05T22:38:37Z"^^<http://www.w3.org/2001/XMLSchema#dateTime>
http://example.org/stkg/id/obs_rel_K2BlackPanther_BTR80_20260205T223837Z_126_d_c	http://www.w3.org/1999/02/22-rdf-syntax-ns#type	http://example.org/stkg/id/SpatialRelationObservation
http://example.org/stkg/id/obs_rel_K2BlackPanther_BTR80_20260205T223837Z_126_d_c	http://example.org/stkg/subjectEntity	http://example.org/stkg/id/platform_K2BlackPanther
http://example.org/stkg/id/obs_rel_K2BlackPanther_BTR80_20260205T223837Z_126_d_c	http://example.org/stkg/objectEntity	http://example.org/stkg/id/platform_BTR80
http://example.org/stkg/id/obs_rel_K2BlackPanther_BTR80_20260205T223837Z_126_d_c	http://example.org/stkg/relationType	http://example.org/stkg/id/relation_ahead_of
http://example.org/stkg/id/obs_rel_K2BlackPanther_BTR80_20260205T223837Z_126_d_c	http://example.org/stkg/time	"2026-02-05T22:38:37Z"^^<http://www.w3.org/2001/XMLSchema#dateTime>
http://example.org/stkg/id/obs_rel_K2BlackPanther_T90_20260205T223837Z_126_d_e	http://www.w3.org/1999/02/22-rdf-syntax-ns#type	http://example.org/stkg/id/SpatialRelationObservation
http://example.org/stkg/id/obs_rel_K2BlackPanther_T90_20260205T223837Z_126_d_e	http://example.org/stkg/subjectEntity	http://example.org/stkg/id/platform_K2BlackPanther
http://example.org/stkg/id/obs_rel_K2BlackPanther_T90_20260205T223837Z_126_d_e	http://example.org/stkg/objectEntity	http://example.org/stkg/id/platform_T90
http://example.org/stkg/id/obs_rel_K2BlackPanther_T90_20260205T223837Z_126_d_e	http://example.org/stkg/relationType	http://example.org/stkg/id/relation_behind_of
http://example.org/stkg/id/obs_rel_K2BlackPanther_T90_20260205T223837Z_126_d_e	http://example.org/stkg/time	"2026-02-05T22:38:37Z"^^<http://www.w3.org/2001/XMLSchema#dateTime>
http://example.org/stkg/id/obs_rel_T90_K2BlackPanther_20260205T223837Z_126_e_d	http://www.w3.org/1999/02/22-rdf-syntax-ns#type	http://example.org/stkg/id/SpatialRelationObservation
http://example.org/stkg/id/obs_rel_T90_K2BlackPanther_20260205T223837Z_126_e_d	http://example.org/stkg/subjectEntity	http://example.org/stkg/id/platform_T90
http://example.org/stkg/id/obs_rel_T90_K2BlackPanther_20260205T223837Z_126_e_d	http://example.org/stkg/objectEntity	http://example.org/stkg/id/platform_K2BlackPanther
http://example.org/stkg/id/obs_rel_T90_K2BlackPanther_20260205T223837Z_126_e_d	http://example.org/stkg/relationType	http://example.org/stkg/id/relation_ahead_of
http://example.org/stkg/id/obs_rel_T90_K2BlackPanther_20260205T223837Z_126_e_d	http://example.org/stkg/time	"2026-02-05T22:38:37Z"^^<http://www.w3.org/2001/XMLSchema#dateTime>
http://example.org/stkg/id/obs_rel_BTR80_T90_20260205T223837Z_126_c_e	http://www.w3.org/1999/02/22-rdf-syntax-ns#type	http://example.org/stkg/id/SpatialRelationObservation
http://example.org/stkg/id/obs_rel_BTR80_T90_20260205T223837Z_126_c_e	http://example.org/stkg/subjectEntity	http://example.org/stkg/id/platform_BTR80
http://example.org/stkg/id/obs_rel_BTR80_T90_20260205T223837Z_126_c_e	http://example.org/stkg/objectEntity	http://example.org/stkg/id/platform_T90
http://example.org/stkg/id/obs_rel_BTR80_T90_20260205T223837Z_126_c_e	http://example.org/stkg/relationType	http://example.org/stkg/id/relation_behind_of
http://example.org/stkg/id/obs_rel_BTR80_T90_20260205T223837Z_126_c_e	http://example.org/stkg/time	"2026-02-05T22:38:37Z"^^<http://www.w3.org/2001/XMLSchema#dateTime>
http://example.org/stkg/id/obs_rel_T90_BTR80_20260205T223837Z_126_e_c	http://www.w3.org/1999/02/22-rdf-syntax-ns#type	http://example.org/stkg/id/SpatialRelationObservation
http://example.org/stkg/id/obs_rel_T90_BTR80_20260205T223837Z_126_e_c	http://example.org/stkg/subjectEntity	http://example.org/stkg/id/platform_T90
http://example.org/stkg/id/obs_rel_T90_BTR80_20260205T223837Z_126_e_c	http://example.org/stkg/objectEntity	http://example.org/stkg/id/platform_BTR80
http://example.org/stkg/id/obs_rel_T90_BTR80_20260205T223837Z_126_e_c	http://example.org/stkg/relationType	http://example.org/stkg/id/relation_ahead_of
http://example.org/stkg/id/obs_rel_T90_BTR80_20260205T223837Z_126_e_c	http://example.org/stkg/time	"2026-02-05T22:38:37Z"^^<http://www.w3.org/2001/XMLSchema#dateTime>
http://example.org/stkg/id/obs_rel_BTR80_K2BlackPanther_20260205T223838Z_127_c_d	http://www.w3.org/1999/02/22-rdf-syntax-ns#type	http://example.org/stkg/id/SpatialRelationObservation
http://example.org/stkg/id/obs_rel_BTR80_K2BlackPanther_20260205T223838Z_127_c_d	http://example.org/stkg/subjectEntity	http://example.org/stkg/id/platform_BTR80
http://example.org/stkg/id/obs_rel_BTR80_K2BlackPanther_20260205T223838Z_127_c_d	http://example.org/stkg/objectEntity	http://example.org/stkg/id/platform_K2BlackPanther
http://example.org/stkg/id/obs_rel_BTR80_K2BlackPanther_20260205T223838Z_127_c_d	http://example.org/stkg/relationType	http://example.org/stkg/id/relation_behind_of
http://example.org/stkg/id/obs_rel_BTR80_K2BlackPanther_20260205T223838Z_127_c_d	http://example.org/stkg/time	"2026-02-05T22:38:38Z"^^<http://www.w3.org/2001/XMLSchema#dateTime>
http://example.org/stkg/id/obs_rel_K2BlackPanther_BTR80_20260205T223838Z_127_d_c	http://www.w3.org/1999/02/22-rdf-syntax-ns#type	http://example.org/stkg/id/SpatialRelationObservation
http://example.org/stkg/id/obs_rel_K2BlackPanther_BTR80_20260205T223838Z_127_d_c	http://example.org/stkg/subjectEntity	http://example.org/stkg/id/platform_K2BlackPanther
http://example.org/stkg/id/obs_rel_K2BlackPanther_BTR80_20260205T223838Z_127_d_c	http://example.org/stkg/objectEntity	http://example.org/stkg/id/platform_BTR80
http://example.org/stkg/id/obs_rel_K2BlackPanther_BTR80_20260205T223838Z_127_d_c	http://example.org/stkg/relationType	http://example.org/stkg/id/relation_ahead_of
http://example.org/stkg/id/obs_rel_K2BlackPanther_BTR80_20260205T223838Z_127_d_c	http://example.org/stkg/time	"2026-02-05T22:38:38Z"^^<http://www.w3.org/2001/XMLSchema#dateTime>
http://example.org/stkg/id/obs_rel_K2BlackPanther_T90_20260205T223838Z_127_d_e	http://www.w3.org/1999/02/22-rdf-syntax-ns#type	http://example.org/stkg/id/SpatialRelationObservation
http://example.org/stkg/id/obs_rel_K2BlackPanther_T90_20260205T223838Z_127_d_e	http://example.org/stkg/subjectEntity	http://example.org/stkg/id/platform_K2BlackPanther
http://example.org/stkg/id/obs_rel_K2BlackPanther_T90_20260205T223838Z_127_d_e	http://example.org/stkg/objectEntity	http://example.org/stkg/id/platform_T90
http://example.org/stkg/id/obs_rel_K2BlackPanther_T90_20260205T223838Z_127_d_e	http://example.org/stkg/relationType	http://example.org/stkg/id/relation_behind_of
http://example.org/stkg/id/obs_rel_K2BlackPanther_T90_20260205T223838Z_127_d_e	http://example.org/stkg/time	"2026-02-05T22:38:38Z"^^<http://www.w3.org/2001/XMLSchema#dateTime>
http://example.org/stkg/id/obs_rel_T90_K2BlackPanther_20260205T223838Z_127_e_d	http://www.w3.org/1999/02/22-rdf-syntax-ns#type	http://example.org/stkg/id/SpatialRelationObservation
http://example.org/stkg/id/obs_rel_T90_K2BlackPanther_20260205T223838Z_127_e_d	http://example.org/stkg/subjectEntity	http://example.org/stkg/id/platform_T90
http://example.org/stkg/id/obs_rel_T90_K2BlackPanther_20260205T223838Z_127_e_d	http://example.org/stkg/objectEntity	http://example.org/stkg/id/platform_K2BlackPanther
http://example.org/stkg/id/obs_rel_T90_K2BlackPanther_20260205T223838Z_127_e_d	http://example.org/stkg/relationType	http://example.org/stkg/id/relation_ahead_of
http://example.org/stkg/id/obs_rel_T90_K2BlackPanther_20260205T223838Z_127_e_d	http://example.org/stkg/time	"2026-02-05T22:38:38Z"^^<http://www.w3.org/2001/XMLSchema#dateTime>
http://example.org/stkg/id/obs_rel_BTR80_T90_20260205T223838Z_127_c_e	http://www.w3.org/1999/02/22-rdf-syntax-ns#type	http://example.org/stkg/id/SpatialRelationObservation
http://example.org/stkg/id/obs_rel_BTR80_T90_20260205T223838Z_127_c_e	http://example.org/stkg/subjectEntity	http://example.org/stkg/id/platform_BTR80
http://example.org/stkg/id/obs_rel_BTR80_T90_20260205T223838Z_127_c_e	http://example.org/stkg/objectEntity	http://example.org/stkg/id/platform_T90
http://example.org/stkg/id/obs_rel_BTR80_T90_20260205T223838Z_127_c_e	http://example.org/stkg/relationType	http://example.org/stkg/id/relation_behind_of
http://example.org/stkg/id/obs_rel_BTR80_T90_20260205T223838Z_127_c_e	http://example.org/stkg/time	"2026-02-05T22:38:38Z"^^<http://www.w3.org/2001/XMLSchema#dateTime>
http://example.org/stkg/id/obs_rel_T90_BTR80_20260205T223838Z_127_e_c	http://www.w3.org/1999/02/22-rdf-syntax-ns#type	http://example.org/stkg/id/SpatialRelationObservation
http://example.org/stkg/id/obs_rel_T90_BTR80_20260205T223838Z_127_e_c	http://example.org/stkg/subjectEntity	http://example.org/stkg/id/platform_T90
http://example.org/stkg/id/obs_rel_T90_BTR80_20260205T223838Z_127_e_c	http://example.org/stkg/objectEntity	http://example.org/stkg/id/platform_BTR80
http://example.org/stkg/id/obs_rel_T90_BTR80_20260205T223838Z_127_e_c	http://example.org/stkg/relationType	http://example.org/stkg/id/relation_ahead_of
http://example.org/stkg/id/obs_rel_T90_BTR80_20260205T223838Z_127_e_c	http://example.org/stkg/time	"2026-02-05T22:38:38Z"^^<http://www.w3.org/2001/XMLSchema#dateTime>
http://example.org/stkg/id/obs_rel_BTR80_K2BlackPanther_20260205T223839Z_128_c_d	http://www.w3.org/1999/02/22-rdf-syntax-ns#type	http://example.org/stkg/id/SpatialRelationObservation
http://example.org/stkg/id/obs_rel_BTR80_K2BlackPanther_20260205T223839Z_128_c_d	http://example.org/stkg/subjectEntity	http://example.org/stkg/id/platform_BTR80
http://example.org/stkg/id/obs_rel_BTR80_K2BlackPanther_20260205T223839Z_128_c_d	http://example.org/stkg/objectEntity	http://example.org/stkg/id/platform_K2BlackPanther
http://example.org/stkg/id/obs_rel_BTR80_K2BlackPanther_20260205T223839Z_128_c_d	http://example.org/stkg/relationType	http://example.org/stkg/id/relation_behind_of
http://example.org/stkg/id/obs_rel_BTR80_K2BlackPanther_20260205T223839Z_128_c_d	http://example.org/stkg/time	"2026-02-05T22:38:39Z"^^<http://www.w3.org/2001/XMLSchema#dateTime>
http://example.org/stkg/id/obs_rel_K2BlackPanther_BTR80_20260205T223839Z_128_d_c	http://www.w3.org/1999/02/22-rdf-syntax-ns#type	http://example.org/stkg/id/SpatialRelationObservation
http://example.org/stkg/id/obs_rel_K2BlackPanther_BTR80_20260205T223839Z_128_d_c	http://example.org/stkg/subjectEntity	http://example.org/stkg/id/platform_K2BlackPanther
http://example.org/stkg/id/obs_rel_K2BlackPanther_BTR80_20260205T223839Z_128_d_c	http://example.org/stkg/objectEntity	http://example.org/stkg/id/platform_BTR80
http://example.org/stkg/id/obs_rel_K2BlackPanther_BTR80_20260205T223839Z_128_d_c	http://example.org/stkg/relationType	http://example.org/stkg/id/relation_ahead_of
http://example.org/stkg/id/obs_rel_K2BlackPanther_BTR80_20260205T223839Z_128_d_c	http://example.org/stkg/time	"2026-02-05T22:38:39Z"^^<http://www.w3.org/2001/XMLSchema#dateTime>
http://example.org/stkg/id/obs_rel_K2BlackPanther_T90_20260205T223839Z_128_d_e	http://www.w3.org/1999/02/22-rdf-syntax-ns#type	http://example.org/stkg/id/SpatialRelationObservation
http://example.org/stkg/id/obs_rel_K2BlackPanther_T90_20260205T223839Z_128_d_e	http://example.org/stkg/subjectEntity	http://example.org/stkg/id/platform_K2BlackPanther
http://example.org/stkg/id/obs_rel_K2BlackPanther_T90_20260205T223839Z_128_d_e	http://example.org/stkg/objectEntity	http://example.org/stkg/id/platform_T90
http://example.org/stkg/id/obs_rel_K2BlackPanther_T90_20260205T223839Z_128_d_e	http://example.org/stkg/relationType	http://example.org/stkg/id/relation_behind_of
http://example.org/stkg/id/obs_rel_K2BlackPanther_T90_20260205T223839Z_128_d_e	http://example.org/stkg/time	"2026-02-05T22:38:39Z"^^<http://www.w3.org/2001/XMLSchema#dateTime>
http://example.org/stkg/id/obs_rel_T90_K2BlackPanther_20260205T223839Z_128_e_d	http://www.w3.org/1999/02/22-rdf-syntax-ns#type	http://example.org/stkg/id/SpatialRelationObservation
http://example.org/stkg/id/obs_rel_T90_K2BlackPanther_20260205T223839Z_128_e_d	http://example.org/stkg/subjectEntity	http://example.org/stkg/id/platform_T90
http://example.org/stkg/id/obs_rel_T90_K2BlackPanther_20260205T223839Z_128_e_d	http://example.org/stkg/objectEntity	http://example.org/stkg/id/platform_K2BlackPanther
http://example.org/stkg/id/obs_rel_T90_K2BlackPanther_20260205T223839Z_128_e_d	http://example.org/stkg/relationType	http://example.org/stkg/id/relation_ahead_of
http://example.org/stkg/id/obs_rel_T90_K2BlackPanther_20260205T223839Z_128_e_d	http://example.org/stkg/time	"2026-02-05T22:38:39Z"^^<http://www.w3.org/2001/XMLSchema#dateTime>
http://example.org/stkg/id/obs_rel_BTR80_T90_20260205T223839Z_128_c_e	http://www.w3.org/1999/02/22-rdf-syntax-ns#type	http://example.org/stkg/id/SpatialRelationObservation
http://example.org/stkg/id/obs_rel_BTR80_T90_20260205T223839Z_128_c_e	http://example.org/stkg/subjectEntity	http://example.org/stkg/id/platform_BTR80
http://example.org/stkg/id/obs_rel_BTR80_T90_20260205T223839Z_128_c_e	http://example.org/stkg/objectEntity	http://example.org/stkg/id/platform_T90
http://example.org/stkg/id/obs_rel_BTR80_T90_20260205T223839Z_128_c_e	http://example.org/stkg/relationType	http://example.org/stkg/id/relation_behind_of
http://example.org/stkg/id/obs_rel_BTR80_T90_20260205T223839Z_128_c_e	http://example.org/stkg/time	"2026-02-05T22:38:39Z"^^<http://www.w3.org/2001/XMLSchema#dateTime>
http://example.org/stkg/id/obs_rel_T90_BTR80_20260205T223839Z_128_e_c	http://www.w3.org/1999/02/22-rdf-syntax-ns#type	http://example.org/stkg/id/SpatialRelationObservation
http://example.org/stkg/id/obs_rel_T90_BTR80_20260205T223839Z_128_e_c	http://example.org/stkg/subjectEntity	http://example.org/stkg/id/platform_T90
http://example.org/stkg/id/obs_rel_T90_BTR80_20260205T223839Z_128_e_c	http://example.org/stkg/objectEntity	http://example.org/stkg/id/platform_BTR80
http://example.org/stkg/id/obs_rel_T90_BTR80_20260205T223839Z_128_e_c	http://example.org/stkg/relationType	http://example.org/stkg/id/relation_ahead_of
http://example.org/stkg/id/obs_rel_T90_BTR80_20260205T223839Z_128_e_c	http://example.org/stkg/time	"2026-02-05T22:38:39Z"^^<http://www.w3.org/2001/XMLSchema#dateTime>
http://example.org/stkg/id/obs_rel_BTR80_K2BlackPanther_20260205T223840Z_129_c_d	http://www.w3.org/1999/02/22-rdf-syntax-ns#type	http://example.org/stkg/id/SpatialRelationObservation
http://example.org/stkg/id/obs_rel_BTR80_K2BlackPanther_20260205T223840Z_129_c_d	http://example.org/stkg/subjectEntity	http://example.org/stkg/id/platform_BTR80
http://example.org/stkg/id/obs_rel_BTR80_K2BlackPanther_20260205T223840Z_129_c_d	http://example.org/stkg/objectEntity	http://example.org/stkg/id/platform_K2BlackPanther
http://example.org/stkg/id/obs_rel_BTR80_K2BlackPanther_20260205T223840Z_129_c_d	http://example.org/stkg/relationType	http://example.org/stkg/id/relation_behind_of
http://example.org/stkg/id/obs_rel_BTR80_K2BlackPanther_20260205T223840Z_129_c_d	http://example.org/stkg/time	"2026-02-05T22:38:40Z"^^<http://www.w3.org/2001/XMLSchema#dateTime>
http://example.org/stkg/id/obs_rel_K2BlackPanther_BTR80_20260205T223840Z_129_d_c	http://www.w3.org/1999/02/22-rdf-syntax-ns#type	http://example.org/stkg/id/SpatialRelationObservation
http://example.org/stkg/id/obs_rel_K2BlackPanther_BTR80_20260205T223840Z_129_d_c	http://example.org/stkg/subjectEntity	http://example.org/stkg/id/platform_K2BlackPanther
http://example.org/stkg/id/obs_rel_K2BlackPanther_BTR80_20260205T223840Z_129_d_c	http://example.org/stkg/objectEntity	http://example.org/stkg/id/platform_BTR80
http://example.org/stkg/id/obs_rel_K2BlackPanther_BTR80_20260205T223840Z_129_d_c	http://example.org/stkg/relationType	http://example.org/stkg/id/relation_ahead_of
http://example.org/stkg/id/obs_rel_K2BlackPanther_BTR80_20260205T223840Z_129_d_c	http://example.org/stkg/time	"2026-02-05T22:38:40Z"^^<http://www.w3.org/2001/XMLSchema#dateTime>
http://example.org/stkg/id/obs_rel_K2BlackPanther_T90_20260205T223840Z_129_d_e	http://www.w3.org/1999/02/22-rdf-syntax-ns#type	http://example.org/stkg/id/SpatialRelationObservation
http://example.org/stkg/id/obs_rel_K2BlackPanther_T90_20260205T223840Z_129_d_e	http://example.org/stkg/subjectEntity	http://example.org/stkg/id/platform_K2BlackPanther
http://example.org/stkg/id/obs_rel_K2BlackPanther_T90_20260205T223840Z_129_d_e	http://example.org/stkg/objectEntity	http://example.org/stkg/id/platform_T90
http://example.org/stkg/id/obs_rel_K2BlackPanther_T90_20260205T223840Z_129_d_e	http://example.org/stkg/relationType	http://example.org/stkg/id/relation_behind_of
http://example.org/stkg/id/obs_rel_K2BlackPanther_T90_20260205T223840Z_129_d_e	http://example.org/stkg/time	"2026-02-05T22:38:40Z"^^<http://www.w3.org/2001/XMLSchema#dateTime>
http://example.org/stkg/id/obs_rel_T90_K2BlackPanther_20260205T223840Z_129_e_d	http://www.w3.org/1999/02/22-rdf-syntax-ns#type	http://example.org/stkg/id/SpatialRelationObservation
http://example.org/stkg/id/obs_rel_T90_K2BlackPanther_20260205T223840Z_129_e_d	http://example.org/stkg/subjectEntity	http://example.org/stkg/id/platform_T90
http://example.org/stkg/id/obs_rel_T90_K2BlackPanther_20260205T223840Z_129_e_d	http://example.org/stkg/objectEntity	http://example.org/stkg/id/platform_K2BlackPanther
http://example.org/stkg/id/obs_rel_T90_K2BlackPanther_20260205T223840Z_129_e_d	http://example.org/stkg/relationType	http://example.org/stkg/id/relation_ahead_of
http://example.org/stkg/id/obs_rel_T90_K2BlackPanther_20260205T223840Z_129_e_d	http://example.org/stkg/time	"2026-02-05T22:38:40Z"^^<http://www.w3.org/2001/XMLSchema#dateTime>
http://example.org/stkg/id/obs_rel_BTR80_T90_20260205T223840Z_129_c_e	http://www.w3.org/1999/02/22-rdf-syntax-ns#type	http://example.org/stkg/id/SpatialRelationObservation
http://example.org/stkg/id/obs_rel_BTR80_T90_20260205T223840Z_129_c_e	http://example.org/stkg/subjectEntity	http://example.org/stkg/id/platform_BTR80
http://example.org/stkg/id/obs_rel_BTR80_T90_20260205T223840Z_129_c_e	http://example.org/stkg/objectEntity	http://example.org/stkg/id/platform_T90
http://example.org/stkg/id/obs_rel_BTR80_T90_20260205T223840Z_129_c_e	http://example.org/stkg/relationType	http://example.org/stkg/id/relation_behind_of
http://example.org/stkg/id/obs_rel_BTR80_T90_20260205T223840Z_129_c_e	http://example.org/stkg/time	"2026-02-05T22:38:40Z"^^<http://www.w3.org/2001/XMLSchema#dateTime>
http://example.org/stkg/id/obs_rel_T90_BTR80_20260205T223840Z_129_e_c	http://www.w3.org/1999/02/22-rdf-syntax-ns#type	http://example.org/stkg/id/SpatialRelationObservation
http://example.org/stkg/id/obs_rel_T90_BTR80_20260205T223840Z_129_e_c	http://example.org/stkg/subjectEntity	http://example.org/stkg/id/platform_T90
http://example.org/stkg/id/obs_rel_T90_BTR80_20260205T223840Z_129_e_c	http://example.org/stkg/objectEntity	http://example.org/stkg/id/platform_BTR80
http://example.org/stkg/id/obs_rel_T90_BTR80_20260205T223840Z_129_e_c	http://example.org/stkg/relationType	http://example.org/stkg/id/relation_ahead_of
http://example.org/stkg/id/obs_rel_T90_BTR80_20260205T223840Z_129_e_c	http://example.org/stkg/time	"2026-02-05T22:38:40Z"^^<http://www.w3.org/2001/XMLSchema#dateTime>
http://example.org/stkg/id/obs_rel_BTR80_K2BlackPanther_20260205T223841Z_130_c_d	http://www.w3.org/1999/02/22-rdf-syntax-ns#type	http://example.org/stkg/id/SpatialRelationObservation
http://example.org/stkg/id/obs_rel_BTR80_K2BlackPanther_20260205T223841Z_130_c_d	http://example.org/stkg/subjectEntity	http://example.org/stkg/id/platform_BTR80
http://example.org/stkg/id/obs_rel_BTR80_K2BlackPanther_20260205T223841Z_130_c_d	http://example.org/stkg/objectEntity	http://example.org/stkg/id/platform_K2BlackPanther
http://example.org/stkg/id/obs_rel_BTR80_K2BlackPanther_20260205T223841Z_130_c_d	http://example.org/stkg/relationType	http://example.org/stkg/id/relation_behind_of
http://example.org/stkg/id/obs_rel_BTR80_K2BlackPanther_20260205T223841Z_130_c_d	http://example.org/stkg/time	"2026-02-05T22:38:41Z"^^<http://www.w3.org/2001/XMLSchema#dateTime>
http://example.org/stkg/id/obs_rel_K2BlackPanther_BTR80_20260205T223841Z_130_d_c	http://www.w3.org/1999/02/22-rdf-syntax-ns#type	http://example.org/stkg/id/SpatialRelationObservation
http://example.org/stkg/id/obs_rel_K2BlackPanther_BTR80_20260205T223841Z_130_d_c	http://example.org/stkg/subjectEntity	http://example.org/stkg/id/platform_K2BlackPanther
http://example.org/stkg/id/obs_rel_K2BlackPanther_BTR80_20260205T223841Z_130_d_c	http://example.org/stkg/objectEntity	http://example.org/stkg/id/platform_BTR80
http://example.org/stkg/id/obs_rel_K2BlackPanther_BTR80_20260205T223841Z_130_d_c	http://example.org/stkg/relationType	http://example.org/stkg/id/relation_ahead_of
http://example.org/stkg/id/obs_rel_K2BlackPanther_BTR80_20260205T223841Z_130_d_c	http://example.org/stkg/time	"2026-02-05T22:38:41Z"^^<http://www.w3.org/2001/XMLSchema#dateTime>
http://example.org/stkg/id/obs_rel_K2BlackPanther_T90_20260205T223841Z_130_d_e	http://www.w3.org/1999/02/22-rdf-syntax-ns#type	http://example.org/stkg/id/SpatialRelationObservation
http://example.org/stkg/id/obs_rel_K2BlackPanther_T90_20260205T223841Z_130_d_e	http://example.org/stkg/subjectEntity	http://example.org/stkg/id/platform_K2BlackPanther
http://example.org/stkg/id/obs_rel_K2BlackPanther_T90_20260205T223841Z_130_d_e	http://example.org/stkg/objectEntity	http://example.org/stkg/id/platform_T90
http://example.org/stkg/id/obs_rel_K2BlackPanther_T90_20260205T223841Z_130_d_e	http://example.org/stkg/relationType	http://example.org/stkg/id/relation_behind_of
http://example.org/stkg/id/obs_rel_K2BlackPanther_T90_20260205T223841Z_130_d_e	http://example.org/stkg/time	"2026-02-05T22:38:41Z"^^<http://www.w3.org/2001/XMLSchema#dateTime>
http://example.org/stkg/id/obs_rel_T90_K2BlackPanther_20260205T223841Z_130_e_d	http://www.w3.org/1999/02/22-rdf-syntax-ns#type	http://example.org/stkg/id/SpatialRelationObservation
http://example.org/stkg/id/obs_rel_T90_K2BlackPanther_20260205T223841Z_130_e_d	http://example.org/stkg/subjectEntity	http://example.org/stkg/id/platform_T90
http://example.org/stkg/id/obs_rel_T90_K2BlackPanther_20260205T223841Z_130_e_d	http://example.org/stkg/objectEntity	http://example.org/stkg/id/platform_K2BlackPanther
http://example.org/stkg/id/obs_rel_T90_K2BlackPanther_20260205T223841Z_130_e_d	http://example.org/stkg/relationType	http://example.org/stkg/id/relation_ahead_of
http://example.org/stkg/id/obs_rel_T90_K2BlackPanther_20260205T223841Z_130_e_d	http://example.org/stkg/time	"2026-02-05T22:38:41Z"^^<http://www.w3.org/2001/XMLSchema#dateTime>
http://example.org/stkg/id/obs_rel_BTR80_T90_20260205T223841Z_130_c_e	http://www.w3.org/1999/02/22-rdf-syntax-ns#type	http://example.org/stkg/id/SpatialRelationObservation
http://example.org/stkg/id/obs_rel_BTR80_T90_20260205T223841Z_130_c_e	http://example.org/stkg/subjectEntity	http://example.org/stkg/id/platform_BTR80
http://example.org/stkg/id/obs_rel_BTR80_T90_20260205T223841Z_130_c_e	http://example.org/stkg/objectEntity	http://example.org/stkg/id/platform_T90
http://example.org/stkg/id/obs_rel_BTR80_T90_20260205T223841Z_130_c_e	http://example.org/stkg/relationType	http://example.org/stkg/id/relation_behind_of
http://example.org/stkg/id/obs_rel_BTR80_T90_20260205T223841Z_130_c_e	http://example.org/stkg/time	"2026-02-05T22:38:41Z"^^<http://www.w3.org/2001/XMLSchema#dateTime>
http://example.org/stkg/id/obs_rel_T90_BTR80_20260205T223841Z_130_e_c	http://www.w3.org/1999/02/22-rdf-syntax-ns#type	http://example.org/stkg/id/SpatialRelationObservation
http://example.org/stkg/id/obs_rel_T90_BTR80_20260205T223841Z_130_e_c	http://example.org/stkg/subjectEntity	http://example.org/stkg/id/platform_T90
http://example.org/stkg/id/obs_rel_T90_BTR80_20260205T223841Z_130_e_c	http://example.org/stkg/objectEntity	http://example.org/stkg/id/platform_BTR80
http://example.org/stkg/id/obs_rel_T90_BTR80_20260205T223841Z_130_e_c	http://example.org/stkg/relationType	http://example.org/stkg/id/relation_ahead_of
http://example.org/stkg/id/obs_rel_T90_BTR80_20260205T223841Z_130_e_c	http://example.org/stkg/time	"2026-02-05T22:38:41Z"^^<http://www.w3.org/2001/XMLSchema#dateTime>
http://example.org/stkg/id/obs_rel_BTR80_K2BlackPanther_20260205T223842Z_131_c_d	http://www.w3.org/1999/02/22-rdf-syntax-ns#type	http://example.org/stkg/id/SpatialRelationObservation
http://example.org/stkg/id/obs_rel_BTR80_K2BlackPanther_20260205T223842Z_131_c_d	http://example.org/stkg/subjectEntity	http://example.org/stkg/id/platform_BTR80
http://example.org/stkg/id/obs_rel_BTR80_K2BlackPanther_20260205T223842Z_131_c_d	http://example.org/stkg/objectEntity	http://example.org/stkg/id/platform_K2BlackPanther
http://example.org/stkg/id/obs_rel_BTR80_K2BlackPanther_20260205T223842Z_131_c_d	http://example.org/stkg/relationType	http://example.org/stkg/id/relation_behind_of
http://example.org/stkg/id/obs_rel_BTR80_K2BlackPanther_20260205T223842Z_131_c_d	http://example.org/stkg/time	"2026-02-05T22:38:42Z"^^<http://www.w3.org/2001/XMLSchema#dateTime>
http://example.org/stkg/id/obs_rel_K2BlackPanther_BTR80_20260205T223842Z_131_d_c	http://www.w3.org/1999/02/22-rdf-syntax-ns#type	http://example.org/stkg/id/SpatialRelationObservation
http://example.org/stkg/id/obs_rel_K2BlackPanther_BTR80_20260205T223842Z_131_d_c	http://example.org/stkg/subjectEntity	http://example.org/stkg/id/platform_K2BlackPanther
http://example.org/stkg/id/obs_rel_K2BlackPanther_BTR80_20260205T223842Z_131_d_c	http://example.org/stkg/objectEntity	http://example.org/stkg/id/platform_BTR80
http://example.org/stkg/id/obs_rel_K2BlackPanther_BTR80_20260205T223842Z_131_d_c	http://example.org/stkg/relationType	http://example.org/stkg/id/relation_ahead_of
http://example.org/stkg/id/obs_rel_K2BlackPanther_BTR80_20260205T223842Z_131_d_c	http://example.org/stkg/time	"2026-02-05T22:38:42Z"^^<http://www.w3.org/2001/XMLSchema#dateTime>
http://example.org/stkg/id/obs_rel_K2BlackPanther_T90_20260205T223842Z_131_d_e	http://www.w3.org/1999/02/22-rdf-syntax-ns#type	http://example.org/stkg/id/SpatialRelationObservation
http://example.org/stkg/id/obs_rel_K2BlackPanther_T90_20260205T223842Z_131_d_e	http://example.org/stkg/subjectEntity	http://example.org/stkg/id/platform_K2BlackPanther
http://example.org/stkg/id/obs_rel_K2BlackPanther_T90_20260205T223842Z_131_d_e	http://example.org/stkg/objectEntity	http://example.org/stkg/id/platform_T90
http://example.org/stkg/id/obs_rel_K2BlackPanther_T90_20260205T223842Z_131_d_e	http://example.org/stkg/relationType	http://example.org/stkg/id/relation_behind_of
http://example.org/stkg/id/obs_rel_K2BlackPanther_T90_20260205T223842Z_131_d_e	http://example.org/stkg/time	"2026-02-05T22:38:42Z"^^<http://www.w3.org/2001/XMLSchema#dateTime>
http://example.org/stkg/id/obs_rel_T90_K2BlackPanther_20260205T223842Z_131_e_d	http://www.w3.org/1999/02/22-rdf-syntax-ns#type	http://example.org/stkg/id/SpatialRelationObservation
http://example.org/stkg/id/obs_rel_T90_K2BlackPanther_20260205T223842Z_131_e_d	http://example.org/stkg/subjectEntity	http://example.org/stkg/id/platform_T90
http://example.org/stkg/id/obs_rel_T90_K2BlackPanther_20260205T223842Z_131_e_d	http://example.org/stkg/objectEntity	http://example.org/stkg/id/platform_K2BlackPanther
http://example.org/stkg/id/obs_rel_T90_K2BlackPanther_20260205T223842Z_131_e_d	http://example.org/stkg/relationType	http://example.org/stkg/id/relation_ahead_of
http://example.org/stkg/id/obs_rel_T90_K2BlackPanther_20260205T223842Z_131_e_d	http://example.org/stkg/time	"2026-02-05T22:38:42Z"^^<http://www.w3.org/2001/XMLSchema#dateTime>
http://example.org/stkg/id/obs_rel_BTR80_T90_20260205T223842Z_131_c_e	http://www.w3.org/1999/02/22-rdf-syntax-ns#type	http://example.org/stkg/id/SpatialRelationObservation
http://example.org/stkg/id/obs_rel_BTR80_T90_20260205T223842Z_131_c_e	http://example.org/stkg/subjectEntity	http://example.org/stkg/id/platform_BTR80
http://example.org/stkg/id/obs_rel_BTR80_T90_20260205T223842Z_131_c_e	http://example.org/stkg/objectEntity	http://example.org/stkg/id/platform_T90
http://example.org/stkg/id/obs_rel_BTR80_T90_20260205T223842Z_131_c_e	http://example.org/stkg/relationType	http://example.org/stkg/id/relation_behind_of
http://example.org/stkg/id/obs_rel_BTR80_T90_20260205T223842Z_131_c_e	http://example.org/stkg/time	"2026-02-05T22:38:42Z"^^<http://www.w3.org/2001/XMLSchema#dateTime>
http://example.org/stkg/id/obs_rel_T90_BTR80_20260205T223842Z_131_e_c	http://www.w3.org/1999/02/22-rdf-syntax-ns#type	http://example.org/stkg/id/SpatialRelationObservation
http://example.org/stkg/id/obs_rel_T90_BTR80_20260205T223842Z_131_e_c	http://example.org/stkg/subjectEntity	http://example.org/stkg/id/platform_T90
http://example.org/stkg/id/obs_rel_T90_BTR80_20260205T223842Z_131_e_c	http://example.org/stkg/objectEntity	http://example.org/stkg/id/platform_BTR80
http://example.org/stkg/id/obs_rel_T90_BTR80_20260205T223842Z_131_e_c	http://example.org/stkg/relationType	http://example.org/stkg/id/relation_ahead_of
http://example.org/stkg/id/obs_rel_T90_BTR80_20260205T223842Z_131_e_c	http://example.org/stkg/time	"2026-02-05T22:38:42Z"^^<http://www.w3.org/2001/XMLSchema#dateTime>
http://example.org/stkg/id/obs_rel_BTR80_K2BlackPanther_20260205T223843Z_132_c_d	http://www.w3.org/1999/02/22-rdf-syntax-ns#type	http://example.org/stkg/id/SpatialRelationObservation
http://example.org/stkg/id/obs_rel_BTR80_K2BlackPanther_20260205T223843Z_132_c_d	http://example.org/stkg/subjectEntity	http://example.org/stkg/id/platform_BTR80
http://example.org/stkg/id/obs_rel_BTR80_K2BlackPanther_20260205T223843Z_132_c_d	http://example.org/stkg/objectEntity	http://example.org/stkg/id/platform_K2BlackPanther
http://example.org/stkg/id/obs_rel_BTR80_K2BlackPanther_20260205T223843Z_132_c_d	http://example.org/stkg/relationType	http://example.org/stkg/id/relation_behind_of
http://example.org/stkg/id/obs_rel_BTR80_K2BlackPanther_20260205T223843Z_132_c_d	http://example.org/stkg/time	"2026-02-05T22:38:43Z"^^<http://www.w3.org/2001/XMLSchema#dateTime>
http://example.org/stkg/id/obs_rel_K2BlackPanther_BTR80_20260205T223843Z_132_d_c	http://www.w3.org/1999/02/22-rdf-syntax-ns#type	http://example.org/stkg/id/SpatialRelationObservation
http://example.org/stkg/id/obs_rel_K2BlackPanther_BTR80_20260205T223843Z_132_d_c	http://example.org/stkg/subjectEntity	http://example.org/stkg/id/platform_K2BlackPanther
http://example.org/stkg/id/obs_rel_K2BlackPanther_BTR80_20260205T223843Z_132_d_c	http://example.org/stkg/objectEntity	http://example.org/stkg/id/platform_BTR80
http://example.org/stkg/id/obs_rel_K2BlackPanther_BTR80_20260205T223843Z_132_d_c	http://example.org/stkg/relationType	http://example.org/stkg/id/relation_ahead_of
http://example.org/stkg/id/obs_rel_K2BlackPanther_BTR80_20260205T223843Z_132_d_c	http://example.org/stkg/time	"2026-02-05T22:38:43Z"^^<http://www.w3.org/2001/XMLSchema#dateTime>
http://example.org/stkg/id/obs_rel_K2BlackPanther_T90_20260205T223843Z_132_d_e	http://www.w3.org/1999/02/22-rdf-syntax-ns#type	http://example.org/stkg/id/SpatialRelationObservation
http://example.org/stkg/id/obs_rel_K2BlackPanther_T90_20260205T223843Z_132_d_e	http://example.org/stkg/subjectEntity	http://example.org/stkg/id/platform_K2BlackPanther
http://example.org/stkg/id/obs_rel_K2BlackPanther_T90_20260205T223843Z_132_d_e	http://example.org/stkg/objectEntity	http://example.org/stkg/id/platform_T90
http://example.org/stkg/id/obs_rel_K2BlackPanther_T90_20260205T223843Z_132_d_e	http://example.org/stkg/relationType	http://example.org/stkg/id/relation_behind_of
http://example.org/stkg/id/obs_rel_K2BlackPanther_T90_20260205T223843Z_132_d_e	http://example.org/stkg/time	"2026-02-05T22:38:43Z"^^<http://www.w3.org/2001/XMLSchema#dateTime>
http://example.org/stkg/id/obs_rel_T90_K2BlackPanther_20260205T223843Z_132_e_d	http://www.w3.org/1999/02/22-rdf-syntax-ns#type	http://example.org/stkg/id/SpatialRelationObservation
http://example.org/stkg/id/obs_rel_T90_K2BlackPanther_20260205T223843Z_132_e_d	http://example.org/stkg/subjectEntity	http://example.org/stkg/id/platform_T90
http://example.org/stkg/id/obs_rel_T90_K2BlackPanther_20260205T223843Z_132_e_d	http://example.org/stkg/objectEntity	http://example.org/stkg/id/platform_K2BlackPanther
http://example.org/stkg/id/obs_rel_T90_K2BlackPanther_20260205T223843Z_132_e_d	http://example.org/stkg/relationType	http://example.org/stkg/id/relation_ahead_of
http://example.org/stkg/id/obs_rel_T90_K2BlackPanther_20260205T223843Z_132_e_d	http://example.org/stkg/time	"2026-02-05T22:38:43Z"^^<http://www.w3.org/2001/XMLSchema#dateTime>
http://example.org/stkg/id/obs_rel_BTR80_T90_20260205T223843Z_132_c_e	http://www.w3.org/1999/02/22-rdf-syntax-ns#type	http://example.org/stkg/id/SpatialRelationObservation
http://example.org/stkg/id/obs_rel_BTR80_T90_20260205T223843Z_132_c_e	http://example.org/stkg/subjectEntity	http://example.org/stkg/id/platform_BTR80
http://example.org/stkg/id/obs_rel_BTR80_T90_20260205T223843Z_132_c_e	http://example.org/stkg/objectEntity	http://example.org/stkg/id/platform_T90
http://example.org/stkg/id/obs_rel_BTR80_T90_20260205T223843Z_132_c_e	http://example.org/stkg/relationType	http://example.org/stkg/id/relation_behind_of
http://example.org/stkg/id/obs_rel_BTR80_T90_20260205T223843Z_132_c_e	http://example.org/stkg/time	"2026-02-05T22:38:43Z"^^<http://www.w3.org/2001/XMLSchema#dateTime>
http://example.org/stkg/id/obs_rel_T90_BTR80_20260205T223843Z_132_e_c	http://www.w3.org/1999/02/22-rdf-syntax-ns#type	http://example.org/stkg/id/SpatialRelationObservation
http://example.org/stkg/id/obs_rel_T90_BTR80_20260205T223843Z_132_e_c	http://example.org/stkg/subjectEntity	http://example.org/stkg/id/platform_T90
http://example.org/stkg/id/obs_rel_T90_BTR80_20260205T223843Z_132_e_c	http://example.org/stkg/objectEntity	http://example.org/stkg/id/platform_BTR80
http://example.org/stkg/id/obs_rel_T90_BTR80_20260205T223843Z_132_e_c	http://example.org/stkg/relationType	http://example.org/stkg/id/relation_ahead_of
http://example.org/stkg/id/obs_rel_T90_BTR80_20260205T223843Z_132_e_c	http://example.org/stkg/time	"2026-02-05T22:38:43Z"^^<http://www.w3.org/2001/XMLSchema#dateTime>
http://example.org/stkg/id/obs_rel_BTR80_K2BlackPanther_20260205T223844Z_133_c_d	http://www.w3.org/1999/02/22-rdf-syntax-ns#type	http://example.org/stkg/id/SpatialRelationObservation
http://example.org/stkg/id/obs_rel_BTR80_K2BlackPanther_20260205T223844Z_133_c_d	http://example.org/stkg/subjectEntity	http://example.org/stkg/id/platform_BTR80
http://example.org/stkg/id/obs_rel_BTR80_K2BlackPanther_20260205T223844Z_133_c_d	http://example.org/stkg/objectEntity	http://example.org/stkg/id/platform_K2BlackPanther
http://example.org/stkg/id/obs_rel_BTR80_K2BlackPanther_20260205T223844Z_133_c_d	http://example.org/stkg/relationType	http://example.org/stkg/id/relation_behind_of
http://example.org/stkg/id/obs_rel_BTR80_K2BlackPanther_20260205T223844Z_133_c_d	http://example.org/stkg/time	"2026-02-05T22:38:44Z"^^<http://www.w3.org/2001/XMLSchema#dateTime>
http://example.org/stkg/id/obs_rel_K2BlackPanther_BTR80_20260205T223844Z_133_d_c	http://www.w3.org/1999/02/22-rdf-syntax-ns#type	http://example.org/stkg/id/SpatialRelationObservation
http://example.org/stkg/id/obs_rel_K2BlackPanther_BTR80_20260205T223844Z_133_d_c	http://example.org/stkg/subjectEntity	http://example.org/stkg/id/platform_K2BlackPanther
http://example.org/stkg/id/obs_rel_K2BlackPanther_BTR80_20260205T223844Z_133_d_c	http://example.org/stkg/objectEntity	http://example.org/stkg/id/platform_BTR80
http://example.org/stkg/id/obs_rel_K2BlackPanther_BTR80_20260205T223844Z_133_d_c	http://example.org/stkg/relationType	http://example.org/stkg/id/relation_ahead_of
http://example.org/stkg/id/obs_rel_K2BlackPanther_BTR80_20260205T223844Z_133_d_c	http://example.org/stkg/time	"2026-02-05T22:38:44Z"^^<http://www.w3.org/2001/XMLSchema#dateTime>
http://example.org/stkg/id/obs_rel_K2BlackPanther_T90_20260205T223844Z_133_d_e	http://www.w3.org/1999/02/22-rdf-syntax-ns#type	http://example.org/stkg/id/SpatialRelationObservation
http://example.org/stkg/id/obs_rel_K2BlackPanther_T90_20260205T223844Z_133_d_e	http://example.org/stkg/subjectEntity	http://example.org/stkg/id/platform_K2BlackPanther
http://example.org/stkg/id/obs_rel_K2BlackPanther_T90_20260205T223844Z_133_d_e	http://example.org/stkg/objectEntity	http://example.org/stkg/id/platform_T90
http://example.org/stkg/id/obs_rel_K2BlackPanther_T90_20260205T223844Z_133_d_e	http://example.org/stkg/relationType	http://example.org/stkg/id/relation_behind_of
http://example.org/stkg/id/obs_rel_K2BlackPanther_T90_20260205T223844Z_133_d_e	http://example.org/stkg/time	"2026-02-05T22:38:44Z"^^<http://www.w3.org/2001/XMLSchema#dateTime>
http://example.org/stkg/id/obs_rel_T90_K2BlackPanther_20260205T223844Z_133_e_d	http://www.w3.org/1999/02/22-rdf-syntax-ns#type	http://example.org/stkg/id/SpatialRelationObservation
http://example.org/stkg/id/obs_rel_T90_K2BlackPanther_20260205T223844Z_133_e_d	http://example.org/stkg/subjectEntity	http://example.org/stkg/id/platform_T90
http://example.org/stkg/id/obs_rel_T90_K2BlackPanther_20260205T223844Z_133_e_d	http://example.org/stkg/objectEntity	http://example.org/stkg/id/platform_K2BlackPanther
http://example.org/stkg/id/obs_rel_T90_K2BlackPanther_20260205T223844Z_133_e_d	http://example.org/stkg/relationType	http://example.org/stkg/id/relation_ahead_of
http://example.org/stkg/id/obs_rel_T90_K2BlackPanther_20260205T223844Z_133_e_d	http://example.org/stkg/time	"2026-02-05T22:38:44Z"^^<http://www.w3.org/2001/XMLSchema#dateTime>
http://example.org/stkg/id/obs_rel_BTR80_T90_20260205T223844Z_133_c_e	http://www.w3.org/1999/02/22-rdf-syntax-ns#type	http://example.org/stkg/id/SpatialRelationObservation
http://example.org/stkg/id/obs_rel_BTR80_T90_20260205T223844Z_133_c_e	http://example.org/stkg/subjectEntity	http://example.org/stkg/id/platform_BTR80
http://example.org/stkg/id/obs_rel_BTR80_T90_20260205T223844Z_133_c_e	http://example.org/stkg/objectEntity	http://example.org/stkg/id/platform_T90
http://example.org/stkg/id/obs_rel_BTR80_T90_20260205T223844Z_133_c_e	http://example.org/stkg/relationType	http://example.org/stkg/id/relation_behind_of
http://example.org/stkg/id/obs_rel_BTR80_T90_20260205T223844Z_133_c_e	http://example.org/stkg/time	"2026-02-05T22:38:44Z"^^<http://www.w3.org/2001/XMLSchema#dateTime>
http://example.org/stkg/id/obs_rel_T90_BTR80_20260205T223844Z_133_e_c	http://www.w3.org/1999/02/22-rdf-syntax-ns#type	http://example.org/stkg/id/SpatialRelationObservation
http://example.org/stkg/id/obs_rel_T90_BTR80_20260205T223844Z_133_e_c	http://example.org/stkg/subjectEntity	http://example.org/stkg/id/platform_T90
http://example.org/stkg/id/obs_rel_T90_BTR80_20260205T223844Z_133_e_c	http://example.org/stkg/objectEntity	http://example.org/stkg/id/platform_BTR80
http://example.org/stkg/id/obs_rel_T90_BTR80_20260205T223844Z_133_e_c	http://example.org/stkg/relationType	http://example.org/stkg/id/relation_ahead_of
http://example.org/stkg/id/obs_rel_T90_BTR80_20260205T223844Z_133_e_c	http://example.org/stkg/time	"2026-02-05T22:38:44Z"^^<http://www.w3.org/2001/XMLSchema#dateTime>
http://example.org/stkg/id/obs_rel_BTR80_K2BlackPanther_20260205T223845Z_134_c_d	http://www.w3.org/1999/02/22-rdf-syntax-ns#type	http://example.org/stkg/id/SpatialRelationObservation
http://example.org/stkg/id/obs_rel_BTR80_K2BlackPanther_20260205T223845Z_134_c_d	http://example.org/stkg/subjectEntity	http://example.org/stkg/id/platform_BTR80
http://example.org/stkg/id/obs_rel_BTR80_K2BlackPanther_20260205T223845Z_134_c_d	http://example.org/stkg/objectEntity	http://example.org/stkg/id/platform_K2BlackPanther
http://example.org/stkg/id/obs_rel_BTR80_K2BlackPanther_20260205T223845Z_134_c_d	http://example.org/stkg/relationType	http://example.org/stkg/id/relation_behind_of
http://example.org/stkg/id/obs_rel_BTR80_K2BlackPanther_20260205T223845Z_134_c_d	http://example.org/stkg/time	"2026-02-05T22:38:45Z"^^<http://www.w3.org/2001/XMLSchema#dateTime>
http://example.org/stkg/id/obs_rel_K2BlackPanther_BTR80_20260205T223845Z_134_d_c	http://www.w3.org/1999/02/22-rdf-syntax-ns#type	http://example.org/stkg/id/SpatialRelationObservation
http://example.org/stkg/id/obs_rel_K2BlackPanther_BTR80_20260205T223845Z_134_d_c	http://example.org/stkg/subjectEntity	http://example.org/stkg/id/platform_K2BlackPanther
http://example.org/stkg/id/obs_rel_K2BlackPanther_BTR80_20260205T223845Z_134_d_c	http://example.org/stkg/objectEntity	http://example.org/stkg/id/platform_BTR80
http://example.org/stkg/id/obs_rel_K2BlackPanther_BTR80_20260205T223845Z_134_d_c	http://example.org/stkg/relationType	http://example.org/stkg/id/relation_ahead_of
http://example.org/stkg/id/obs_rel_K2BlackPanther_BTR80_20260205T223845Z_134_d_c	http://example.org/stkg/time	"2026-02-05T22:38:45Z"^^<http://www.w3.org/2001/XMLSchema#dateTime>
http://example.org/stkg/id/obs_rel_K2BlackPanther_T90_20260205T223845Z_134_d_e	http://www.w3.org/1999/02/22-rdf-syntax-ns#type	http://example.org/stkg/id/SpatialRelationObservation
http://example.org/stkg/id/obs_rel_K2BlackPanther_T90_20260205T223845Z_134_d_e	http://example.org/stkg/subjectEntity	http://example.org/stkg/id/platform_K2BlackPanther
http://example.org/stkg/id/obs_rel_K2BlackPanther_T90_20260205T223845Z_134_d_e	http://example.org/stkg/objectEntity	http://example.org/stkg/id/platform_T90
http://example.org/stkg/id/obs_rel_K2BlackPanther_T90_20260205T223845Z_134_d_e	http://example.org/stkg/relationType	http://example.org/stkg/id/relation_behind_of
http://example.org/stkg/id/obs_rel_K2BlackPanther_T90_20260205T223845Z_134_d_e	http://example.org/stkg/time	"2026-02-05T22:38:45Z"^^<http://www.w3.org/2001/XMLSchema#dateTime>
http://example.org/stkg/id/obs_rel_T90_K2BlackPanther_20260205T223845Z_134_e_d	http://www.w3.org/1999/02/22-rdf-syntax-ns#type	http://example.org/stkg/id/SpatialRelationObservation
http://example.org/stkg/id/obs_rel_T90_K2BlackPanther_20260205T223845Z_134_e_d	http://example.org/stkg/subjectEntity	http://example.org/stkg/id/platform_T90
http://example.org/stkg/id/obs_rel_T90_K2BlackPanther_20260205T223845Z_134_e_d	http://example.org/stkg/objectEntity	http://example.org/stkg/id/platform_K2BlackPanther
http://example.org/stkg/id/obs_rel_T90_K2BlackPanther_20260205T223845Z_134_e_d	http://example.org/stkg/relationType	http://example.org/stkg/id/relation_ahead_of
http://example.org/stkg/id/obs_rel_T90_K2BlackPanther_20260205T223845Z_134_e_d	http://example.org/stkg/time	"2026-02-05T22:38:45Z"^^<http://www.w3.org/2001/XMLSchema#dateTime>
http://example.org/stkg/id/obs_rel_BTR80_T90_20260205T223845Z_134_c_e	http://www.w3.org/1999/02/22-rdf-syntax-ns#type	http://example.org/stkg/id/SpatialRelationObservation
http://example.org/stkg/id/obs_rel_BTR80_T90_20260205T223845Z_134_c_e	http://example.org/stkg/subjectEntity	http://example.org/stkg/id/platform_BTR80
http://example.org/stkg/id/obs_rel_BTR80_T90_20260205T223845Z_134_c_e	http://example.org/stkg/objectEntity	http://example.org/stkg/id/platform_T90
http://example.org/stkg/id/obs_rel_BTR80_T90_20260205T223845Z_134_c_e	http://example.org/stkg/relationType	http://example.org/stkg/id/relation_behind_of
http://example.org/stkg/id/obs_rel_BTR80_T90_20260205T223845Z_134_c_e	http://example.org/stkg/time	"2026-02-05T22:38:45Z"^^<http://www.w3.org/2001/XMLSchema#dateTime>
http://example.org/stkg/id/obs_rel_T90_BTR80_20260205T223845Z_134_e_c	http://www.w3.org/1999/02/22-rdf-syntax-ns#type	http://example.org/stkg/id/SpatialRelationObservation
http://example.org/stkg/id/obs_rel_T90_BTR80_20260205T223845Z_134_e_c	http://example.org/stkg/subjectEntity	http://example.org/stkg/id/platform_T90
http://example.org/stkg/id/obs_rel_T90_BTR80_20260205T223845Z_134_e_c	http://example.org/stkg/objectEntity	http://example.org/stkg/id/platform_BTR80
http://example.org/stkg/id/obs_rel_T90_BTR80_20260205T223845Z_134_e_c	http://example.org/stkg/relationType	http://example.org/stkg/id/relation_ahead_of
http://example.org/stkg/id/obs_rel_T90_BTR80_20260205T223845Z_134_e_c	http://example.org/stkg/time	"2026-02-05T22:38:45Z"^^<http://www.w3.org/2001/XMLSchema#dateTime>
http://example.org/stkg/id/obs_rel_BTR80_K2BlackPanther_20260205T223846Z_135_c_d	http://www.w3.org/1999/02/22-rdf-syntax-ns#type	http://example.org/stkg/id/SpatialRelationObservation
http://example.org/stkg/id/obs_rel_BTR80_K2BlackPanther_20260205T223846Z_135_c_d	http://example.org/stkg/subjectEntity	http://example.org/stkg/id/platform_BTR80
http://example.org/stkg/id/obs_rel_BTR80_K2BlackPanther_20260205T223846Z_135_c_d	http://example.org/stkg/objectEntity	http://example.org/stkg/id/platform_K2BlackPanther
http://example.org/stkg/id/obs_rel_BTR80_K2BlackPanther_20260205T223846Z_135_c_d	http://example.org/stkg/relationType	http://example.org/stkg/id/relation_behind_of
http://example.org/stkg/id/obs_rel_BTR80_K2BlackPanther_20260205T223846Z_135_c_d	http://example.org/stkg/time	"2026-02-05T22:38:46Z"^^<http://www.w3.org/2001/XMLSchema#dateTime>
http://example.org/stkg/id/obs_rel_K2BlackPanther_BTR80_20260205T223846Z_135_d_c	http://www.w3.org/1999/02/22-rdf-syntax-ns#type	http://example.org/stkg/id/SpatialRelationObservation
http://example.org/stkg/id/obs_rel_K2BlackPanther_BTR80_20260205T223846Z_135_d_c	http://example.org/stkg/subjectEntity	http://example.org/stkg/id/platform_K2BlackPanther
http://example.org/stkg/id/obs_rel_K2BlackPanther_BTR80_20260205T223846Z_135_d_c	http://example.org/stkg/objectEntity	http://example.org/stkg/id/platform_BTR80
http://example.org/stkg/id/obs_rel_K2BlackPanther_BTR80_20260205T223846Z_135_d_c	http://example.org/stkg/relationType	http://example.org/stkg/id/relation_ahead_of
http://example.org/stkg/id/obs_rel_K2BlackPanther_BTR80_20260205T223846Z_135_d_c	http://example.org/stkg/time	"2026-02-05T22:38:46Z"^^<http://www.w3.org/2001/XMLSchema#dateTime>
http://example.org/stkg/id/obs_rel_K2BlackPanther_T90_20260205T223846Z_135_d_e	http://www.w3.org/1999/02/22-rdf-syntax-ns#type	http://example.org/stkg/id/SpatialRelationObservation
http://example.org/stkg/id/obs_rel_K2BlackPanther_T90_20260205T223846Z_135_d_e	http://example.org/stkg/subjectEntity	http://example.org/stkg/id/platform_K2BlackPanther
http://example.org/stkg/id/obs_rel_K2BlackPanther_T90_20260205T223846Z_135_d_e	http://example.org/stkg/objectEntity	http://example.org/stkg/id/platform_T90
http://example.org/stkg/id/obs_rel_K2BlackPanther_T90_20260205T223846Z_135_d_e	http://example.org/stkg/relationType	http://example.org/stkg/id/relation_behind_of
http://example.org/stkg/id/obs_rel_K2BlackPanther_T90_20260205T223846Z_135_d_e	http://example.org/stkg/time	"2026-02-05T22:38:46Z"^^<http://www.w3.org/2001/XMLSchema#dateTime>
http://example.org/stkg/id/obs_rel_T90_K2BlackPanther_20260205T223846Z_135_e_d	http://www.w3.org/1999/02/22-rdf-syntax-ns#type	http://example.org/stkg/id/SpatialRelationObservation
http://example.org/stkg/id/obs_rel_T90_K2BlackPanther_20260205T223846Z_135_e_d	http://example.org/stkg/subjectEntity	http://example.org/stkg/id/platform_T90
http://example.org/stkg/id/obs_rel_T90_K2BlackPanther_20260205T223846Z_135_e_d	http://example.org/stkg/objectEntity	http://example.org/stkg/id/platform_K2BlackPanther
http://example.org/stkg/id/obs_rel_T90_K2BlackPanther_20260205T223846Z_135_e_d	http://example.org/stkg/relationType	http://example.org/stkg/id/relation_ahead_of
http://example.org/stkg/id/obs_rel_T90_K2BlackPanther_20260205T223846Z_135_e_d	http://example.org/stkg/time	"2026-02-05T22:38:46Z"^^<http://www.w3.org/2001/XMLSchema#dateTime>
http://example.org/stkg/id/obs_rel_BTR80_T90_20260205T223846Z_135_c_e	http://www.w3.org/1999/02/22-rdf-syntax-ns#type	http://example.org/stkg/id/SpatialRelationObservation
http://example.org/stkg/id/obs_rel_BTR80_T90_20260205T223846Z_135_c_e	http://example.org/stkg/subjectEntity	http://example.org/stkg/id/platform_BTR80
http://example.org/stkg/id/obs_rel_BTR80_T90_20260205T223846Z_135_c_e	http://example.org/stkg/objectEntity	http://example.org/stkg/id/platform_T90
http://example.org/stkg/id/obs_rel_BTR80_T90_20260205T223846Z_135_c_e	http://example.org/stkg/relationType	http://example.org/stkg/id/relation_behind_of
http://example.org/stkg/id/obs_rel_BTR80_T90_20260205T223846Z_135_c_e	http://example.org/stkg/time	"2026-02-05T22:38:46Z"^^<http://www.w3.org/2001/XMLSchema#dateTime>
http://example.org/stkg/id/obs_rel_T90_BTR80_20260205T223846Z_135_e_c	http://www.w3.org/1999/02/22-rdf-syntax-ns#type	http://example.org/stkg/id/SpatialRelationObservation
http://example.org/stkg/id/obs_rel_T90_BTR80_20260205T223846Z_135_e_c	http://example.org/stkg/subjectEntity	http://example.org/stkg/id/platform_T90
http://example.org/stkg/id/obs_rel_T90_BTR80_20260205T223846Z_135_e_c	http://example.org/stkg/objectEntity	http://example.org/stkg/id/platform_BTR80
http://example.org/stkg/id/obs_rel_T90_BTR80_20260205T223846Z_135_e_c	http://example.org/stkg/relationType	http://example.org/stkg/id/relation_ahead_of
http://example.org/stkg/id/obs_rel_T90_BTR80_20260205T223846Z_135_e_c	http://example.org/stkg/time	"2026-02-05T22:38:46Z"^^<http://www.w3.org/2001/XMLSchema#dateTime>
http://example.org/stkg/id/obs_rel_BTR80_K2BlackPanther_20260205T223847Z_136_c_d	http://www.w3.org/1999/02/22-rdf-syntax-ns#type	http://example.org/stkg/id/SpatialRelationObservation
http://example.org/stkg/id/obs_rel_BTR80_K2BlackPanther_20260205T223847Z_136_c_d	http://example.org/stkg/subjectEntity	http://example.org/stkg/id/platform_BTR80
http://example.org/stkg/id/obs_rel_BTR80_K2BlackPanther_20260205T223847Z_136_c_d	http://example.org/stkg/objectEntity	http://example.org/stkg/id/platform_K2BlackPanther
http://example.org/stkg/id/obs_rel_BTR80_K2BlackPanther_20260205T223847Z_136_c_d	http://example.org/stkg/relationType	http://example.org/stkg/id/relation_behind_of
http://example.org/stkg/id/obs_rel_BTR80_K2BlackPanther_20260205T223847Z_136_c_d	http://example.org/stkg/time	"2026-02-05T22:38:47Z"^^<http://www.w3.org/2001/XMLSchema#dateTime>
http://example.org/stkg/id/obs_rel_K2BlackPanther_BTR80_20260205T223847Z_136_d_c	http://www.w3.org/1999/02/22-rdf-syntax-ns#type	http://example.org/stkg/id/SpatialRelationObservation
http://example.org/stkg/id/obs_rel_K2BlackPanther_BTR80_20260205T223847Z_136_d_c	http://example.org/stkg/subjectEntity	http://example.org/stkg/id/platform_K2BlackPanther
http://example.org/stkg/id/obs_rel_K2BlackPanther_BTR80_20260205T223847Z_136_d_c	http://example.org/stkg/objectEntity	http://example.org/stkg/id/platform_BTR80
http://example.org/stkg/id/obs_rel_K2BlackPanther_BTR80_20260205T223847Z_136_d_c	http://example.org/stkg/relationType	http://example.org/stkg/id/relation_ahead_of
http://example.org/stkg/id/obs_rel_K2BlackPanther_BTR80_20260205T223847Z_136_d_c	http://example.org/stkg/time	"2026-02-05T22:38:47Z"^^<http://www.w3.org/2001/XMLSchema#dateTime>
http://example.org/stkg/id/obs_rel_K2BlackPanther_T90_20260205T223847Z_136_d_e	http://www.w3.org/1999/02/22-rdf-syntax-ns#type	http://example.org/stkg/id/SpatialRelationObservation
http://example.org/stkg/id/obs_rel_K2BlackPanther_T90_20260205T223847Z_136_d_e	http://example.org/stkg/subjectEntity	http://example.org/stkg/id/platform_K2BlackPanther
http://example.org/stkg/id/obs_rel_K2BlackPanther_T90_20260205T223847Z_136_d_e	http://example.org/stkg/objectEntity	http://example.org/stkg/id/platform_T90
http://example.org/stkg/id/obs_rel_K2BlackPanther_T90_20260205T223847Z_136_d_e	http://example.org/stkg/relationType	http://example.org/stkg/id/relation_behind_of
http://example.org/stkg/id/obs_rel_K2BlackPanther_T90_20260205T223847Z_136_d_e	http://example.org/stkg/time	"2026-02-05T22:38:47Z"^^<http://www.w3.org/2001/XMLSchema#dateTime>
http://example.org/stkg/id/obs_rel_T90_K2BlackPanther_20260205T223847Z_136_e_d	http://www.w3.org/1999/02/22-rdf-syntax-ns#type	http://example.org/stkg/id/SpatialRelationObservation
http://example.org/stkg/id/obs_rel_T90_K2BlackPanther_20260205T223847Z_136_e_d	http://example.org/stkg/subjectEntity	http://example.org/stkg/id/platform_T90
http://example.org/stkg/id/obs_rel_T90_K2BlackPanther_20260205T223847Z_136_e_d	http://example.org/stkg/objectEntity	http://example.org/stkg/id/platform_K2BlackPanther
http://example.org/stkg/id/obs_rel_T90_K2BlackPanther_20260205T223847Z_136_e_d	http://example.org/stkg/relationType	http://example.org/stkg/id/relation_ahead_of
http://example.org/stkg/id/obs_rel_T90_K2BlackPanther_20260205T223847Z_136_e_d	http://example.org/stkg/time	"2026-02-05T22:38:47Z"^^<http://www.w3.org/2001/XMLSchema#dateTime>
http://example.org/stkg/id/obs_rel_BTR80_T90_20260205T223847Z_136_c_e	http://www.w3.org/1999/02/22-rdf-syntax-ns#type	http://example.org/stkg/id/SpatialRelationObservation
http://example.org/stkg/id/obs_rel_BTR80_T90_20260205T223847Z_136_c_e	http://example.org/stkg/subjectEntity	http://example.org/stkg/id/platform_BTR80
http://example.org/stkg/id/obs_rel_BTR80_T90_20260205T223847Z_136_c_e	http://example.org/stkg/objectEntity	http://example.org/stkg/id/platform_T90
http://example.org/stkg/id/obs_rel_BTR80_T90_20260205T223847Z_136_c_e	http://example.org/stkg/relationType	http://example.org/stkg/id/relation_behind_of
http://example.org/stkg/id/obs_rel_BTR80_T90_20260205T223847Z_136_c_e	http://example.org/stkg/time	"2026-02-05T22:38:47Z"^^<http://www.w3.org/2001/XMLSchema#dateTime>
http://example.org/stkg/id/obs_rel_T90_BTR80_20260205T223847Z_136_e_c	http://www.w3.org/1999/02/22-rdf-syntax-ns#type	http://example.org/stkg/id/SpatialRelationObservation
http://example.org/stkg/id/obs_rel_T90_BTR80_20260205T223847Z_136_e_c	http://example.org/stkg/subjectEntity	http://example.org/stkg/id/platform_T90
http://example.org/stkg/id/obs_rel_T90_BTR80_20260205T223847Z_136_e_c	http://example.org/stkg/objectEntity	http://example.org/stkg/id/platform_BTR80
http://example.org/stkg/id/obs_rel_T90_BTR80_20260205T223847Z_136_e_c	http://example.org/stkg/relationType	http://example.org/stkg/id/relation_ahead_of
http://example.org/stkg/id/obs_rel_T90_BTR80_20260205T223847Z_136_e_c	http://example.org/stkg/time	"2026-02-05T22:38:47Z"^^<http://www.w3.org/2001/XMLSchema#dateTime>
http://example.org/stkg/id/obs_rel_BTR80_K2BlackPanther_20260205T223848Z_137_c_d	http://www.w3.org/1999/02/22-rdf-syntax-ns#type	http://example.org/stkg/id/SpatialRelationObservation
http://example.org/stkg/id/obs_rel_BTR80_K2BlackPanther_20260205T223848Z_137_c_d	http://example.org/stkg/subjectEntity	http://example.org/stkg/id/platform_BTR80
http://example.org/stkg/id/obs_rel_BTR80_K2BlackPanther_20260205T223848Z_137_c_d	http://example.org/stkg/objectEntity	http://example.org/stkg/id/platform_K2BlackPanther
http://example.org/stkg/id/obs_rel_BTR80_K2BlackPanther_20260205T223848Z_137_c_d	http://example.org/stkg/relationType	http://example.org/stkg/id/relation_behind_of
http://example.org/stkg/id/obs_rel_BTR80_K2BlackPanther_20260205T223848Z_137_c_d	http://example.org/stkg/time	"2026-02-05T22:38:48Z"^^<http://www.w3.org/2001/XMLSchema#dateTime>
http://example.org/stkg/id/obs_rel_K2BlackPanther_BTR80_20260205T223848Z_137_d_c	http://www.w3.org/1999/02/22-rdf-syntax-ns#type	http://example.org/stkg/id/SpatialRelationObservation
http://example.org/stkg/id/obs_rel_K2BlackPanther_BTR80_20260205T223848Z_137_d_c	http://example.org/stkg/subjectEntity	http://example.org/stkg/id/platform_K2BlackPanther
http://example.org/stkg/id/obs_rel_K2BlackPanther_BTR80_20260205T223848Z_137_d_c	http://example.org/stkg/objectEntity	http://example.org/stkg/id/platform_BTR80
http://example.org/stkg/id/obs_rel_K2BlackPanther_BTR80_20260205T223848Z_137_d_c	http://example.org/stkg/relationType	http://example.org/stkg/id/relation_ahead_of
http://example.org/stkg/id/obs_rel_K2BlackPanther_BTR80_20260205T223848Z_137_d_c	http://example.org/stkg/time	"2026-02-05T22:38:48Z"^^<http://www.w3.org/2001/XMLSchema#dateTime>
http://example.org/stkg/id/obs_rel_K2BlackPanther_T90_20260205T223848Z_137_d_e	http://www.w3.org/1999/02/22-rdf-syntax-ns#type	http://example.org/stkg/id/SpatialRelationObservation
http://example.org/stkg/id/obs_rel_K2BlackPanther_T90_20260205T223848Z_137_d_e	http://example.org/stkg/subjectEntity	http://example.org/stkg/id/platform_K2BlackPanther
http://example.org/stkg/id/obs_rel_K2BlackPanther_T90_20260205T223848Z_137_d_e	http://example.org/stkg/objectEntity	http://example.org/stkg/id/platform_T90
http://example.org/stkg/id/obs_rel_K2BlackPanther_T90_20260205T223848Z_137_d_e	http://example.org/stkg/relationType	http://example.org/stkg/id/relation_behind_of
http://example.org/stkg/id/obs_rel_K2BlackPanther_T90_20260205T223848Z_137_d_e	http://example.org/stkg/time	"2026-02-05T22:38:48Z"^^<http://www.w3.org/2001/XMLSchema#dateTime>
http://example.org/stkg/id/obs_rel_T90_K2BlackPanther_20260205T223848Z_137_e_d	http://www.w3.org/1999/02/22-rdf-syntax-ns#type	http://example.org/stkg/id/SpatialRelationObservation
http://example.org/stkg/id/obs_rel_T90_K2BlackPanther_20260205T223848Z_137_e_d	http://example.org/stkg/subjectEntity	http://example.org/stkg/id/platform_T90
http://example.org/stkg/id/obs_rel_T90_K2BlackPanther_20260205T223848Z_137_e_d	http://example.org/stkg/objectEntity	http://example.org/stkg/id/platform_K2BlackPanther
http://example.org/stkg/id/obs_rel_T90_K2BlackPanther_20260205T223848Z_137_e_d	http://example.org/stkg/relationType	http://example.org/stkg/id/relation_ahead_of
http://example.org/stkg/id/obs_rel_T90_K2BlackPanther_20260205T223848Z_137_e_d	http://example.org/stkg/time	"2026-02-05T22:38:48Z"^^<http://www.w3.org/2001/XMLSchema#dateTime>
http://example.org/stkg/id/obs_rel_BTR80_T90_20260205T223848Z_137_c_e	http://www.w3.org/1999/02/22-rdf-syntax-ns#type	http://example.org/stkg/id/SpatialRelationObservation
http://example.org/stkg/id/obs_rel_BTR80_T90_20260205T223848Z_137_c_e	http://example.org/stkg/subjectEntity	http://example.org/stkg/id/platform_BTR80
http://example.org/stkg/id/obs_rel_BTR80_T90_20260205T223848Z_137_c_e	http://example.org/stkg/objectEntity	http://example.org/stkg/id/platform_T90
http://example.org/stkg/id/obs_rel_BTR80_T90_20260205T223848Z_137_c_e	http://example.org/stkg/relationType	http://example.org/stkg/id/relation_behind_of
http://example.org/stkg/id/obs_rel_BTR80_T90_20260205T223848Z_137_c_e	http://example.org/stkg/time	"2026-02-05T22:38:48Z"^^<http://www.w3.org/2001/XMLSchema#dateTime>
http://example.org/stkg/id/obs_rel_T90_BTR80_20260205T223848Z_137_e_c	http://www.w3.org/1999/02/22-rdf-syntax-ns#type	http://example.org/stkg/id/SpatialRelationObservation
http://example.org/stkg/id/obs_rel_T90_BTR80_20260205T223848Z_137_e_c	http://example.org/stkg/subjectEntity	http://example.org/stkg/id/platform_T90
http://example.org/stkg/id/obs_rel_T90_BTR80_20260205T223848Z_137_e_c	http://example.org/stkg/objectEntity	http://example.org/stkg/id/platform_BTR80
http://example.org/stkg/id/obs_rel_T90_BTR80_20260205T223848Z_137_e_c	http://example.org/stkg/relationType	http://example.org/stkg/id/relation_ahead_of
http://example.org/stkg/id/obs_rel_T90_BTR80_20260205T223848Z_137_e_c	http://example.org/stkg/time	"2026-02-05T22:38:48Z"^^<http://www.w3.org/2001/XMLSchema#dateTime>
http://example.org/stkg/id/obs_rel_BTR80_K2BlackPanther_20260205T223849Z_138_c_d	http://www.w3.org/1999/02/22-rdf-syntax-ns#type	http://example.org/stkg/id/SpatialRelationObservation
http://example.org/stkg/id/obs_rel_BTR80_K2BlackPanther_20260205T223849Z_138_c_d	http://example.org/stkg/subjectEntity	http://example.org/stkg/id/platform_BTR80
http://example.org/stkg/id/obs_rel_BTR80_K2BlackPanther_20260205T223849Z_138_c_d	http://example.org/stkg/objectEntity	http://example.org/stkg/id/platform_K2BlackPanther
http://example.org/stkg/id/obs_rel_BTR80_K2BlackPanther_20260205T223849Z_138_c_d	http://example.org/stkg/relationType	http://example.org/stkg/id/relation_behind_of
http://example.org/stkg/id/obs_rel_BTR80_K2BlackPanther_20260205T223849Z_138_c_d	http://example.org/stkg/time	"2026-02-05T22:38:49Z"^^<http://www.w3.org/2001/XMLSchema#dateTime>
http://example.org/stkg/id/obs_rel_K2BlackPanther_BTR80_20260205T223849Z_138_d_c	http://www.w3.org/1999/02/22-rdf-syntax-ns#type	http://example.org/stkg/id/SpatialRelationObservation
http://example.org/stkg/id/obs_rel_K2BlackPanther_BTR80_20260205T223849Z_138_d_c	http://example.org/stkg/subjectEntity	http://example.org/stkg/id/platform_K2BlackPanther
http://example.org/stkg/id/obs_rel_K2BlackPanther_BTR80_20260205T223849Z_138_d_c	http://example.org/stkg/objectEntity	http://example.org/stkg/id/platform_BTR80
http://example.org/stkg/id/obs_rel_K2BlackPanther_BTR80_20260205T223849Z_138_d_c	http://example.org/stkg/relationType	http://example.org/stkg/id/relation_ahead_of
http://example.org/stkg/id/obs_rel_K2BlackPanther_BTR80_20260205T223849Z_138_d_c	http://example.org/stkg/time	"2026-02-05T22:38:49Z"^^<http://www.w3.org/2001/XMLSchema#dateTime>
http://example.org/stkg/id/obs_rel_K2BlackPanther_T90_20260205T223849Z_138_d_e	http://www.w3.org/1999/02/22-rdf-syntax-ns#type	http://example.org/stkg/id/SpatialRelationObservation
http://example.org/stkg/id/obs_rel_K2BlackPanther_T90_20260205T223849Z_138_d_e	http://example.org/stkg/subjectEntity	http://example.org/stkg/id/platform_K2BlackPanther
http://example.org/stkg/id/obs_rel_K2BlackPanther_T90_20260205T223849Z_138_d_e	http://example.org/stkg/objectEntity	http://example.org/stkg/id/platform_T90
http://example.org/stkg/id/obs_rel_K2BlackPanther_T90_20260205T223849Z_138_d_e	http://example.org/stkg/relationType	http://example.org/stkg/id/relation_behind_of
http://example.org/stkg/id/obs_rel_K2BlackPanther_T90_20260205T223849Z_138_d_e	http://example.org/stkg/time	"2026-02-05T22:38:49Z"^^<http://www.w3.org/2001/XMLSchema#dateTime>
http://example.org/stkg/id/obs_rel_T90_K2BlackPanther_20260205T223849Z_138_e_d	http://www.w3.org/1999/02/22-rdf-syntax-ns#type	http://example.org/stkg/id/SpatialRelationObservation
http://example.org/stkg/id/obs_rel_T90_K2BlackPanther_20260205T223849Z_138_e_d	http://example.org/stkg/subjectEntity	http://example.org/stkg/id/platform_T90
http://example.org/stkg/id/obs_rel_T90_K2BlackPanther_20260205T223849Z_138_e_d	http://example.org/stkg/objectEntity	http://example.org/stkg/id/platform_K2BlackPanther
http://example.org/stkg/id/obs_rel_T90_K2BlackPanther_20260205T223849Z_138_e_d	http://example.org/stkg/relationType	http://example.org/stkg/id/relation_ahead_of
http://example.org/stkg/id/obs_rel_T90_K2BlackPanther_20260205T223849Z_138_e_d	http://example.org/stkg/time	"2026-02-05T22:38:49Z"^^<http://www.w3.org/2001/XMLSchema#dateTime>
http://example.org/stkg/id/obs_rel_BTR80_T90_20260205T223849Z_138_c_e	http://www.w3.org/1999/02/22-rdf-syntax-ns#type	http://example.org/stkg/id/SpatialRelationObservation
http://example.org/stkg/id/obs_rel_BTR80_T90_20260205T223849Z_138_c_e	http://example.org/stkg/subjectEntity	http://example.org/stkg/id/platform_BTR80
http://example.org/stkg/id/obs_rel_BTR80_T90_20260205T223849Z_138_c_e	http://example.org/stkg/objectEntity	http://example.org/stkg/id/platform_T90
http://example.org/stkg/id/obs_rel_BTR80_T90_20260205T223849Z_138_c_e	http://example.org/stkg/relationType	http://example.org/stkg/id/relation_behind_of
http://example.org/stkg/id/obs_rel_BTR80_T90_20260205T223849Z_138_c_e	http://example.org/stkg/time	"2026-02-05T22:38:49Z"^^<http://www.w3.org/2001/XMLSchema#dateTime>
http://example.org/stkg/id/obs_rel_T90_BTR80_20260205T223849Z_138_e_c	http://www.w3.org/1999/02/22-rdf-syntax-ns#type	http://example.org/stkg/id/SpatialRelationObservation
http://example.org/stkg/id/obs_rel_T90_BTR80_20260205T223849Z_138_e_c	http://example.org/stkg/subjectEntity	http://example.org/stkg/id/platform_T90
http://example.org/stkg/id/obs_rel_T90_BTR80_20260205T223849Z_138_e_c	http://example.org/stkg/objectEntity	http://example.org/stkg/id/platform_BTR80
http://example.org/stkg/id/obs_rel_T90_BTR80_20260205T223849Z_138_e_c	http://example.org/stkg/relationType	http://example.org/stkg/id/relation_ahead_of
http://example.org/stkg/id/obs_rel_T90_BTR80_20260205T223849Z_138_e_c	http://example.org/stkg/time	"2026-02-05T22:38:49Z"^^<http://www.w3.org/2001/XMLSchema#dateTime>
http://example.org/stkg/id/obs_rel_BTR80_K2BlackPanther_20260205T223850Z_139_c_d	http://www.w3.org/1999/02/22-rdf-syntax-ns#type	http://example.org/stkg/id/SpatialRelationObservation
http://example.org/stkg/id/obs_rel_BTR80_K2BlackPanther_20260205T223850Z_139_c_d	http://example.org/stkg/subjectEntity	http://example.org/stkg/id/platform_BTR80
http://example.org/stkg/id/obs_rel_BTR80_K2BlackPanther_20260205T223850Z_139_c_d	http://example.org/stkg/objectEntity	http://example.org/stkg/id/platform_K2BlackPanther
http://example.org/stkg/id/obs_rel_BTR80_K2BlackPanther_20260205T223850Z_139_c_d	http://example.org/stkg/relationType	http://example.org/stkg/id/relation_behind_of
http://example.org/stkg/id/obs_rel_BTR80_K2BlackPanther_20260205T223850Z_139_c_d	http://example.org/stkg/time	"2026-02-05T22:38:50Z"^^<http://www.w3.org/2001/XMLSchema#dateTime>
http://example.org/stkg/id/obs_rel_K2BlackPanther_BTR80_20260205T223850Z_139_d_c	http://www.w3.org/1999/02/22-rdf-syntax-ns#type	http://example.org/stkg/id/SpatialRelationObservation
http://example.org/stkg/id/obs_rel_K2BlackPanther_BTR80_20260205T223850Z_139_d_c	http://example.org/stkg/subjectEntity	http://example.org/stkg/id/platform_K2BlackPanther
http://example.org/stkg/id/obs_rel_K2BlackPanther_BTR80_20260205T223850Z_139_d_c	http://example.org/stkg/objectEntity	http://example.org/stkg/id/platform_BTR80
http://example.org/stkg/id/obs_rel_K2BlackPanther_BTR80_20260205T223850Z_139_d_c	http://example.org/stkg/relationType	http://example.org/stkg/id/relation_ahead_of
http://example.org/stkg/id/obs_rel_K2BlackPanther_BTR80_20260205T223850Z_139_d_c	http://example.org/stkg/time	"2026-02-05T22:38:50Z"^^<http://www.w3.org/2001/XMLSchema#dateTime>
http://example.org/stkg/id/obs_rel_K2BlackPanther_T90_20260205T223850Z_139_d_e	http://www.w3.org/1999/02/22-rdf-syntax-ns#type	http://example.org/stkg/id/SpatialRelationObservation
http://example.org/stkg/id/obs_rel_K2BlackPanther_T90_20260205T223850Z_139_d_e	http://example.org/stkg/subjectEntity	http://example.org/stkg/id/platform_K2BlackPanther
http://example.org/stkg/id/obs_rel_K2BlackPanther_T90_20260205T223850Z_139_d_e	http://example.org/stkg/objectEntity	http://example.org/stkg/id/platform_T90
http://example.org/stkg/id/obs_rel_K2BlackPanther_T90_20260205T223850Z_139_d_e	http://example.org/stkg/relationType	http://example.org/stkg/id/relation_behind_of
http://example.org/stkg/id/obs_rel_K2BlackPanther_T90_20260205T223850Z_139_d_e	http://example.org/stkg/time	"2026-02-05T22:38:50Z"^^<http://www.w3.org/2001/XMLSchema#dateTime>
http://example.org/stkg/id/obs_rel_T90_K2BlackPanther_20260205T223850Z_139_e_d	http://www.w3.org/1999/02/22-rdf-syntax-ns#type	http://example.org/stkg/id/SpatialRelationObservation
http://example.org/stkg/id/obs_rel_T90_K2BlackPanther_20260205T223850Z_139_e_d	http://example.org/stkg/subjectEntity	http://example.org/stkg/id/platform_T90
http://example.org/stkg/id/obs_rel_T90_K2BlackPanther_20260205T223850Z_139_e_d	http://example.org/stkg/objectEntity	http://example.org/stkg/id/platform_K2BlackPanther
http://example.org/stkg/id/obs_rel_T90_K2BlackPanther_20260205T223850Z_139_e_d	http://example.org/stkg/relationType	http://example.org/stkg/id/relation_ahead_of
http://example.org/stkg/id/obs_rel_T90_K2BlackPanther_20260205T223850Z_139_e_d	http://example.org/stkg/time	"2026-02-05T22:38:50Z"^^<http://www.w3.org/2001/XMLSchema#dateTime>
http://example.org/stkg/id/obs_rel_BTR80_T90_20260205T223850Z_139_c_e	http://www.w3.org/1999/02/22-rdf-syntax-ns#type	http://example.org/stkg/id/SpatialRelationObservation
http://example.org/stkg/id/obs_rel_BTR80_T90_20260205T223850Z_139_c_e	http://example.org/stkg/subjectEntity	http://example.org/stkg/id/platform_BTR80
http://example.org/stkg/id/obs_rel_BTR80_T90_20260205T223850Z_139_c_e	http://example.org/stkg/objectEntity	http://example.org/stkg/id/platform_T90
http://example.org/stkg/id/obs_rel_BTR80_T90_20260205T223850Z_139_c_e	http://example.org/stkg/relationType	http://example.org/stkg/id/relation_behind_of
http://example.org/stkg/id/obs_rel_BTR80_T90_20260205T223850Z_139_c_e	http://example.org/stkg/time	"2026-02-05T22:38:50Z"^^<http://www.w3.org/2001/XMLSchema#dateTime>
http://example.org/stkg/id/obs_rel_T90_BTR80_20260205T223850Z_139_e_c	http://www.w3.org/1999/02/22-rdf-syntax-ns#type	http://example.org/stkg/id/SpatialRelationObservation
http://example.org/stkg/id/obs_rel_T90_BTR80_20260205T223850Z_139_e_c	http://example.org/stkg/subjectEntity	http://example.org/stkg/id/platform_T90
http://example.org/stkg/id/obs_rel_T90_BTR80_20260205T223850Z_139_e_c	http://example.org/stkg/objectEntity	http://example.org/stkg/id/platform_BTR80
http://example.org/stkg/id/obs_rel_T90_BTR80_20260205T223850Z_139_e_c	http://example.org/stkg/relationType	http://example.org/stkg/id/relation_ahead_of
http://example.org/stkg/id/obs_rel_T90_BTR80_20260205T223850Z_139_e_c	http://example.org/stkg/time	"2026-02-05T22:38:50Z"^^<http://www.w3.org/2001/XMLSchema#dateTime>
http://example.org/stkg/id/obs_rel_BTR80_K2BlackPanther_20260205T223851Z_140_c_d	http://www.w3.org/1999/02/22-rdf-syntax-ns#type	http://example.org/stkg/id/SpatialRelationObservation
http://example.org/stkg/id/obs_rel_BTR80_K2BlackPanther_20260205T223851Z_140_c_d	http://example.org/stkg/subjectEntity	http://example.org/stkg/id/platform_BTR80
http://example.org/stkg/id/obs_rel_BTR80_K2BlackPanther_20260205T223851Z_140_c_d	http://example.org/stkg/objectEntity	http://example.org/stkg/id/platform_K2BlackPanther
http://example.org/stkg/id/obs_rel_BTR80_K2BlackPanther_20260205T223851Z_140_c_d	http://example.org/stkg/relationType	http://example.org/stkg/id/relation_behind_of
http://example.org/stkg/id/obs_rel_BTR80_K2BlackPanther_20260205T223851Z_140_c_d	http://example.org/stkg/time	"2026-02-05T22:38:51Z"^^<http://www.w3.org/2001/XMLSchema#dateTime>
http://example.org/stkg/id/obs_rel_K2BlackPanther_BTR80_20260205T223851Z_140_d_c	http://www.w3.org/1999/02/22-rdf-syntax-ns#type	http://example.org/stkg/id/SpatialRelationObservation
http://example.org/stkg/id/obs_rel_K2BlackPanther_BTR80_20260205T223851Z_140_d_c	http://example.org/stkg/subjectEntity	http://example.org/stkg/id/platform_K2BlackPanther
http://example.org/stkg/id/obs_rel_K2BlackPanther_BTR80_20260205T223851Z_140_d_c	http://example.org/stkg/objectEntity	http://example.org/stkg/id/platform_BTR80
http://example.org/stkg/id/obs_rel_K2BlackPanther_BTR80_20260205T223851Z_140_d_c	http://example.org/stkg/relationType	http://example.org/stkg/id/relation_ahead_of
http://example.org/stkg/id/obs_rel_K2BlackPanther_BTR80_20260205T223851Z_140_d_c	http://example.org/stkg/time	"2026-02-05T22:38:51Z"^^<http://www.w3.org/2001/XMLSchema#dateTime>
http://example.org/stkg/id/obs_rel_K2BlackPanther_T90_20260205T223851Z_140_d_e	http://www.w3.org/1999/02/22-rdf-syntax-ns#type	http://example.org/stkg/id/SpatialRelationObservation
http://example.org/stkg/id/obs_rel_K2BlackPanther_T90_20260205T223851Z_140_d_e	http://example.org/stkg/subjectEntity	http://example.org/stkg/id/platform_K2BlackPanther
http://example.org/stkg/id/obs_rel_K2BlackPanther_T90_20260205T223851Z_140_d_e	http://example.org/stkg/objectEntity	http://example.org/stkg/id/platform_T90
http://example.org/stkg/id/obs_rel_K2BlackPanther_T90_20260205T223851Z_140_d_e	http://example.org/stkg/relationType	http://example.org/stkg/id/relation_behind_of
http://example.org/stkg/id/obs_rel_K2BlackPanther_T90_20260205T223851Z_140_d_e	http://example.org/stkg/time	"2026-02-05T22:38:51Z"^^<http://www.w3.org/2001/XMLSchema#dateTime>
http://example.org/stkg/id/obs_rel_T90_K2BlackPanther_20260205T223851Z_140_e_d	http://www.w3.org/1999/02/22-rdf-syntax-ns#type	http://example.org/stkg/id/SpatialRelationObservation
http://example.org/stkg/id/obs_rel_T90_K2BlackPanther_20260205T223851Z_140_e_d	http://example.org/stkg/subjectEntity	http://example.org/stkg/id/platform_T90
http://example.org/stkg/id/obs_rel_T90_K2BlackPanther_20260205T223851Z_140_e_d	http://example.org/stkg/objectEntity	http://example.org/stkg/id/platform_K2BlackPanther
http://example.org/stkg/id/obs_rel_T90_K2BlackPanther_20260205T223851Z_140_e_d	http://example.org/stkg/relationType	http://example.org/stkg/id/relation_ahead_of
http://example.org/stkg/id/obs_rel_T90_K2BlackPanther_20260205T223851Z_140_e_d	http://example.org/stkg/time	"2026-02-05T22:38:51Z"^^<http://www.w3.org/2001/XMLSchema#dateTime>
http://example.org/stkg/id/obs_rel_BTR80_T90_20260205T223851Z_140_c_e	http://www.w3.org/1999/02/22-rdf-syntax-ns#type	http://example.org/stkg/id/SpatialRelationObservation
http://example.org/stkg/id/obs_rel_BTR80_T90_20260205T223851Z_140_c_e	http://example.org/stkg/subjectEntity	http://example.org/stkg/id/platform_BTR80
http://example.org/stkg/id/obs_rel_BTR80_T90_20260205T223851Z_140_c_e	http://example.org/stkg/objectEntity	http://example.org/stkg/id/platform_T90
http://example.org/stkg/id/obs_rel_BTR80_T90_20260205T223851Z_140_c_e	http://example.org/stkg/relationType	http://example.org/stkg/id/relation_behind_of
http://example.org/stkg/id/obs_rel_BTR80_T90_20260205T223851Z_140_c_e	http://example.org/stkg/time	"2026-02-05T22:38:51Z"^^<http://www.w3.org/2001/XMLSchema#dateTime>
http://example.org/stkg/id/obs_rel_T90_BTR80_20260205T223851Z_140_e_c	http://www.w3.org/1999/02/22-rdf-syntax-ns#type	http://example.org/stkg/id/SpatialRelationObservation
http://example.org/stkg/id/obs_rel_T90_BTR80_20260205T223851Z_140_e_c	http://example.org/stkg/subjectEntity	http://example.org/stkg/id/platform_T90
http://example.org/stkg/id/obs_rel_T90_BTR80_20260205T223851Z_140_e_c	http://example.org/stkg/objectEntity	http://example.org/stkg/id/platform_BTR80
http://example.org/stkg/id/obs_rel_T90_BTR80_20260205T223851Z_140_e_c	http://example.org/stkg/relationType	http://example.org/stkg/id/relation_ahead_of
http://example.org/stkg/id/obs_rel_T90_BTR80_20260205T223851Z_140_e_c	http://example.org/stkg/time	"2026-02-05T22:38:51Z"^^<http://www.w3.org/2001/XMLSchema#dateTime>
http://example.org/stkg/id/obs_rel_BTR80_K2BlackPanther_20260205T223852Z_141_c_d	http://www.w3.org/1999/02/22-rdf-syntax-ns#type	http://example.org/stkg/id/SpatialRelationObservation
http://example.org/stkg/id/obs_rel_BTR80_K2BlackPanther_20260205T223852Z_141_c_d	http://example.org/stkg/subjectEntity	http://example.org/stkg/id/platform_BTR80
http://example.org/stkg/id/obs_rel_BTR80_K2BlackPanther_20260205T223852Z_141_c_d	http://example.org/stkg/objectEntity	http://example.org/stkg/id/platform_K2BlackPanther
http://example.org/stkg/id/obs_rel_BTR80_K2BlackPanther_20260205T223852Z_141_c_d	http://example.org/stkg/relationType	http://example.org/stkg/id/relation_behind_of
http://example.org/stkg/id/obs_rel_BTR80_K2BlackPanther_20260205T223852Z_141_c_d	http://example.org/stkg/time	"2026-02-05T22:38:52Z"^^<http://www.w3.org/2001/XMLSchema#dateTime>
http://example.org/stkg/id/obs_rel_K2BlackPanther_BTR80_20260205T223852Z_141_d_c	http://www.w3.org/1999/02/22-rdf-syntax-ns#type	http://example.org/stkg/id/SpatialRelationObservation
http://example.org/stkg/id/obs_rel_K2BlackPanther_BTR80_20260205T223852Z_141_d_c	http://example.org/stkg/subjectEntity	http://example.org/stkg/id/platform_K2BlackPanther
http://example.org/stkg/id/obs_rel_K2BlackPanther_BTR80_20260205T223852Z_141_d_c	http://example.org/stkg/objectEntity	http://example.org/stkg/id/platform_BTR80
http://example.org/stkg/id/obs_rel_K2BlackPanther_BTR80_20260205T223852Z_141_d_c	http://example.org/stkg/relationType	http://example.org/stkg/id/relation_ahead_of
http://example.org/stkg/id/obs_rel_K2BlackPanther_BTR80_20260205T223852Z_141_d_c	http://example.org/stkg/time	"2026-02-05T22:38:52Z"^^<http://www.w3.org/2001/XMLSchema#dateTime>
http://example.org/stkg/id/obs_rel_K2BlackPanther_T90_20260205T223852Z_141_d_e	http://www.w3.org/1999/02/22-rdf-syntax-ns#type	http://example.org/stkg/id/SpatialRelationObservation
http://example.org/stkg/id/obs_rel_K2BlackPanther_T90_20260205T223852Z_141_d_e	http://example.org/stkg/subjectEntity	http://example.org/stkg/id/platform_K2BlackPanther
http://example.org/stkg/id/obs_rel_K2BlackPanther_T90_20260205T223852Z_141_d_e	http://example.org/stkg/objectEntity	http://example.org/stkg/id/platform_T90
http://example.org/stkg/id/obs_rel_K2BlackPanther_T90_20260205T223852Z_141_d_e	http://example.org/stkg/relationType	http://example.org/stkg/id/relation_behind_of
http://example.org/stkg/id/obs_rel_K2BlackPanther_T90_20260205T223852Z_141_d_e	http://example.org/stkg/time	"2026-02-05T22:38:52Z"^^<http://www.w3.org/2001/XMLSchema#dateTime>
http://example.org/stkg/id/obs_rel_T90_K2BlackPanther_20260205T223852Z_141_e_d	http://www.w3.org/1999/02/22-rdf-syntax-ns#type	http://example.org/stkg/id/SpatialRelationObservation
http://example.org/stkg/id/obs_rel_T90_K2BlackPanther_20260205T223852Z_141_e_d	http://example.org/stkg/subjectEntity	http://example.org/stkg/id/platform_T90
http://example.org/stkg/id/obs_rel_T90_K2BlackPanther_20260205T223852Z_141_e_d	http://example.org/stkg/objectEntity	http://example.org/stkg/id/platform_K2BlackPanther
http://example.org/stkg/id/obs_rel_T90_K2BlackPanther_20260205T223852Z_141_e_d	http://example.org/stkg/relationType	http://example.org/stkg/id/relation_ahead_of
http://example.org/stkg/id/obs_rel_T90_K2BlackPanther_20260205T223852Z_141_e_d	http://example.org/stkg/time	"2026-02-05T22:38:52Z"^^<http://www.w3.org/2001/XMLSchema#dateTime>
http://example.org/stkg/id/obs_rel_BTR80_T90_20260205T223852Z_141_c_e	http://www.w3.org/1999/02/22-rdf-syntax-ns#type	http://example.org/stkg/id/SpatialRelationObservation
http://example.org/stkg/id/obs_rel_BTR80_T90_20260205T223852Z_141_c_e	http://example.org/stkg/subjectEntity	http://example.org/stkg/id/platform_BTR80
http://example.org/stkg/id/obs_rel_BTR80_T90_20260205T223852Z_141_c_e	http://example.org/stkg/objectEntity	http://example.org/stkg/id/platform_T90
http://example.org/stkg/id/obs_rel_BTR80_T90_20260205T223852Z_141_c_e	http://example.org/stkg/relationType	http://example.org/stkg/id/relation_behind_of
http://example.org/stkg/id/obs_rel_BTR80_T90_20260205T223852Z_141_c_e	http://example.org/stkg/time	"2026-02-05T22:38:52Z"^^<http://www.w3.org/2001/XMLSchema#dateTime>
http://example.org/stkg/id/obs_rel_T90_BTR80_20260205T223852Z_141_e_c	http://www.w3.org/1999/02/22-rdf-syntax-ns#type	http://example.org/stkg/id/SpatialRelationObservation
http://example.org/stkg/id/obs_rel_T90_BTR80_20260205T223852Z_141_e_c	http://example.org/stkg/subjectEntity	http://example.org/stkg/id/platform_T90
http://example.org/stkg/id/obs_rel_T90_BTR80_20260205T223852Z_141_e_c	http://example.org/stkg/objectEntity	http://example.org/stkg/id/platform_BTR80
http://example.org/stkg/id/obs_rel_T90_BTR80_20260205T223852Z_141_e_c	http://example.org/stkg/relationType	http://example.org/stkg/id/relation_ahead_of
http://example.org/stkg/id/obs_rel_T90_BTR80_20260205T223852Z_141_e_c	http://example.org/stkg/time	"2026-02-05T22:38:52Z"^^<http://www.w3.org/2001/XMLSchema#dateTime>
http://example.org/stkg/id/obs_rel_BTR80_K2BlackPanther_20260205T223853Z_142_c_d	http://www.w3.org/1999/02/22-rdf-syntax-ns#type	http://example.org/stkg/id/SpatialRelationObservation
http://example.org/stkg/id/obs_rel_BTR80_K2BlackPanther_20260205T223853Z_142_c_d	http://example.org/stkg/subjectEntity	http://example.org/stkg/id/platform_BTR80
http://example.org/stkg/id/obs_rel_BTR80_K2BlackPanther_20260205T223853Z_142_c_d	http://example.org/stkg/objectEntity	http://example.org/stkg/id/platform_K2BlackPanther
http://example.org/stkg/id/obs_rel_BTR80_K2BlackPanther_20260205T223853Z_142_c_d	http://example.org/stkg/relationType	http://example.org/stkg/id/relation_behind_of
http://example.org/stkg/id/obs_rel_BTR80_K2BlackPanther_20260205T223853Z_142_c_d	http://example.org/stkg/time	"2026-02-05T22:38:53Z"^^<http://www.w3.org/2001/XMLSchema#dateTime>
http://example.org/stkg/id/obs_rel_K2BlackPanther_BTR80_20260205T223853Z_142_d_c	http://www.w3.org/1999/02/22-rdf-syntax-ns#type	http://example.org/stkg/id/SpatialRelationObservation
http://example.org/stkg/id/obs_rel_K2BlackPanther_BTR80_20260205T223853Z_142_d_c	http://example.org/stkg/subjectEntity	http://example.org/stkg/id/platform_K2BlackPanther
http://example.org/stkg/id/obs_rel_K2BlackPanther_BTR80_20260205T223853Z_142_d_c	http://example.org/stkg/objectEntity	http://example.org/stkg/id/platform_BTR80
http://example.org/stkg/id/obs_rel_K2BlackPanther_BTR80_20260205T223853Z_142_d_c	http://example.org/stkg/relationType	http://example.org/stkg/id/relation_ahead_of
http://example.org/stkg/id/obs_rel_K2BlackPanther_BTR80_20260205T223853Z_142_d_c	http://example.org/stkg/time	"2026-02-05T22:38:53Z"^^<http://www.w3.org/2001/XMLSchema#dateTime>
http://example.org/stkg/id/obs_rel_K2BlackPanther_T90_20260205T223853Z_142_d_e	http://www.w3.org/1999/02/22-rdf-syntax-ns#type	http://example.org/stkg/id/SpatialRelationObservation
http://example.org/stkg/id/obs_rel_K2BlackPanther_T90_20260205T223853Z_142_d_e	http://example.org/stkg/subjectEntity	http://example.org/stkg/id/platform_K2BlackPanther
http://example.org/stkg/id/obs_rel_K2BlackPanther_T90_20260205T223853Z_142_d_e	http://example.org/stkg/objectEntity	http://example.org/stkg/id/platform_T90
http://example.org/stkg/id/obs_rel_K2BlackPanther_T90_20260205T223853Z_142_d_e	http://example.org/stkg/relationType	http://example.org/stkg/id/relation_behind_of
http://example.org/stkg/id/obs_rel_K2BlackPanther_T90_20260205T223853Z_142_d_e	http://example.org/stkg/time	"2026-02-05T22:38:53Z"^^<http://www.w3.org/2001/XMLSchema#dateTime>
http://example.org/stkg/id/obs_rel_T90_K2BlackPanther_20260205T223853Z_142_e_d	http://www.w3.org/1999/02/22-rdf-syntax-ns#type	http://example.org/stkg/id/SpatialRelationObservation
http://example.org/stkg/id/obs_rel_T90_K2BlackPanther_20260205T223853Z_142_e_d	http://example.org/stkg/subjectEntity	http://example.org/stkg/id/platform_T90
http://example.org/stkg/id/obs_rel_T90_K2BlackPanther_20260205T223853Z_142_e_d	http://example.org/stkg/objectEntity	http://example.org/stkg/id/platform_K2BlackPanther
http://example.org/stkg/id/obs_rel_T90_K2BlackPanther_20260205T223853Z_142_e_d	http://example.org/stkg/relationType	http://example.org/stkg/id/relation_ahead_of
http://example.org/stkg/id/obs_rel_T90_K2BlackPanther_20260205T223853Z_142_e_d	http://example.org/stkg/time	"2026-02-05T22:38:53Z"^^<http://www.w3.org/2001/XMLSchema#dateTime>
http://example.org/stkg/id/obs_rel_BTR80_T90_20260205T223853Z_142_c_e	http://www.w3.org/1999/02/22-rdf-syntax-ns#type	http://example.org/stkg/id/SpatialRelationObservation
http://example.org/stkg/id/obs_rel_BTR80_T90_20260205T223853Z_142_c_e	http://example.org/stkg/subjectEntity	http://example.org/stkg/id/platform_BTR80
http://example.org/stkg/id/obs_rel_BTR80_T90_20260205T223853Z_142_c_e	http://example.org/stkg/objectEntity	http://example.org/stkg/id/platform_T90
http://example.org/stkg/id/obs_rel_BTR80_T90_20260205T223853Z_142_c_e	http://example.org/stkg/relationType	http://example.org/stkg/id/relation_behind_of
http://example.org/stkg/id/obs_rel_BTR80_T90_20260205T223853Z_142_c_e	http://example.org/stkg/time	"2026-02-05T22:38:53Z"^^<http://www.w3.org/2001/XMLSchema#dateTime>
http://example.org/stkg/id/obs_rel_T90_BTR80_20260205T223853Z_142_e_c	http://www.w3.org/1999/02/22-rdf-syntax-ns#type	http://example.org/stkg/id/SpatialRelationObservation
http://example.org/stkg/id/obs_rel_T90_BTR80_20260205T223853Z_142_e_c	http://example.org/stkg/subjectEntity	http://example.org/stkg/id/platform_T90
http://example.org/stkg/id/obs_rel_T90_BTR80_20260205T223853Z_142_e_c	http://example.org/stkg/objectEntity	http://example.org/stkg/id/platform_BTR80
http://example.org/stkg/id/obs_rel_T90_BTR80_20260205T223853Z_142_e_c	http://example.org/stkg/relationType	http://example.org/stkg/id/relation_ahead_of
http://example.org/stkg/id/obs_rel_T90_BTR80_20260205T223853Z_142_e_c	http://example.org/stkg/time	"2026-02-05T22:38:53Z"^^<http://www.w3.org/2001/XMLSchema#dateTime>
http://example.org/stkg/id/obs_rel_BTR80_K2BlackPanther_20260205T223854Z_143_c_d	http://www.w3.org/1999/02/22-rdf-syntax-ns#type	http://example.org/stkg/id/SpatialRelationObservation
http://example.org/stkg/id/obs_rel_BTR80_K2BlackPanther_20260205T223854Z_143_c_d	http://example.org/stkg/subjectEntity	http://example.org/stkg/id/platform_BTR80
http://example.org/stkg/id/obs_rel_BTR80_K2BlackPanther_20260205T223854Z_143_c_d	http://example.org/stkg/objectEntity	http://example.org/stkg/id/platform_K2BlackPanther
http://example.org/stkg/id/obs_rel_BTR80_K2BlackPanther_20260205T223854Z_143_c_d	http://example.org/stkg/relationType	http://example.org/stkg/id/relation_behind_of
http://example.org/stkg/id/obs_rel_BTR80_K2BlackPanther_20260205T223854Z_143_c_d	http://example.org/stkg/time	"2026-02-05T22:38:54Z"^^<http://www.w3.org/2001/XMLSchema#dateTime>
http://example.org/stkg/id/obs_rel_K2BlackPanther_BTR80_20260205T223854Z_143_d_c	http://www.w3.org/1999/02/22-rdf-syntax-ns#type	http://example.org/stkg/id/SpatialRelationObservation
http://example.org/stkg/id/obs_rel_K2BlackPanther_BTR80_20260205T223854Z_143_d_c	http://example.org/stkg/subjectEntity	http://example.org/stkg/id/platform_K2BlackPanther
http://example.org/stkg/id/obs_rel_K2BlackPanther_BTR80_20260205T223854Z_143_d_c	http://example.org/stkg/objectEntity	http://example.org/stkg/id/platform_BTR80
http://example.org/stkg/id/obs_rel_K2BlackPanther_BTR80_20260205T223854Z_143_d_c	http://example.org/stkg/relationType	http://example.org/stkg/id/relation_ahead_of
http://example.org/stkg/id/obs_rel_K2BlackPanther_BTR80_20260205T223854Z_143_d_c	http://example.org/stkg/time	"2026-02-05T22:38:54Z"^^<http://www.w3.org/2001/XMLSchema#dateTime>
http://example.org/stkg/id/obs_rel_K2BlackPanther_T90_20260205T223854Z_143_d_e	http://www.w3.org/1999/02/22-rdf-syntax-ns#type	http://example.org/stkg/id/SpatialRelationObservation
http://example.org/stkg/id/obs_rel_K2BlackPanther_T90_20260205T223854Z_143_d_e	http://example.org/stkg/subjectEntity	http://example.org/stkg/id/platform_K2BlackPanther
http://example.org/stkg/id/obs_rel_K2BlackPanther_T90_20260205T223854Z_143_d_e	http://example.org/stkg/objectEntity	http://example.org/stkg/id/platform_T90
http://example.org/stkg/id/obs_rel_K2BlackPanther_T90_20260205T223854Z_143_d_e	http://example.org/stkg/relationType	http://example.org/stkg/id/relation_behind_of
http://example.org/stkg/id/obs_rel_K2BlackPanther_T90_20260205T223854Z_143_d_e	http://example.org/stkg/time	"2026-02-05T22:38:54Z"^^<http://www.w3.org/2001/XMLSchema#dateTime>
http://example.org/stkg/id/obs_rel_T90_K2BlackPanther_20260205T223854Z_143_e_d	http://www.w3.org/1999/02/22-rdf-syntax-ns#type	http://example.org/stkg/id/SpatialRelationObservation
http://example.org/stkg/id/obs_rel_T90_K2BlackPanther_20260205T223854Z_143_e_d	http://example.org/stkg/subjectEntity	http://example.org/stkg/id/platform_T90
http://example.org/stkg/id/obs_rel_T90_K2BlackPanther_20260205T223854Z_143_e_d	http://example.org/stkg/objectEntity	http://example.org/stkg/id/platform_K2BlackPanther
http://example.org/stkg/id/obs_rel_T90_K2BlackPanther_20260205T223854Z_143_e_d	http://example.org/stkg/relationType	http://example.org/stkg/id/relation_ahead_of
http://example.org/stkg/id/obs_rel_T90_K2BlackPanther_20260205T223854Z_143_e_d	http://example.org/stkg/time	"2026-02-05T22:38:54Z"^^<http://www.w3.org/2001/XMLSchema#dateTime>
http://example.org/stkg/id/obs_rel_BTR80_T90_20260205T223854Z_143_c_e	http://www.w3.org/1999/02/22-rdf-syntax-ns#type	http://example.org/stkg/id/SpatialRelationObservation
http://example.org/stkg/id/obs_rel_BTR80_T90_20260205T223854Z_143_c_e	http://example.org/stkg/subjectEntity	http://example.org/stkg/id/platform_BTR80
http://example.org/stkg/id/obs_rel_BTR80_T90_20260205T223854Z_143_c_e	http://example.org/stkg/objectEntity	http://example.org/stkg/id/platform_T90
http://example.org/stkg/id/obs_rel_BTR80_T90_20260205T223854Z_143_c_e	http://example.org/stkg/relationType	http://example.org/stkg/id/relation_behind_of
http://example.org/stkg/id/obs_rel_BTR80_T90_20260205T223854Z_143_c_e	http://example.org/stkg/time	"2026-02-05T22:38:54Z"^^<http://www.w3.org/2001/XMLSchema#dateTime>
http://example.org/stkg/id/obs_rel_T90_BTR80_20260205T223854Z_143_e_c	http://www.w3.org/1999/02/22-rdf-syntax-ns#type	http://example.org/stkg/id/SpatialRelationObservation
http://example.org/stkg/id/obs_rel_T90_BTR80_20260205T223854Z_143_e_c	http://example.org/stkg/subjectEntity	http://example.org/stkg/id/platform_T90
http://example.org/stkg/id/obs_rel_T90_BTR80_20260205T223854Z_143_e_c	http://example.org/stkg/objectEntity	http://example.org/stkg/id/platform_BTR80
http://example.org/stkg/id/obs_rel_T90_BTR80_20260205T223854Z_143_e_c	http://example.org/stkg/relationType	http://example.org/stkg/id/relation_ahead_of
http://example.org/stkg/id/obs_rel_T90_BTR80_20260205T223854Z_143_e_c	http://example.org/stkg/time	"2026-02-05T22:38:54Z"^^<http://www.w3.org/2001/XMLSchema#dateTime>
http://example.org/stkg/id/obs_rel_BTR80_K2BlackPanther_20260205T223855Z_144_c_d	http://www.w3.org/1999/02/22-rdf-syntax-ns#type	http://example.org/stkg/id/SpatialRelationObservation
http://example.org/stkg/id/obs_rel_BTR80_K2BlackPanther_20260205T223855Z_144_c_d	http://example.org/stkg/subjectEntity	http://example.org/stkg/id/platform_BTR80
http://example.org/stkg/id/obs_rel_BTR80_K2BlackPanther_20260205T223855Z_144_c_d	http://example.org/stkg/objectEntity	http://example.org/stkg/id/platform_K2BlackPanther
http://example.org/stkg/id/obs_rel_BTR80_K2BlackPanther_20260205T223855Z_144_c_d	http://example.org/stkg/relationType	http://example.org/stkg/id/relation_behind_of
http://example.org/stkg/id/obs_rel_BTR80_K2BlackPanther_20260205T223855Z_144_c_d	http://example.org/stkg/time	"2026-02-05T22:38:55Z"^^<http://www.w3.org/2001/XMLSchema#dateTime>
http://example.org/stkg/id/obs_rel_K2BlackPanther_BTR80_20260205T223855Z_144_d_c	http://www.w3.org/1999/02/22-rdf-syntax-ns#type	http://example.org/stkg/id/SpatialRelationObservation
http://example.org/stkg/id/obs_rel_K2BlackPanther_BTR80_20260205T223855Z_144_d_c	http://example.org/stkg/subjectEntity	http://example.org/stkg/id/platform_K2BlackPanther
http://example.org/stkg/id/obs_rel_K2BlackPanther_BTR80_20260205T223855Z_144_d_c	http://example.org/stkg/objectEntity	http://example.org/stkg/id/platform_BTR80
http://example.org/stkg/id/obs_rel_K2BlackPanther_BTR80_20260205T223855Z_144_d_c	http://example.org/stkg/relationType	http://example.org/stkg/id/relation_ahead_of
http://example.org/stkg/id/obs_rel_K2BlackPanther_BTR80_20260205T223855Z_144_d_c	http://example.org/stkg/time	"2026-02-05T22:38:55Z"^^<http://www.w3.org/2001/XMLSchema#dateTime>
http://example.org/stkg/id/obs_rel_K2BlackPanther_T90_20260205T223855Z_144_d_e	http://www.w3.org/1999/02/22-rdf-syntax-ns#type	http://example.org/stkg/id/SpatialRelationObservation
http://example.org/stkg/id/obs_rel_K2BlackPanther_T90_20260205T223855Z_144_d_e	http://example.org/stkg/subjectEntity	http://example.org/stkg/id/platform_K2BlackPanther
http://example.org/stkg/id/obs_rel_K2BlackPanther_T90_20260205T223855Z_144_d_e	http://example.org/stkg/objectEntity	http://example.org/stkg/id/platform_T90
http://example.org/stkg/id/obs_rel_K2BlackPanther_T90_20260205T223855Z_144_d_e	http://example.org/stkg/relationType	http://example.org/stkg/id/relation_behind_of
http://example.org/stkg/id/obs_rel_K2BlackPanther_T90_20260205T223855Z_144_d_e	http://example.org/stkg/time	"2026-02-05T22:38:55Z"^^<http://www.w3.org/2001/XMLSchema#dateTime>
http://example.org/stkg/id/obs_rel_T90_K2BlackPanther_20260205T223855Z_144_e_d	http://www.w3.org/1999/02/22-rdf-syntax-ns#type	http://example.org/stkg/id/SpatialRelationObservation
http://example.org/stkg/id/obs_rel_T90_K2BlackPanther_20260205T223855Z_144_e_d	http://example.org/stkg/subjectEntity	http://example.org/stkg/id/platform_T90
http://example.org/stkg/id/obs_rel_T90_K2BlackPanther_20260205T223855Z_144_e_d	http://example.org/stkg/objectEntity	http://example.org/stkg/id/platform_K2BlackPanther
http://example.org/stkg/id/obs_rel_T90_K2BlackPanther_20260205T223855Z_144_e_d	http://example.org/stkg/relationType	http://example.org/stkg/id/relation_ahead_of
http://example.org/stkg/id/obs_rel_T90_K2BlackPanther_20260205T223855Z_144_e_d	http://example.org/stkg/time	"2026-02-05T22:38:55Z"^^<http://www.w3.org/2001/XMLSchema#dateTime>
http://example.org/stkg/id/obs_rel_BTR80_T90_20260205T223855Z_144_c_e	http://www.w3.org/1999/02/22-rdf-syntax-ns#type	http://example.org/stkg/id/SpatialRelationObservation
http://example.org/stkg/id/obs_rel_BTR80_T90_20260205T223855Z_144_c_e	http://example.org/stkg/subjectEntity	http://example.org/stkg/id/platform_BTR80
http://example.org/stkg/id/obs_rel_BTR80_T90_20260205T223855Z_144_c_e	http://example.org/stkg/objectEntity	http://example.org/stkg/id/platform_T90
http://example.org/stkg/id/obs_rel_BTR80_T90_20260205T223855Z_144_c_e	http://example.org/stkg/relationType	http://example.org/stkg/id/relation_behind_of
http://example.org/stkg/id/obs_rel_BTR80_T90_20260205T223855Z_144_c_e	http://example.org/stkg/time	"2026-02-05T22:38:55Z"^^<http://www.w3.org/2001/XMLSchema#dateTime>
http://example.org/stkg/id/obs_rel_T90_BTR80_20260205T223855Z_144_e_c	http://www.w3.org/1999/02/22-rdf-syntax-ns#type	http://example.org/stkg/id/SpatialRelationObservation
http://example.org/stkg/id/obs_rel_T90_BTR80_20260205T223855Z_144_e_c	http://example.org/stkg/subjectEntity	http://example.org/stkg/id/platform_T90
http://example.org/stkg/id/obs_rel_T90_BTR80_20260205T223855Z_144_e_c	http://example.org/stkg/objectEntity	http://example.org/stkg/id/platform_BTR80
http://example.org/stkg/id/obs_rel_T90_BTR80_20260205T223855Z_144_e_c	http://example.org/stkg/relationType	http://example.org/stkg/id/relation_ahead_of
http://example.org/stkg/id/obs_rel_T90_BTR80_20260205T223855Z_144_e_c	http://example.org/stkg/time	"2026-02-05T22:38:55Z"^^<http://www.w3.org/2001/XMLSchema#dateTime>
http://example.org/stkg/id/obs_rel_BTR80_K2BlackPanther_20260205T223856Z_145_c_d	http://www.w3.org/1999/02/22-rdf-syntax-ns#type	http://example.org/stkg/id/SpatialRelationObservation
http://example.org/stkg/id/obs_rel_BTR80_K2BlackPanther_20260205T223856Z_145_c_d	http://example.org/stkg/subjectEntity	http://example.org/stkg/id/platform_BTR80
http://example.org/stkg/id/obs_rel_BTR80_K2BlackPanther_20260205T223856Z_145_c_d	http://example.org/stkg/objectEntity	http://example.org/stkg/id/platform_K2BlackPanther
http://example.org/stkg/id/obs_rel_BTR80_K2BlackPanther_20260205T223856Z_145_c_d	http://example.org/stkg/relationType	http://example.org/stkg/id/relation_behind_of
http://example.org/stkg/id/obs_rel_BTR80_K2BlackPanther_20260205T223856Z_145_c_d	http://example.org/stkg/time	"2026-02-05T22:38:56Z"^^<http://www.w3.org/2001/XMLSchema#dateTime>
http://example.org/stkg/id/obs_rel_K2BlackPanther_BTR80_20260205T223856Z_145_d_c	http://www.w3.org/1999/02/22-rdf-syntax-ns#type	http://example.org/stkg/id/SpatialRelationObservation
http://example.org/stkg/id/obs_rel_K2BlackPanther_BTR80_20260205T223856Z_145_d_c	http://example.org/stkg/subjectEntity	http://example.org/stkg/id/platform_K2BlackPanther
http://example.org/stkg/id/obs_rel_K2BlackPanther_BTR80_20260205T223856Z_145_d_c	http://example.org/stkg/objectEntity	http://example.org/stkg/id/platform_BTR80
http://example.org/stkg/id/obs_rel_K2BlackPanther_BTR80_20260205T223856Z_145_d_c	http://example.org/stkg/relationType	http://example.org/stkg/id/relation_ahead_of
http://example.org/stkg/id/obs_rel_K2BlackPanther_BTR80_20260205T223856Z_145_d_c	http://example.org/stkg/time	"2026-02-05T22:38:56Z"^^<http://www.w3.org/2001/XMLSchema#dateTime>
http://example.org/stkg/id/obs_rel_K2BlackPanther_T90_20260205T223856Z_145_d_e	http://www.w3.org/1999/02/22-rdf-syntax-ns#type	http://example.org/stkg/id/SpatialRelationObservation
http://example.org/stkg/id/obs_rel_K2BlackPanther_T90_20260205T223856Z_145_d_e	http://example.org/stkg/subjectEntity	http://example.org/stkg/id/platform_K2BlackPanther
http://example.org/stkg/id/obs_rel_K2BlackPanther_T90_20260205T223856Z_145_d_e	http://example.org/stkg/objectEntity	http://example.org/stkg/id/platform_T90
http://example.org/stkg/id/obs_rel_K2BlackPanther_T90_20260205T223856Z_145_d_e	http://example.org/stkg/relationType	http://example.org/stkg/id/relation_behind_of
http://example.org/stkg/id/obs_rel_K2BlackPanther_T90_20260205T223856Z_145_d_e	http://example.org/stkg/time	"2026-02-05T22:38:56Z"^^<http://www.w3.org/2001/XMLSchema#dateTime>
http://example.org/stkg/id/obs_rel_T90_K2BlackPanther_20260205T223856Z_145_e_d	http://www.w3.org/1999/02/22-rdf-syntax-ns#type	http://example.org/stkg/id/SpatialRelationObservation
http://example.org/stkg/id/obs_rel_T90_K2BlackPanther_20260205T223856Z_145_e_d	http://example.org/stkg/subjectEntity	http://example.org/stkg/id/platform_T90
http://example.org/stkg/id/obs_rel_T90_K2BlackPanther_20260205T223856Z_145_e_d	http://example.org/stkg/objectEntity	http://example.org/stkg/id/platform_K2BlackPanther
http://example.org/stkg/id/obs_rel_T90_K2BlackPanther_20260205T223856Z_145_e_d	http://example.org/stkg/relationType	http://example.org/stkg/id/relation_ahead_of
http://example.org/stkg/id/obs_rel_T90_K2BlackPanther_20260205T223856Z_145_e_d	http://example.org/stkg/time	"2026-02-05T22:38:56Z"^^<http://www.w3.org/2001/XMLSchema#dateTime>
http://example.org/stkg/id/obs_rel_BTR80_T90_20260205T223856Z_145_c_e	http://www.w3.org/1999/02/22-rdf-syntax-ns#type	http://example.org/stkg/id/SpatialRelationObservation
http://example.org/stkg/id/obs_rel_BTR80_T90_20260205T223856Z_145_c_e	http://example.org/stkg/subjectEntity	http://example.org/stkg/id/platform_BTR80
http://example.org/stkg/id/obs_rel_BTR80_T90_20260205T223856Z_145_c_e	http://example.org/stkg/objectEntity	http://example.org/stkg/id/platform_T90
http://example.org/stkg/id/obs_rel_BTR80_T90_20260205T223856Z_145_c_e	http://example.org/stkg/relationType	http://example.org/stkg/id/relation_behind_of
http://example.org/stkg/id/obs_rel_BTR80_T90_20260205T223856Z_145_c_e	http://example.org/stkg/time	"2026-02-05T22:38:56Z"^^<http://www.w3.org/2001/XMLSchema#dateTime>
http://example.org/stkg/id/obs_rel_T90_BTR80_20260205T223856Z_145_e_c	http://www.w3.org/1999/02/22-rdf-syntax-ns#type	http://example.org/stkg/id/SpatialRelationObservation
http://example.org/stkg/id/obs_rel_T90_BTR80_20260205T223856Z_145_e_c	http://example.org/stkg/subjectEntity	http://example.org/stkg/id/platform_T90
http://example.org/stkg/id/obs_rel_T90_BTR80_20260205T223856Z_145_e_c	http://example.org/stkg/objectEntity	http://example.org/stkg/id/platform_BTR80
http://example.org/stkg/id/obs_rel_T90_BTR80_20260205T223856Z_145_e_c	http://example.org/stkg/relationType	http://example.org/stkg/id/relation_ahead_of
http://example.org/stkg/id/obs_rel_T90_BTR80_20260205T223856Z_145_e_c	http://example.org/stkg/time	"2026-02-05T22:38:56Z"^^<http://www.w3.org/2001/XMLSchema#dateTime>
http://example.org/stkg/id/obs_rel_BTR80_K2BlackPanther_20260205T223857Z_146_c_d	http://www.w3.org/1999/02/22-rdf-syntax-ns#type	http://example.org/stkg/id/SpatialRelationObservation
http://example.org/stkg/id/obs_rel_BTR80_K2BlackPanther_20260205T223857Z_146_c_d	http://example.org/stkg/subjectEntity	http://example.org/stkg/id/platform_BTR80
http://example.org/stkg/id/obs_rel_BTR80_K2BlackPanther_20260205T223857Z_146_c_d	http://example.org/stkg/objectEntity	http://example.org/stkg/id/platform_K2BlackPanther
http://example.org/stkg/id/obs_rel_BTR80_K2BlackPanther_20260205T223857Z_146_c_d	http://example.org/stkg/relationType	http://example.org/stkg/id/relation_behind_of
http://example.org/stkg/id/obs_rel_BTR80_K2BlackPanther_20260205T223857Z_146_c_d	http://example.org/stkg/time	"2026-02-05T22:38:57Z"^^<http://www.w3.org/2001/XMLSchema#dateTime>
http://example.org/stkg/id/obs_rel_K2BlackPanther_BTR80_20260205T223857Z_146_d_c	http://www.w3.org/1999/02/22-rdf-syntax-ns#type	http://example.org/stkg/id/SpatialRelationObservation
http://example.org/stkg/id/obs_rel_K2BlackPanther_BTR80_20260205T223857Z_146_d_c	http://example.org/stkg/subjectEntity	http://example.org/stkg/id/platform_K2BlackPanther
http://example.org/stkg/id/obs_rel_K2BlackPanther_BTR80_20260205T223857Z_146_d_c	http://example.org/stkg/objectEntity	http://example.org/stkg/id/platform_BTR80
http://example.org/stkg/id/obs_rel_K2BlackPanther_BTR80_20260205T223857Z_146_d_c	http://example.org/stkg/relationType	http://example.org/stkg/id/relation_ahead_of
http://example.org/stkg/id/obs_rel_K2BlackPanther_BTR80_20260205T223857Z_146_d_c	http://example.org/stkg/time	"2026-02-05T22:38:57Z"^^<http://www.w3.org/2001/XMLSchema#dateTime>
http://example.org/stkg/id/obs_rel_K2BlackPanther_T90_20260205T223857Z_146_d_e	http://www.w3.org/1999/02/22-rdf-syntax-ns#type	http://example.org/stkg/id/SpatialRelationObservation
http://example.org/stkg/id/obs_rel_K2BlackPanther_T90_20260205T223857Z_146_d_e	http://example.org/stkg/subjectEntity	http://example.org/stkg/id/platform_K2BlackPanther
http://example.org/stkg/id/obs_rel_K2BlackPanther_T90_20260205T223857Z_146_d_e	http://example.org/stkg/objectEntity	http://example.org/stkg/id/platform_T90
http://example.org/stkg/id/obs_rel_K2BlackPanther_T90_20260205T223857Z_146_d_e	http://example.org/stkg/relationType	http://example.org/stkg/id/relation_behind_of
http://example.org/stkg/id/obs_rel_K2BlackPanther_T90_20260205T223857Z_146_d_e	http://example.org/stkg/time	"2026-02-05T22:38:57Z"^^<http://www.w3.org/2001/XMLSchema#dateTime>
http://example.org/stkg/id/obs_rel_T90_K2BlackPanther_20260205T223857Z_146_e_d	http://www.w3.org/1999/02/22-rdf-syntax-ns#type	http://example.org/stkg/id/SpatialRelationObservation
http://example.org/stkg/id/obs_rel_T90_K2BlackPanther_20260205T223857Z_146_e_d	http://example.org/stkg/subjectEntity	http://example.org/stkg/id/platform_T90
http://example.org/stkg/id/obs_rel_T90_K2BlackPanther_20260205T223857Z_146_e_d	http://example.org/stkg/objectEntity	http://example.org/stkg/id/platform_K2BlackPanther
http://example.org/stkg/id/obs_rel_T90_K2BlackPanther_20260205T223857Z_146_e_d	http://example.org/stkg/relationType	http://example.org/stkg/id/relation_ahead_of
http://example.org/stkg/id/obs_rel_T90_K2BlackPanther_20260205T223857Z_146_e_d	http://example.org/stkg/time	"2026-02-05T22:38:57Z"^^<http://www.w3.org/2001/XMLSchema#dateTime>
http://example.org/stkg/id/obs_rel_BTR80_T90_20260205T223857Z_146_c_e	http://www.w3.org/1999/02/22-rdf-syntax-ns#type	http://example.org/stkg/id/SpatialRelationObservation
http://example.org/stkg/id/obs_rel_BTR80_T90_20260205T223857Z_146_c_e	http://example.org/stkg/subjectEntity	http://example.org/stkg/id/platform_BTR80
http://example.org/stkg/id/obs_rel_BTR80_T90_20260205T223857Z_146_c_e	http://example.org/stkg/objectEntity	http://example.org/stkg/id/platform_T90
http://example.org/stkg/id/obs_rel_BTR80_T90_20260205T223857Z_146_c_e	http://example.org/stkg/relationType	http://example.org/stkg/id/relation_behind_of
http://example.org/stkg/id/obs_rel_BTR80_T90_20260205T223857Z_146_c_e	http://example.org/stkg/time	"2026-02-05T22:38:57Z"^^<http://www.w3.org/2001/XMLSchema#dateTime>
http://example.org/stkg/id/obs_rel_T90_BTR80_20260205T223857Z_146_e_c	http://www.w3.org/1999/02/22-rdf-syntax-ns#type	http://example.org/stkg/id/SpatialRelationObservation
http://example.org/stkg/id/obs_rel_T90_BTR80_20260205T223857Z_146_e_c	http://example.org/stkg/subjectEntity	http://example.org/stkg/id/platform_T90
http://example.org/stkg/id/obs_rel_T90_BTR80_20260205T223857Z_146_e_c	http://example.org/stkg/objectEntity	http://example.org/stkg/id/platform_BTR80
http://example.org/stkg/id/obs_rel_T90_BTR80_20260205T223857Z_146_e_c	http://example.org/stkg/relationType	http://example.org/stkg/id/relation_ahead_of
http://example.org/stkg/id/obs_rel_T90_BTR80_20260205T223857Z_146_e_c	http://example.org/stkg/time	"2026-02-05T22:38:57Z"^^<http://www.w3.org/2001/XMLSchema#dateTime>
http://example.org/stkg/id/obs_rel_BTR80_K2BlackPanther_20260205T223858Z_147_c_d	http://www.w3.org/1999/02/22-rdf-syntax-ns#type	http://example.org/stkg/id/SpatialRelationObservation
http://example.org/stkg/id/obs_rel_BTR80_K2BlackPanther_20260205T223858Z_147_c_d	http://example.org/stkg/subjectEntity	http://example.org/stkg/id/platform_BTR80
http://example.org/stkg/id/obs_rel_BTR80_K2BlackPanther_20260205T223858Z_147_c_d	http://example.org/stkg/objectEntity	http://example.org/stkg/id/platform_K2BlackPanther
http://example.org/stkg/id/obs_rel_BTR80_K2BlackPanther_20260205T223858Z_147_c_d	http://example.org/stkg/relationType	http://example.org/stkg/id/relation_behind_of
http://example.org/stkg/id/obs_rel_BTR80_K2BlackPanther_20260205T223858Z_147_c_d	http://example.org/stkg/time	"2026-02-05T22:38:58Z"^^<http://www.w3.org/2001/XMLSchema#dateTime>
http://example.org/stkg/id/obs_rel_K2BlackPanther_BTR80_20260205T223858Z_147_d_c	http://www.w3.org/1999/02/22-rdf-syntax-ns#type	http://example.org/stkg/id/SpatialRelationObservation
http://example.org/stkg/id/obs_rel_K2BlackPanther_BTR80_20260205T223858Z_147_d_c	http://example.org/stkg/subjectEntity	http://example.org/stkg/id/platform_K2BlackPanther
http://example.org/stkg/id/obs_rel_K2BlackPanther_BTR80_20260205T223858Z_147_d_c	http://example.org/stkg/objectEntity	http://example.org/stkg/id/platform_BTR80
http://example.org/stkg/id/obs_rel_K2BlackPanther_BTR80_20260205T223858Z_147_d_c	http://example.org/stkg/relationType	http://example.org/stkg/id/relation_ahead_of
http://example.org/stkg/id/obs_rel_K2BlackPanther_BTR80_20260205T223858Z_147_d_c	http://example.org/stkg/time	"2026-02-05T22:38:58Z"^^<http://www.w3.org/2001/XMLSchema#dateTime>
http://example.org/stkg/id/obs_rel_K2BlackPanther_T90_20260205T223858Z_147_d_e	http://www.w3.org/1999/02/22-rdf-syntax-ns#type	http://example.org/stkg/id/SpatialRelationObservation
http://example.org/stkg/id/obs_rel_K2BlackPanther_T90_20260205T223858Z_147_d_e	http://example.org/stkg/subjectEntity	http://example.org/stkg/id/platform_K2BlackPanther
http://example.org/stkg/id/obs_rel_K2BlackPanther_T90_20260205T223858Z_147_d_e	http://example.org/stkg/objectEntity	http://example.org/stkg/id/platform_T90
http://example.org/stkg/id/obs_rel_K2BlackPanther_T90_20260205T223858Z_147_d_e	http://example.org/stkg/relationType	http://example.org/stkg/id/relation_behind_of
http://example.org/stkg/id/obs_rel_K2BlackPanther_T90_20260205T223858Z_147_d_e	http://example.org/stkg/time	"2026-02-05T22:38:58Z"^^<http://www.w3.org/2001/XMLSchema#dateTime>
http://example.org/stkg/id/obs_rel_T90_K2BlackPanther_20260205T223858Z_147_e_d	http://www.w3.org/1999/02/22-rdf-syntax-ns#type	http://example.org/stkg/id/SpatialRelationObservation
http://example.org/stkg/id/obs_rel_T90_K2BlackPanther_20260205T223858Z_147_e_d	http://example.org/stkg/subjectEntity	http://example.org/stkg/id/platform_T90
http://example.org/stkg/id/obs_rel_T90_K2BlackPanther_20260205T223858Z_147_e_d	http://example.org/stkg/objectEntity	http://example.org/stkg/id/platform_K2BlackPanther
http://example.org/stkg/id/obs_rel_T90_K2BlackPanther_20260205T223858Z_147_e_d	http://example.org/stkg/relationType	http://example.org/stkg/id/relation_ahead_of
http://example.org/stkg/id/obs_rel_T90_K2BlackPanther_20260205T223858Z_147_e_d	http://example.org/stkg/time	"2026-02-05T22:38:58Z"^^<http://www.w3.org/2001/XMLSchema#dateTime>
http://example.org/stkg/id/obs_rel_BTR80_T90_20260205T223858Z_147_c_e	http://www.w3.org/1999/02/22-rdf-syntax-ns#type	http://example.org/stkg/id/SpatialRelationObservation
http://example.org/stkg/id/obs_rel_BTR80_T90_20260205T223858Z_147_c_e	http://example.org/stkg/subjectEntity	http://example.org/stkg/id/platform_BTR80
http://example.org/stkg/id/obs_rel_BTR80_T90_20260205T223858Z_147_c_e	http://example.org/stkg/objectEntity	http://example.org/stkg/id/platform_T90
http://example.org/stkg/id/obs_rel_BTR80_T90_20260205T223858Z_147_c_e	http://example.org/stkg/relationType	http://example.org/stkg/id/relation_behind_of
http://example.org/stkg/id/obs_rel_BTR80_T90_20260205T223858Z_147_c_e	http://example.org/stkg/time	"2026-02-05T22:38:58Z"^^<http://www.w3.org/2001/XMLSchema#dateTime>
http://example.org/stkg/id/obs_rel_T90_BTR80_20260205T223858Z_147_e_c	http://www.w3.org/1999/02/22-rdf-syntax-ns#type	http://example.org/stkg/id/SpatialRelationObservation
http://example.org/stkg/id/obs_rel_T90_BTR80_20260205T223858Z_147_e_c	http://example.org/stkg/subjectEntity	http://example.org/stkg/id/platform_T90
http://example.org/stkg/id/obs_rel_T90_BTR80_20260205T223858Z_147_e_c	http://example.org/stkg/objectEntity	http://example.org/stkg/id/platform_BTR80
http://example.org/stkg/id/obs_rel_T90_BTR80_20260205T223858Z_147_e_c	http://example.org/stkg/relationType	http://example.org/stkg/id/relation_ahead_of
http://example.org/stkg/id/obs_rel_T90_BTR80_20260205T223858Z_147_e_c	http://example.org/stkg/time	"2026-02-05T22:38:58Z"^^<http://www.w3.org/2001/XMLSchema#dateTime>
http://example.org/stkg/id/obs_rel_BTR80_K2BlackPanther_20260205T223859Z_148_c_d	http://www.w3.org/1999/02/22-rdf-syntax-ns#type	http://example.org/stkg/id/SpatialRelationObservation
http://example.org/stkg/id/obs_rel_BTR80_K2BlackPanther_20260205T223859Z_148_c_d	http://example.org/stkg/subjectEntity	http://example.org/stkg/id/platform_BTR80
http://example.org/stkg/id/obs_rel_BTR80_K2BlackPanther_20260205T223859Z_148_c_d	http://example.org/stkg/objectEntity	http://example.org/stkg/id/platform_K2BlackPanther
http://example.org/stkg/id/obs_rel_BTR80_K2BlackPanther_20260205T223859Z_148_c_d	http://example.org/stkg/relationType	http://example.org/stkg/id/relation_behind_of
http://example.org/stkg/id/obs_rel_BTR80_K2BlackPanther_20260205T223859Z_148_c_d	http://example.org/stkg/time	"2026-02-05T22:38:59Z"^^<http://www.w3.org/2001/XMLSchema#dateTime>
http://example.org/stkg/id/obs_rel_K2BlackPanther_BTR80_20260205T223859Z_148_d_c	http://www.w3.org/1999/02/22-rdf-syntax-ns#type	http://example.org/stkg/id/SpatialRelationObservation
http://example.org/stkg/id/obs_rel_K2BlackPanther_BTR80_20260205T223859Z_148_d_c	http://example.org/stkg/subjectEntity	http://example.org/stkg/id/platform_K2BlackPanther
http://example.org/stkg/id/obs_rel_K2BlackPanther_BTR80_20260205T223859Z_148_d_c	http://example.org/stkg/objectEntity	http://example.org/stkg/id/platform_BTR80
http://example.org/stkg/id/obs_rel_K2BlackPanther_BTR80_20260205T223859Z_148_d_c	http://example.org/stkg/relationType	http://example.org/stkg/id/relation_ahead_of
http://example.org/stkg/id/obs_rel_K2BlackPanther_BTR80_20260205T223859Z_148_d_c	http://example.org/stkg/time	"2026-02-05T22:38:59Z"^^<http://www.w3.org/2001/XMLSchema#dateTime>
http://example.org/stkg/id/obs_rel_K2BlackPanther_T90_20260205T223859Z_148_d_e	http://www.w3.org/1999/02/22-rdf-syntax-ns#type	http://example.org/stkg/id/SpatialRelationObservation
http://example.org/stkg/id/obs_rel_K2BlackPanther_T90_20260205T223859Z_148_d_e	http://example.org/stkg/subjectEntity	http://example.org/stkg/id/platform_K2BlackPanther
http://example.org/stkg/id/obs_rel_K2BlackPanther_T90_20260205T223859Z_148_d_e	http://example.org/stkg/objectEntity	http://example.org/stkg/id/platform_T90
http://example.org/stkg/id/obs_rel_K2BlackPanther_T90_20260205T223859Z_148_d_e	http://example.org/stkg/relationType	http://example.org/stkg/id/relation_behind_of
http://example.org/stkg/id/obs_rel_K2BlackPanther_T90_20260205T223859Z_148_d_e	http://example.org/stkg/time	"2026-02-05T22:38:59Z"^^<http://www.w3.org/2001/XMLSchema#dateTime>
http://example.org/stkg/id/obs_rel_T90_K2BlackPanther_20260205T223859Z_148_e_d	http://www.w3.org/1999/02/22-rdf-syntax-ns#type	http://example.org/stkg/id/SpatialRelationObservation
http://example.org/stkg/id/obs_rel_T90_K2BlackPanther_20260205T223859Z_148_e_d	http://example.org/stkg/subjectEntity	http://example.org/stkg/id/platform_T90
http://example.org/stkg/id/obs_rel_T90_K2BlackPanther_20260205T223859Z_148_e_d	http://example.org/stkg/objectEntity	http://example.org/stkg/id/platform_K2BlackPanther
http://example.org/stkg/id/obs_rel_T90_K2BlackPanther_20260205T223859Z_148_e_d	http://example.org/stkg/relationType	http://example.org/stkg/id/relation_ahead_of
http://example.org/stkg/id/obs_rel_T90_K2BlackPanther_20260205T223859Z_148_e_d	http://example.org/stkg/time	"2026-02-05T22:38:59Z"^^<http://www.w3.org/2001/XMLSchema#dateTime>
http://example.org/stkg/id/obs_rel_BTR80_T90_20260205T223859Z_148_c_e	http://www.w3.org/1999/02/22-rdf-syntax-ns#type	http://example.org/stkg/id/SpatialRelationObservation
http://example.org/stkg/id/obs_rel_BTR80_T90_20260205T223859Z_148_c_e	http://example.org/stkg/subjectEntity	http://example.org/stkg/id/platform_BTR80
http://example.org/stkg/id/obs_rel_BTR80_T90_20260205T223859Z_148_c_e	http://example.org/stkg/objectEntity	http://example.org/stkg/id/platform_T90
http://example.org/stkg/id/obs_rel_BTR80_T90_20260205T223859Z_148_c_e	http://example.org/stkg/relationType	http://example.org/stkg/id/relation_behind_of
http://example.org/stkg/id/obs_rel_BTR80_T90_20260205T223859Z_148_c_e	http://example.org/stkg/time	"2026-02-05T22:38:59Z"^^<http://www.w3.org/2001/XMLSchema#dateTime>
http://example.org/stkg/id/obs_rel_T90_BTR80_20260205T223859Z_148_e_c	http://www.w3.org/1999/02/22-rdf-syntax-ns#type	http://example.org/stkg/id/SpatialRelationObservation
http://example.org/stkg/id/obs_rel_T90_BTR80_20260205T223859Z_148_e_c	http://example.org/stkg/subjectEntity	http://example.org/stkg/id/platform_T90
http://example.org/stkg/id/obs_rel_T90_BTR80_20260205T223859Z_148_e_c	http://example.org/stkg/objectEntity	http://example.org/stkg/id/platform_BTR80
http://example.org/stkg/id/obs_rel_T90_BTR80_20260205T223859Z_148_e_c	http://example.org/stkg/relationType	http://example.org/stkg/id/relation_ahead_of
http://example.org/stkg/id/obs_rel_T90_BTR80_20260205T223859Z_148_e_c	http://example.org/stkg/time	"2026-02-05T22:38:59Z"^^<http://www.w3.org/2001/XMLSchema#dateTime>
http://example.org/stkg/id/obs_rel_BTR80_K2BlackPanther_20260205T223900Z_149_c_d	http://www.w3.org/1999/02/22-rdf-syntax-ns#type	http://example.org/stkg/id/SpatialRelationObservation
http://example.org/stkg/id/obs_rel_BTR80_K2BlackPanther_20260205T223900Z_149_c_d	http://example.org/stkg/subjectEntity	http://example.org/stkg/id/platform_BTR80
http://example.org/stkg/id/obs_rel_BTR80_K2BlackPanther_20260205T223900Z_149_c_d	http://example.org/stkg/objectEntity	http://example.org/stkg/id/platform_K2BlackPanther
http://example.org/stkg/id/obs_rel_BTR80_K2BlackPanther_20260205T223900Z_149_c_d	http://example.org/stkg/relationType	http://example.org/stkg/id/relation_behind_of
http://example.org/stkg/id/obs_rel_BTR80_K2BlackPanther_20260205T223900Z_149_c_d	http://example.org/stkg/time	"2026-02-05T22:39:00Z"^^<http://www.w3.org/2001/XMLSchema#dateTime>
http://example.org/stkg/id/obs_rel_K2BlackPanther_BTR80_20260205T223900Z_149_d_c	http://www.w3.org/1999/02/22-rdf-syntax-ns#type	http://example.org/stkg/id/SpatialRelationObservation
http://example.org/stkg/id/obs_rel_K2BlackPanther_BTR80_20260205T223900Z_149_d_c	http://example.org/stkg/subjectEntity	http://example.org/stkg/id/platform_K2BlackPanther
http://example.org/stkg/id/obs_rel_K2BlackPanther_BTR80_20260205T223900Z_149_d_c	http://example.org/stkg/objectEntity	http://example.org/stkg/id/platform_BTR80
http://example.org/stkg/id/obs_rel_K2BlackPanther_BTR80_20260205T223900Z_149_d_c	http://example.org/stkg/relationType	http://example.org/stkg/id/relation_ahead_of
http://example.org/stkg/id/obs_rel_K2BlackPanther_BTR80_20260205T223900Z_149_d_c	http://example.org/stkg/time	"2026-02-05T22:39:00Z"^^<http://www.w3.org/2001/XMLSchema#dateTime>
http://example.org/stkg/id/obs_rel_K2BlackPanther_T90_20260205T223900Z_149_d_e	http://www.w3.org/1999/02/22-rdf-syntax-ns#type	http://example.org/stkg/id/SpatialRelationObservation
http://example.org/stkg/id/obs_rel_K2BlackPanther_T90_20260205T223900Z_149_d_e	http://example.org/stkg/subjectEntity	http://example.org/stkg/id/platform_K2BlackPanther
http://example.org/stkg/id/obs_rel_K2BlackPanther_T90_20260205T223900Z_149_d_e	http://example.org/stkg/objectEntity	http://example.org/stkg/id/platform_T90
http://example.org/stkg/id/obs_rel_K2BlackPanther_T90_20260205T223900Z_149_d_e	http://example.org/stkg/relationType	http://example.org/stkg/id/relation_behind_of
http://example.org/stkg/id/obs_rel_K2BlackPanther_T90_20260205T223900Z_149_d_e	http://example.org/stkg/time	"2026-02-05T22:39:00Z"^^<http://www.w3.org/2001/XMLSchema#dateTime>
http://example.org/stkg/id/obs_rel_T90_K2BlackPanther_20260205T223900Z_149_e_d	http://www.w3.org/1999/02/22-rdf-syntax-ns#type	http://example.org/stkg/id/SpatialRelationObservation
http://example.org/stkg/id/obs_rel_T90_K2BlackPanther_20260205T223900Z_149_e_d	http://example.org/stkg/subjectEntity	http://example.org/stkg/id/platform_T90
http://example.org/stkg/id/obs_rel_T90_K2BlackPanther_20260205T223900Z_149_e_d	http://example.org/stkg/objectEntity	http://example.org/stkg/id/platform_K2BlackPanther
http://example.org/stkg/id/obs_rel_T90_K2BlackPanther_20260205T223900Z_149_e_d	http://example.org/stkg/relationType	http://example.org/stkg/id/relation_ahead_of
http://example.org/stkg/id/obs_rel_T90_K2BlackPanther_20260205T223900Z_149_e_d	http://example.org/stkg/time	"2026-02-05T22:39:00Z"^^<http://www.w3.org/2001/XMLSchema#dateTime>
http://example.org/stkg/id/obs_rel_BTR80_T90_20260205T223900Z_149_c_e	http://www.w3.org/1999/02/22-rdf-syntax-ns#type	http://example.org/stkg/id/SpatialRelationObservation
http://example.org/stkg/id/obs_rel_BTR80_T90_20260205T223900Z_149_c_e	http://example.org/stkg/subjectEntity	http://example.org/stkg/id/platform_BTR80
http://example.org/stkg/id/obs_rel_BTR80_T90_20260205T223900Z_149_c_e	http://example.org/stkg/objectEntity	http://example.org/stkg/id/platform_T90
http://example.org/stkg/id/obs_rel_BTR80_T90_20260205T223900Z_149_c_e	http://example.org/stkg/relationType	http://example.org/stkg/id/relation_behind_of
http://example.org/stkg/id/obs_rel_BTR80_T90_20260205T223900Z_149_c_e	http://example.org/stkg/time	"2026-02-05T22:39:00Z"^^<http://www.w3.org/2001/XMLSchema#dateTime>
http://example.org/stkg/id/obs_rel_T90_BTR80_20260205T223900Z_149_e_c	http://www.w3.org/1999/02/22-rdf-syntax-ns#type	http://example.org/stkg/id/SpatialRelationObservation
http://example.org/stkg/id/obs_rel_T90_BTR80_20260205T223900Z_149_e_c	http://example.org/stkg/subjectEntity	http://example.org/stkg/id/platform_T90
http://example.org/stkg/id/obs_rel_T90_BTR80_20260205T223900Z_149_e_c	http://example.org/stkg/objectEntity	http://example.org/stkg/id/platform_BTR80
http://example.org/stkg/id/obs_rel_T90_BTR80_20260205T223900Z_149_e_c	http://example.org/stkg/relationType	http://example.org/stkg/id/relation_ahead_of
http://example.org/stkg/id/obs_rel_T90_BTR80_20260205T223900Z_149_e_c	http://example.org/stkg/time	"2026-02-05T22:39:00Z"^^<http://www.w3.org/2001/XMLSchema#dateTime>
http://example.org/stkg/id/obs_rel_BTR80_K2BlackPanther_20260205T223901Z_150_c_d	http://www.w3.org/1999/02/22-rdf-syntax-ns#type	http://example.org/stkg/id/SpatialRelationObservation
http://example.org/stkg/id/obs_rel_BTR80_K2BlackPanther_20260205T223901Z_150_c_d	http://example.org/stkg/subjectEntity	http://example.org/stkg/id/platform_BTR80
http://example.org/stkg/id/obs_rel_BTR80_K2BlackPanther_20260205T223901Z_150_c_d	http://example.org/stkg/objectEntity	http://example.org/stkg/id/platform_K2BlackPanther
http://example.org/stkg/id/obs_rel_BTR80_K2BlackPanther_20260205T223901Z_150_c_d	http://example.org/stkg/relationType	http://example.org/stkg/id/relation_behind_of
http://example.org/stkg/id/obs_rel_BTR80_K2BlackPanther_20260205T223901Z_150_c_d	http://example.org/stkg/time	"2026-02-05T22:39:01Z"^^<http://www.w3.org/2001/XMLSchema#dateTime>
http://example.org/stkg/id/obs_rel_K2BlackPanther_BTR80_20260205T223901Z_150_d_c	http://www.w3.org/1999/02/22-rdf-syntax-ns#type	http://example.org/stkg/id/SpatialRelationObservation
http://example.org/stkg/id/obs_rel_K2BlackPanther_BTR80_20260205T223901Z_150_d_c	http://example.org/stkg/subjectEntity	http://example.org/stkg/id/platform_K2BlackPanther
http://example.org/stkg/id/obs_rel_K2BlackPanther_BTR80_20260205T223901Z_150_d_c	http://example.org/stkg/objectEntity	http://example.org/stkg/id/platform_BTR80
http://example.org/stkg/id/obs_rel_K2BlackPanther_BTR80_20260205T223901Z_150_d_c	http://example.org/stkg/relationType	http://example.org/stkg/id/relation_ahead_of
http://example.org/stkg/id/obs_rel_K2BlackPanther_BTR80_20260205T223901Z_150_d_c	http://example.org/stkg/time	"2026-02-05T22:39:01Z"^^<http://www.w3.org/2001/XMLSchema#dateTime>
http://example.org/stkg/id/obs_rel_K2BlackPanther_T90_20260205T223901Z_150_d_e	http://www.w3.org/1999/02/22-rdf-syntax-ns#type	http://example.org/stkg/id/SpatialRelationObservation
http://example.org/stkg/id/obs_rel_K2BlackPanther_T90_20260205T223901Z_150_d_e	http://example.org/stkg/subjectEntity	http://example.org/stkg/id/platform_K2BlackPanther
http://example.org/stkg/id/obs_rel_K2BlackPanther_T90_20260205T223901Z_150_d_e	http://example.org/stkg/objectEntity	http://example.org/stkg/id/platform_T90
http://example.org/stkg/id/obs_rel_K2BlackPanther_T90_20260205T223901Z_150_d_e	http://example.org/stkg/relationType	http://example.org/stkg/id/relation_behind_of
http://example.org/stkg/id/obs_rel_K2BlackPanther_T90_20260205T223901Z_150_d_e	http://example.org/stkg/time	"2026-02-05T22:39:01Z"^^<http://www.w3.org/2001/XMLSchema#dateTime>
http://example.org/stkg/id/obs_rel_T90_K2BlackPanther_20260205T223901Z_150_e_d	http://www.w3.org/1999/02/22-rdf-syntax-ns#type	http://example.org/stkg/id/SpatialRelationObservation
http://example.org/stkg/id/obs_rel_T90_K2BlackPanther_20260205T223901Z_150_e_d	http://example.org/stkg/subjectEntity	http://example.org/stkg/id/platform_T90
http://example.org/stkg/id/obs_rel_T90_K2BlackPanther_20260205T223901Z_150_e_d	http://example.org/stkg/objectEntity	http://example.org/stkg/id/platform_K2BlackPanther
http://example.org/stkg/id/obs_rel_T90_K2BlackPanther_20260205T223901Z_150_e_d	http://example.org/stkg/relationType	http://example.org/stkg/id/relation_ahead_of
http://example.org/stkg/id/obs_rel_T90_K2BlackPanther_20260205T223901Z_150_e_d	http://example.org/stkg/time	"2026-02-05T22:39:01Z"^^<http://www.w3.org/2001/XMLSchema#dateTime>
http://example.org/stkg/id/obs_rel_BTR80_T90_20260205T223901Z_150_c_e	http://www.w3.org/1999/02/22-rdf-syntax-ns#type	http://example.org/stkg/id/SpatialRelationObservation
http://example.org/stkg/id/obs_rel_BTR80_T90_20260205T223901Z_150_c_e	http://example.org/stkg/subjectEntity	http://example.org/stkg/id/platform_BTR80
http://example.org/stkg/id/obs_rel_BTR80_T90_20260205T223901Z_150_c_e	http://example.org/stkg/objectEntity	http://example.org/stkg/id/platform_T90
http://example.org/stkg/id/obs_rel_BTR80_T90_20260205T223901Z_150_c_e	http://example.org/stkg/relationType	http://example.org/stkg/id/relation_behind_of
http://example.org/stkg/id/obs_rel_BTR80_T90_20260205T223901Z_150_c_e	http://example.org/stkg/time	"2026-02-05T22:39:01Z"^^<http://www.w3.org/2001/XMLSchema#dateTime>
http://example.org/stkg/id/obs_rel_T90_BTR80_20260205T223901Z_150_e_c	http://www.w3.org/1999/02/22-rdf-syntax-ns#type	http://example.org/stkg/id/SpatialRelationObservation
http://example.org/stkg/id/obs_rel_T90_BTR80_20260205T223901Z_150_e_c	http://example.org/stkg/subjectEntity	http://example.org/stkg/id/platform_T90
http://example.org/stkg/id/obs_rel_T90_BTR80_20260205T223901Z_150_e_c	http://example.org/stkg/objectEntity	http://example.org/stkg/id/platform_BTR80
http://example.org/stkg/id/obs_rel_T90_BTR80_20260205T223901Z_150_e_c	http://example.org/stkg/relationType	http://example.org/stkg/id/relation_ahead_of
http://example.org/stkg/id/obs_rel_T90_BTR80_20260205T223901Z_150_e_c	http://example.org/stkg/time	"2026-02-05T22:39:01Z"^^<http://www.w3.org/2001/XMLSchema#dateTime>
http://example.org/stkg/id/obs_rel_BTR80_K2BlackPanther_20260205T223902Z_151_c_d	http://www.w3.org/1999/02/22-rdf-syntax-ns#type	http://example.org/stkg/id/SpatialRelationObservation
http://example.org/stkg/id/obs_rel_BTR80_K2BlackPanther_20260205T223902Z_151_c_d	http://example.org/stkg/subjectEntity	http://example.org/stkg/id/platform_BTR80
http://example.org/stkg/id/obs_rel_BTR80_K2BlackPanther_20260205T223902Z_151_c_d	http://example.org/stkg/objectEntity	http://example.org/stkg/id/platform_K2BlackPanther
http://example.org/stkg/id/obs_rel_BTR80_K2BlackPanther_20260205T223902Z_151_c_d	http://example.org/stkg/relationType	http://example.org/stkg/id/relation_behind_of
http://example.org/stkg/id/obs_rel_BTR80_K2BlackPanther_20260205T223902Z_151_c_d	http://example.org/stkg/time	"2026-02-05T22:39:02Z"^^<http://www.w3.org/2001/XMLSchema#dateTime>
http://example.org/stkg/id/obs_rel_K2BlackPanther_BTR80_20260205T223902Z_151_d_c	http://www.w3.org/1999/02/22-rdf-syntax-ns#type	http://example.org/stkg/id/SpatialRelationObservation
http://example.org/stkg/id/obs_rel_K2BlackPanther_BTR80_20260205T223902Z_151_d_c	http://example.org/stkg/subjectEntity	http://example.org/stkg/id/platform_K2BlackPanther
http://example.org/stkg/id/obs_rel_K2BlackPanther_BTR80_20260205T223902Z_151_d_c	http://example.org/stkg/objectEntity	http://example.org/stkg/id/platform_BTR80
http://example.org/stkg/id/obs_rel_K2BlackPanther_BTR80_20260205T223902Z_151_d_c	http://example.org/stkg/relationType	http://example.org/stkg/id/relation_ahead_of
http://example.org/stkg/id/obs_rel_K2BlackPanther_BTR80_20260205T223902Z_151_d_c	http://example.org/stkg/time	"2026-02-05T22:39:02Z"^^<http://www.w3.org/2001/XMLSchema#dateTime>
http://example.org/stkg/id/obs_rel_K2BlackPanther_T90_20260205T223902Z_151_d_e	http://www.w3.org/1999/02/22-rdf-syntax-ns#type	http://example.org/stkg/id/SpatialRelationObservation
http://example.org/stkg/id/obs_rel_K2BlackPanther_T90_20260205T223902Z_151_d_e	http://example.org/stkg/subjectEntity	http://example.org/stkg/id/platform_K2BlackPanther
http://example.org/stkg/id/obs_rel_K2BlackPanther_T90_20260205T223902Z_151_d_e	http://example.org/stkg/objectEntity	http://example.org/stkg/id/platform_T90
http://example.org/stkg/id/obs_rel_K2BlackPanther_T90_20260205T223902Z_151_d_e	http://example.org/stkg/relationType	http://example.org/stkg/id/relation_behind_of
http://example.org/stkg/id/obs_rel_K2BlackPanther_T90_20260205T223902Z_151_d_e	http://example.org/stkg/time	"2026-02-05T22:39:02Z"^^<http://www.w3.org/2001/XMLSchema#dateTime>
http://example.org/stkg/id/obs_rel_T90_K2BlackPanther_20260205T223902Z_151_e_d	http://www.w3.org/1999/02/22-rdf-syntax-ns#type	http://example.org/stkg/id/SpatialRelationObservation
http://example.org/stkg/id/obs_rel_T90_K2BlackPanther_20260205T223902Z_151_e_d	http://example.org/stkg/subjectEntity	http://example.org/stkg/id/platform_T90
http://example.org/stkg/id/obs_rel_T90_K2BlackPanther_20260205T223902Z_151_e_d	http://example.org/stkg/objectEntity	http://example.org/stkg/id/platform_K2BlackPanther
http://example.org/stkg/id/obs_rel_T90_K2BlackPanther_20260205T223902Z_151_e_d	http://example.org/stkg/relationType	http://example.org/stkg/id/relation_ahead_of
http://example.org/stkg/id/obs_rel_T90_K2BlackPanther_20260205T223902Z_151_e_d	http://example.org/stkg/time	"2026-02-05T22:39:02Z"^^<http://www.w3.org/2001/XMLSchema#dateTime>
http://example.org/stkg/id/obs_rel_BTR80_T90_20260205T223902Z_151_c_e	http://www.w3.org/1999/02/22-rdf-syntax-ns#type	http://example.org/stkg/id/SpatialRelationObservation
http://example.org/stkg/id/obs_rel_BTR80_T90_20260205T223902Z_151_c_e	http://example.org/stkg/subjectEntity	http://example.org/stkg/id/platform_BTR80
http://example.org/stkg/id/obs_rel_BTR80_T90_20260205T223902Z_151_c_e	http://example.org/stkg/objectEntity	http://example.org/stkg/id/platform_T90
http://example.org/stkg/id/obs_rel_BTR80_T90_20260205T223902Z_151_c_e	http://example.org/stkg/relationType	http://example.org/stkg/id/relation_behind_of
http://example.org/stkg/id/obs_rel_BTR80_T90_20260205T223902Z_151_c_e	http://example.org/stkg/time	"2026-02-05T22:39:02Z"^^<http://www.w3.org/2001/XMLSchema#dateTime>
http://example.org/stkg/id/obs_rel_T90_BTR80_20260205T223902Z_151_e_c	http://www.w3.org/1999/02/22-rdf-syntax-ns#type	http://example.org/stkg/id/SpatialRelationObservation
http://example.org/stkg/id/obs_rel_T90_BTR80_20260205T223902Z_151_e_c	http://example.org/stkg/subjectEntity	http://example.org/stkg/id/platform_T90
http://example.org/stkg/id/obs_rel_T90_BTR80_20260205T223902Z_151_e_c	http://example.org/stkg/objectEntity	http://example.org/stkg/id/platform_BTR80
http://example.org/stkg/id/obs_rel_T90_BTR80_20260205T223902Z_151_e_c	http://example.org/stkg/relationType	http://example.org/stkg/id/relation_ahead_of
http://example.org/stkg/id/obs_rel_T90_BTR80_20260205T223902Z_151_e_c	http://example.org/stkg/time	"2026-02-05T22:39:02Z"^^<http://www.w3.org/2001/XMLSchema#dateTime>
http://example.org/stkg/id/obs_rel_BTR80_K2BlackPanther_20260205T223903Z_152_c_d	http://www.w3.org/1999/02/22-rdf-syntax-ns#type	http://example.org/stkg/id/SpatialRelationObservation
http://example.org/stkg/id/obs_rel_BTR80_K2BlackPanther_20260205T223903Z_152_c_d	http://example.org/stkg/subjectEntity	http://example.org/stkg/id/platform_BTR80
http://example.org/stkg/id/obs_rel_BTR80_K2BlackPanther_20260205T223903Z_152_c_d	http://example.org/stkg/objectEntity	http://example.org/stkg/id/platform_K2BlackPanther
http://example.org/stkg/id/obs_rel_BTR80_K2BlackPanther_20260205T223903Z_152_c_d	http://example.org/stkg/relationType	http://example.org/stkg/id/relation_behind_of
http://example.org/stkg/id/obs_rel_BTR80_K2BlackPanther_20260205T223903Z_152_c_d	http://example.org/stkg/time	"2026-02-05T22:39:03Z"^^<http://www.w3.org/2001/XMLSchema#dateTime>
http://example.org/stkg/id/obs_rel_K2BlackPanther_BTR80_20260205T223903Z_152_d_c	http://www.w3.org/1999/02/22-rdf-syntax-ns#type	http://example.org/stkg/id/SpatialRelationObservation
http://example.org/stkg/id/obs_rel_K2BlackPanther_BTR80_20260205T223903Z_152_d_c	http://example.org/stkg/subjectEntity	http://example.org/stkg/id/platform_K2BlackPanther
http://example.org/stkg/id/obs_rel_K2BlackPanther_BTR80_20260205T223903Z_152_d_c	http://example.org/stkg/objectEntity	http://example.org/stkg/id/platform_BTR80
http://example.org/stkg/id/obs_rel_K2BlackPanther_BTR80_20260205T223903Z_152_d_c	http://example.org/stkg/relationType	http://example.org/stkg/id/relation_ahead_of
http://example.org/stkg/id/obs_rel_K2BlackPanther_BTR80_20260205T223903Z_152_d_c	http://example.org/stkg/time	"2026-02-05T22:39:03Z"^^<http://www.w3.org/2001/XMLSchema#dateTime>
http://example.org/stkg/id/obs_rel_K2BlackPanther_T90_20260205T223903Z_152_d_e	http://www.w3.org/1999/02/22-rdf-syntax-ns#type	http://example.org/stkg/id/SpatialRelationObservation
http://example.org/stkg/id/obs_rel_K2BlackPanther_T90_20260205T223903Z_152_d_e	http://example.org/stkg/subjectEntity	http://example.org/stkg/id/platform_K2BlackPanther
http://example.org/stkg/id/obs_rel_K2BlackPanther_T90_20260205T223903Z_152_d_e	http://example.org/stkg/objectEntity	http://example.org/stkg/id/platform_T90
http://example.org/stkg/id/obs_rel_K2BlackPanther_T90_20260205T223903Z_152_d_e	http://example.org/stkg/relationType	http://example.org/stkg/id/relation_behind_of
http://example.org/stkg/id/obs_rel_K2BlackPanther_T90_20260205T223903Z_152_d_e	http://example.org/stkg/time	"2026-02-05T22:39:03Z"^^<http://www.w3.org/2001/XMLSchema#dateTime>
http://example.org/stkg/id/obs_rel_T90_K2BlackPanther_20260205T223903Z_152_e_d	http://www.w3.org/1999/02/22-rdf-syntax-ns#type	http://example.org/stkg/id/SpatialRelationObservation
http://example.org/stkg/id/obs_rel_T90_K2BlackPanther_20260205T223903Z_152_e_d	http://example.org/stkg/subjectEntity	http://example.org/stkg/id/platform_T90
http://example.org/stkg/id/obs_rel_T90_K2BlackPanther_20260205T223903Z_152_e_d	http://example.org/stkg/objectEntity	http://example.org/stkg/id/platform_K2BlackPanther
http://example.org/stkg/id/obs_rel_T90_K2BlackPanther_20260205T223903Z_152_e_d	http://example.org/stkg/relationType	http://example.org/stkg/id/relation_ahead_of
http://example.org/stkg/id/obs_rel_T90_K2BlackPanther_20260205T223903Z_152_e_d	http://example.org/stkg/time	"2026-02-05T22:39:03Z"^^<http://www.w3.org/2001/XMLSchema#dateTime>
http://example.org/stkg/id/obs_rel_BTR80_T90_20260205T223903Z_152_c_e	http://www.w3.org/1999/02/22-rdf-syntax-ns#type	http://example.org/stkg/id/SpatialRelationObservation
http://example.org/stkg/id/obs_rel_BTR80_T90_20260205T223903Z_152_c_e	http://example.org/stkg/subjectEntity	http://example.org/stkg/id/platform_BTR80
http://example.org/stkg/id/obs_rel_BTR80_T90_20260205T223903Z_152_c_e	http://example.org/stkg/objectEntity	http://example.org/stkg/id/platform_T90
http://example.org/stkg/id/obs_rel_BTR80_T90_20260205T223903Z_152_c_e	http://example.org/stkg/relationType	http://example.org/stkg/id/relation_behind_of
http://example.org/stkg/id/obs_rel_BTR80_T90_20260205T223903Z_152_c_e	http://example.org/stkg/time	"2026-02-05T22:39:03Z"^^<http://www.w3.org/2001/XMLSchema#dateTime>
http://example.org/stkg/id/obs_rel_T90_BTR80_20260205T223903Z_152_e_c	http://www.w3.org/1999/02/22-rdf-syntax-ns#type	http://example.org/stkg/id/SpatialRelationObservation
http://example.org/stkg/id/obs_rel_T90_BTR80_20260205T223903Z_152_e_c	http://example.org/stkg/subjectEntity	http://example.org/stkg/id/platform_T90
http://example.org/stkg/id/obs_rel_T90_BTR80_20260205T223903Z_152_e_c	http://example.org/stkg/objectEntity	http://example.org/stkg/id/platform_BTR80
http://example.org/stkg/id/obs_rel_T90_BTR80_20260205T223903Z_152_e_c	http://example.org/stkg/relationType	http://example.org/stkg/id/relation_ahead_of
http://example.org/stkg/id/obs_rel_T90_BTR80_20260205T223903Z_152_e_c	http://example.org/stkg/time	"2026-02-05T22:39:03Z"^^<http://www.w3.org/2001/XMLSchema#dateTime>
http://example.org/stkg/id/obs_rel_BTR80_K2BlackPanther_20260205T223904Z_153_c_d	http://www.w3.org/1999/02/22-rdf-syntax-ns#type	http://example.org/stkg/id/SpatialRelationObservation
http://example.org/stkg/id/obs_rel_BTR80_K2BlackPanther_20260205T223904Z_153_c_d	http://example.org/stkg/subjectEntity	http://example.org/stkg/id/platform_BTR80
http://example.org/stkg/id/obs_rel_BTR80_K2BlackPanther_20260205T223904Z_153_c_d	http://example.org/stkg/objectEntity	http://example.org/stkg/id/platform_K2BlackPanther
http://example.org/stkg/id/obs_rel_BTR80_K2BlackPanther_20260205T223904Z_153_c_d	http://example.org/stkg/relationType	http://example.org/stkg/id/relation_behind_of
http://example.org/stkg/id/obs_rel_BTR80_K2BlackPanther_20260205T223904Z_153_c_d	http://example.org/stkg/time	"2026-02-05T22:39:04Z"^^<http://www.w3.org/2001/XMLSchema#dateTime>
http://example.org/stkg/id/obs_rel_K2BlackPanther_BTR80_20260205T223904Z_153_d_c	http://www.w3.org/1999/02/22-rdf-syntax-ns#type	http://example.org/stkg/id/SpatialRelationObservation
http://example.org/stkg/id/obs_rel_K2BlackPanther_BTR80_20260205T223904Z_153_d_c	http://example.org/stkg/subjectEntity	http://example.org/stkg/id/platform_K2BlackPanther
http://example.org/stkg/id/obs_rel_K2BlackPanther_BTR80_20260205T223904Z_153_d_c	http://example.org/stkg/objectEntity	http://example.org/stkg/id/platform_BTR80
http://example.org/stkg/id/obs_rel_K2BlackPanther_BTR80_20260205T223904Z_153_d_c	http://example.org/stkg/relationType	http://example.org/stkg/id/relation_ahead_of
http://example.org/stkg/id/obs_rel_K2BlackPanther_BTR80_20260205T223904Z_153_d_c	http://example.org/stkg/time	"2026-02-05T22:39:04Z"^^<http://www.w3.org/2001/XMLSchema#dateTime>
http://example.org/stkg/id/obs_rel_K2BlackPanther_T90_20260205T223904Z_153_d_e	http://www.w3.org/1999/02/22-rdf-syntax-ns#type	http://example.org/stkg/id/SpatialRelationObservation
http://example.org/stkg/id/obs_rel_K2BlackPanther_T90_20260205T223904Z_153_d_e	http://example.org/stkg/subjectEntity	http://example.org/stkg/id/platform_K2BlackPanther
http://example.org/stkg/id/obs_rel_K2BlackPanther_T90_20260205T223904Z_153_d_e	http://example.org/stkg/objectEntity	http://example.org/stkg/id/platform_T90
http://example.org/stkg/id/obs_rel_K2BlackPanther_T90_20260205T223904Z_153_d_e	http://example.org/stkg/relationType	http://example.org/stkg/id/relation_behind_of
http://example.org/stkg/id/obs_rel_K2BlackPanther_T90_20260205T223904Z_153_d_e	http://example.org/stkg/time	"2026-02-05T22:39:04Z"^^<http://www.w3.org/2001/XMLSchema#dateTime>
http://example.org/stkg/id/obs_rel_T90_K2BlackPanther_20260205T223904Z_153_e_d	http://www.w3.org/1999/02/22-rdf-syntax-ns#type	http://example.org/stkg/id/SpatialRelationObservation
http://example.org/stkg/id/obs_rel_T90_K2BlackPanther_20260205T223904Z_153_e_d	http://example.org/stkg/subjectEntity	http://example.org/stkg/id/platform_T90
http://example.org/stkg/id/obs_rel_T90_K2BlackPanther_20260205T223904Z_153_e_d	http://example.org/stkg/objectEntity	http://example.org/stkg/id/platform_K2BlackPanther
http://example.org/stkg/id/obs_rel_T90_K2BlackPanther_20260205T223904Z_153_e_d	http://example.org/stkg/relationType	http://example.org/stkg/id/relation_ahead_of
http://example.org/stkg/id/obs_rel_T90_K2BlackPanther_20260205T223904Z_153_e_d	http://example.org/stkg/time	"2026-02-05T22:39:04Z"^^<http://www.w3.org/2001/XMLSchema#dateTime>
http://example.org/stkg/id/obs_rel_BTR80_T90_20260205T223904Z_153_c_e	http://www.w3.org/1999/02/22-rdf-syntax-ns#type	http://example.org/stkg/id/SpatialRelationObservation
http://example.org/stkg/id/obs_rel_BTR80_T90_20260205T223904Z_153_c_e	http://example.org/stkg/subjectEntity	http://example.org/stkg/id/platform_BTR80
http://example.org/stkg/id/obs_rel_BTR80_T90_20260205T223904Z_153_c_e	http://example.org/stkg/objectEntity	http://example.org/stkg/id/platform_T90
http://example.org/stkg/id/obs_rel_BTR80_T90_20260205T223904Z_153_c_e	http://example.org/stkg/relationType	http://example.org/stkg/id/relation_behind_of
http://example.org/stkg/id/obs_rel_BTR80_T90_20260205T223904Z_153_c_e	http://example.org/stkg/time	"2026-02-05T22:39:04Z"^^<http://www.w3.org/2001/XMLSchema#dateTime>
http://example.org/stkg/id/obs_rel_T90_BTR80_20260205T223904Z_153_e_c	http://www.w3.org/1999/02/22-rdf-syntax-ns#type	http://example.org/stkg/id/SpatialRelationObservation
http://example.org/stkg/id/obs_rel_T90_BTR80_20260205T223904Z_153_e_c	http://example.org/stkg/subjectEntity	http://example.org/stkg/id/platform_T90
http://example.org/stkg/id/obs_rel_T90_BTR80_20260205T223904Z_153_e_c	http://example.org/stkg/objectEntity	http://example.org/stkg/id/platform_BTR80
http://example.org/stkg/id/obs_rel_T90_BTR80_20260205T223904Z_153_e_c	http://example.org/stkg/relationType	http://example.org/stkg/id/relation_ahead_of
http://example.org/stkg/id/obs_rel_T90_BTR80_20260205T223904Z_153_e_c	http://example.org/stkg/time	"2026-02-05T22:39:04Z"^^<http://www.w3.org/2001/XMLSchema#dateTime>
http://example.org/stkg/id/obs_rel_BTR80_K2BlackPanther_20260205T223905Z_154_c_d	http://www.w3.org/1999/02/22-rdf-syntax-ns#type	http://example.org/stkg/id/SpatialRelationObservation
http://example.org/stkg/id/obs_rel_BTR80_K2BlackPanther_20260205T223905Z_154_c_d	http://example.org/stkg/subjectEntity	http://example.org/stkg/id/platform_BTR80
http://example.org/stkg/id/obs_rel_BTR80_K2BlackPanther_20260205T223905Z_154_c_d	http://example.org/stkg/objectEntity	http://example.org/stkg/id/platform_K2BlackPanther
http://example.org/stkg/id/obs_rel_BTR80_K2BlackPanther_20260205T223905Z_154_c_d	http://example.org/stkg/relationType	http://example.org/stkg/id/relation_behind_of
http://example.org/stkg/id/obs_rel_BTR80_K2BlackPanther_20260205T223905Z_154_c_d	http://example.org/stkg/time	"2026-02-05T22:39:05Z"^^<http://www.w3.org/2001/XMLSchema#dateTime>
http://example.org/stkg/id/obs_rel_K2BlackPanther_BTR80_20260205T223905Z_154_d_c	http://www.w3.org/1999/02/22-rdf-syntax-ns#type	http://example.org/stkg/id/SpatialRelationObservation
http://example.org/stkg/id/obs_rel_K2BlackPanther_BTR80_20260205T223905Z_154_d_c	http://example.org/stkg/subjectEntity	http://example.org/stkg/id/platform_K2BlackPanther
http://example.org/stkg/id/obs_rel_K2BlackPanther_BTR80_20260205T223905Z_154_d_c	http://example.org/stkg/objectEntity	http://example.org/stkg/id/platform_BTR80
http://example.org/stkg/id/obs_rel_K2BlackPanther_BTR80_20260205T223905Z_154_d_c	http://example.org/stkg/relationType	http://example.org/stkg/id/relation_ahead_of
http://example.org/stkg/id/obs_rel_K2BlackPanther_BTR80_20260205T223905Z_154_d_c	http://example.org/stkg/time	"2026-02-05T22:39:05Z"^^<http://www.w3.org/2001/XMLSchema#dateTime>
http://example.org/stkg/id/obs_rel_K2BlackPanther_T90_20260205T223905Z_154_d_e	http://www.w3.org/1999/02/22-rdf-syntax-ns#type	http://example.org/stkg/id/SpatialRelationObservation
http://example.org/stkg/id/obs_rel_K2BlackPanther_T90_20260205T223905Z_154_d_e	http://example.org/stkg/subjectEntity	http://example.org/stkg/id/platform_K2BlackPanther
http://example.org/stkg/id/obs_rel_K2BlackPanther_T90_20260205T223905Z_154_d_e	http://example.org/stkg/objectEntity	http://example.org/stkg/id/platform_T90
http://example.org/stkg/id/obs_rel_K2BlackPanther_T90_20260205T223905Z_154_d_e	http://example.org/stkg/relationType	http://example.org/stkg/id/relation_behind_of
http://example.org/stkg/id/obs_rel_K2BlackPanther_T90_20260205T223905Z_154_d_e	http://example.org/stkg/time	"2026-02-05T22:39:05Z"^^<http://www.w3.org/2001/XMLSchema#dateTime>
http://example.org/stkg/id/obs_rel_T90_K2BlackPanther_20260205T223905Z_154_e_d	http://www.w3.org/1999/02/22-rdf-syntax-ns#type	http://example.org/stkg/id/SpatialRelationObservation
http://example.org/stkg/id/obs_rel_T90_K2BlackPanther_20260205T223905Z_154_e_d	http://example.org/stkg/subjectEntity	http://example.org/stkg/id/platform_T90
http://example.org/stkg/id/obs_rel_T90_K2BlackPanther_20260205T223905Z_154_e_d	http://example.org/stkg/objectEntity	http://example.org/stkg/id/platform_K2BlackPanther
http://example.org/stkg/id/obs_rel_T90_K2BlackPanther_20260205T223905Z_154_e_d	http://example.org/stkg/relationType	http://example.org/stkg/id/relation_ahead_of
http://example.org/stkg/id/obs_rel_T90_K2BlackPanther_20260205T223905Z_154_e_d	http://example.org/stkg/time	"2026-02-05T22:39:05Z"^^<http://www.w3.org/2001/XMLSchema#dateTime>
http://example.org/stkg/id/obs_rel_BTR80_T90_20260205T223905Z_154_c_e	http://www.w3.org/1999/02/22-rdf-syntax-ns#type	http://example.org/stkg/id/SpatialRelationObservation
http://example.org/stkg/id/obs_rel_BTR80_T90_20260205T223905Z_154_c_e	http://example.org/stkg/subjectEntity	http://example.org/stkg/id/platform_BTR80
http://example.org/stkg/id/obs_rel_BTR80_T90_20260205T223905Z_154_c_e	http://example.org/stkg/objectEntity	http://example.org/stkg/id/platform_T90
http://example.org/stkg/id/obs_rel_BTR80_T90_20260205T223905Z_154_c_e	http://example.org/stkg/relationType	http://example.org/stkg/id/relation_behind_of
http://example.org/stkg/id/obs_rel_BTR80_T90_20260205T223905Z_154_c_e	http://example.org/stkg/time	"2026-02-05T22:39:05Z"^^<http://www.w3.org/2001/XMLSchema#dateTime>
http://example.org/stkg/id/obs_rel_T90_BTR80_20260205T223905Z_154_e_c	http://www.w3.org/1999/02/22-rdf-syntax-ns#type	http://example.org/stkg/id/SpatialRelationObservation
http://example.org/stkg/id/obs_rel_T90_BTR80_20260205T223905Z_154_e_c	http://example.org/stkg/subjectEntity	http://example.org/stkg/id/platform_T90
http://example.org/stkg/id/obs_rel_T90_BTR80_20260205T223905Z_154_e_c	http://example.org/stkg/objectEntity	http://example.org/stkg/id/platform_BTR80
http://example.org/stkg/id/obs_rel_T90_BTR80_20260205T223905Z_154_e_c	http://example.org/stkg/relationType	http://example.org/stkg/id/relation_ahead_of
http://example.org/stkg/id/obs_rel_T90_BTR80_20260205T223905Z_154_e_c	http://example.org/stkg/time	"2026-02-05T22:39:05Z"^^<http://www.w3.org/2001/XMLSchema#dateTime>
http://example.org/stkg/id/obs_rel_BTR80_K2BlackPanther_20260205T223906Z_155_c_d	http://www.w3.org/1999/02/22-rdf-syntax-ns#type	http://example.org/stkg/id/SpatialRelationObservation
http://example.org/stkg/id/obs_rel_BTR80_K2BlackPanther_20260205T223906Z_155_c_d	http://example.org/stkg/subjectEntity	http://example.org/stkg/id/platform_BTR80
http://example.org/stkg/id/obs_rel_BTR80_K2BlackPanther_20260205T223906Z_155_c_d	http://example.org/stkg/objectEntity	http://example.org/stkg/id/platform_K2BlackPanther
http://example.org/stkg/id/obs_rel_BTR80_K2BlackPanther_20260205T223906Z_155_c_d	http://example.org/stkg/relationType	http://example.org/stkg/id/relation_behind_of
http://example.org/stkg/id/obs_rel_BTR80_K2BlackPanther_20260205T223906Z_155_c_d	http://example.org/stkg/time	"2026-02-05T22:39:06Z"^^<http://www.w3.org/2001/XMLSchema#dateTime>
http://example.org/stkg/id/obs_rel_K2BlackPanther_BTR80_20260205T223906Z_155_d_c	http://www.w3.org/1999/02/22-rdf-syntax-ns#type	http://example.org/stkg/id/SpatialRelationObservation
http://example.org/stkg/id/obs_rel_K2BlackPanther_BTR80_20260205T223906Z_155_d_c	http://example.org/stkg/subjectEntity	http://example.org/stkg/id/platform_K2BlackPanther
http://example.org/stkg/id/obs_rel_K2BlackPanther_BTR80_20260205T223906Z_155_d_c	http://example.org/stkg/objectEntity	http://example.org/stkg/id/platform_BTR80
http://example.org/stkg/id/obs_rel_K2BlackPanther_BTR80_20260205T223906Z_155_d_c	http://example.org/stkg/relationType	http://example.org/stkg/id/relation_ahead_of
http://example.org/stkg/id/obs_rel_K2BlackPanther_BTR80_20260205T223906Z_155_d_c	http://example.org/stkg/time	"2026-02-05T22:39:06Z"^^<http://www.w3.org/2001/XMLSchema#dateTime>
http://example.org/stkg/id/obs_rel_K2BlackPanther_T90_20260205T223906Z_155_d_e	http://www.w3.org/1999/02/22-rdf-syntax-ns#type	http://example.org/stkg/id/SpatialRelationObservation
http://example.org/stkg/id/obs_rel_K2BlackPanther_T90_20260205T223906Z_155_d_e	http://example.org/stkg/subjectEntity	http://example.org/stkg/id/platform_K2BlackPanther
http://example.org/stkg/id/obs_rel_K2BlackPanther_T90_20260205T223906Z_155_d_e	http://example.org/stkg/objectEntity	http://example.org/stkg/id/platform_T90
http://example.org/stkg/id/obs_rel_K2BlackPanther_T90_20260205T223906Z_155_d_e	http://example.org/stkg/relationType	http://example.org/stkg/id/relation_behind_of
http://example.org/stkg/id/obs_rel_K2BlackPanther_T90_20260205T223906Z_155_d_e	http://example.org/stkg/time	"2026-02-05T22:39:06Z"^^<http://www.w3.org/2001/XMLSchema#dateTime>
http://example.org/stkg/id/obs_rel_T90_K2BlackPanther_20260205T223906Z_155_e_d	http://www.w3.org/1999/02/22-rdf-syntax-ns#type	http://example.org/stkg/id/SpatialRelationObservation
http://example.org/stkg/id/obs_rel_T90_K2BlackPanther_20260205T223906Z_155_e_d	http://example.org/stkg/subjectEntity	http://example.org/stkg/id/platform_T90
http://example.org/stkg/id/obs_rel_T90_K2BlackPanther_20260205T223906Z_155_e_d	http://example.org/stkg/objectEntity	http://example.org/stkg/id/platform_K2BlackPanther
http://example.org/stkg/id/obs_rel_T90_K2BlackPanther_20260205T223906Z_155_e_d	http://example.org/stkg/relationType	http://example.org/stkg/id/relation_ahead_of
http://example.org/stkg/id/obs_rel_T90_K2BlackPanther_20260205T223906Z_155_e_d	http://example.org/stkg/time	"2026-02-05T22:39:06Z"^^<http://www.w3.org/2001/XMLSchema#dateTime>
http://example.org/stkg/id/obs_rel_BTR80_T90_20260205T223906Z_155_c_e	http://www.w3.org/1999/02/22-rdf-syntax-ns#type	http://example.org/stkg/id/SpatialRelationObservation
http://example.org/stkg/id/obs_rel_BTR80_T90_20260205T223906Z_155_c_e	http://example.org/stkg/subjectEntity	http://example.org/stkg/id/platform_BTR80
http://example.org/stkg/id/obs_rel_BTR80_T90_20260205T223906Z_155_c_e	http://example.org/stkg/objectEntity	http://example.org/stkg/id/platform_T90
http://example.org/stkg/id/obs_rel_BTR80_T90_20260205T223906Z_155_c_e	http://example.org/stkg/relationType	http://example.org/stkg/id/relation_behind_of
http://example.org/stkg/id/obs_rel_BTR80_T90_20260205T223906Z_155_c_e	http://example.org/stkg/time	"2026-02-05T22:39:06Z"^^<http://www.w3.org/2001/XMLSchema#dateTime>
http://example.org/stkg/id/obs_rel_T90_BTR80_20260205T223906Z_155_e_c	http://www.w3.org/1999/02/22-rdf-syntax-ns#type	http://example.org/stkg/id/SpatialRelationObservation
http://example.org/stkg/id/obs_rel_T90_BTR80_20260205T223906Z_155_e_c	http://example.org/stkg/subjectEntity	http://example.org/stkg/id/platform_T90
http://example.org/stkg/id/obs_rel_T90_BTR80_20260205T223906Z_155_e_c	http://example.org/stkg/objectEntity	http://example.org/stkg/id/platform_BTR80
http://example.org/stkg/id/obs_rel_T90_BTR80_20260205T223906Z_155_e_c	http://example.org/stkg/relationType	http://example.org/stkg/id/relation_ahead_of
http://example.org/stkg/id/obs_rel_T90_BTR80_20260205T223906Z_155_e_c	http://example.org/stkg/time	"2026-02-05T22:39:06Z"^^<http://www.w3.org/2001/XMLSchema#dateTime>
http://example.org/stkg/id/obs_rel_BTR80_K2BlackPanther_20260205T223907Z_156_c_d	http://www.w3.org/1999/02/22-rdf-syntax-ns#type	http://example.org/stkg/id/SpatialRelationObservation
http://example.org/stkg/id/obs_rel_BTR80_K2BlackPanther_20260205T223907Z_156_c_d	http://example.org/stkg/subjectEntity	http://example.org/stkg/id/platform_BTR80
http://example.org/stkg/id/obs_rel_BTR80_K2BlackPanther_20260205T223907Z_156_c_d	http://example.org/stkg/objectEntity	http://example.org/stkg/id/platform_K2BlackPanther
http://example.org/stkg/id/obs_rel_BTR80_K2BlackPanther_20260205T223907Z_156_c_d	http://example.org/stkg/relationType	http://example.org/stkg/id/relation_behind_of
http://example.org/stkg/id/obs_rel_BTR80_K2BlackPanther_20260205T223907Z_156_c_d	http://example.org/stkg/time	"2026-02-05T22:39:07Z"^^<http://www.w3.org/2001/XMLSchema#dateTime>
http://example.org/stkg/id/obs_rel_K2BlackPanther_BTR80_20260205T223907Z_156_d_c	http://www.w3.org/1999/02/22-rdf-syntax-ns#type	http://example.org/stkg/id/SpatialRelationObservation
http://example.org/stkg/id/obs_rel_K2BlackPanther_BTR80_20260205T223907Z_156_d_c	http://example.org/stkg/subjectEntity	http://example.org/stkg/id/platform_K2BlackPanther
http://example.org/stkg/id/obs_rel_K2BlackPanther_BTR80_20260205T223907Z_156_d_c	http://example.org/stkg/objectEntity	http://example.org/stkg/id/platform_BTR80
http://example.org/stkg/id/obs_rel_K2BlackPanther_BTR80_20260205T223907Z_156_d_c	http://example.org/stkg/relationType	http://example.org/stkg/id/relation_ahead_of
http://example.org/stkg/id/obs_rel_K2BlackPanther_BTR80_20260205T223907Z_156_d_c	http://example.org/stkg/time	"2026-02-05T22:39:07Z"^^<http://www.w3.org/2001/XMLSchema#dateTime>
http://example.org/stkg/id/obs_rel_K2BlackPanther_T90_20260205T223907Z_156_d_e	http://www.w3.org/1999/02/22-rdf-syntax-ns#type	http://example.org/stkg/id/SpatialRelationObservation
http://example.org/stkg/id/obs_rel_K2BlackPanther_T90_20260205T223907Z_156_d_e	http://example.org/stkg/subjectEntity	http://example.org/stkg/id/platform_K2BlackPanther
http://example.org/stkg/id/obs_rel_K2BlackPanther_T90_20260205T223907Z_156_d_e	http://example.org/stkg/objectEntity	http://example.org/stkg/id/platform_T90
http://example.org/stkg/id/obs_rel_K2BlackPanther_T90_20260205T223907Z_156_d_e	http://example.org/stkg/relationType	http://example.org/stkg/id/relation_behind_of
http://example.org/stkg/id/obs_rel_K2BlackPanther_T90_20260205T223907Z_156_d_e	http://example.org/stkg/time	"2026-02-05T22:39:07Z"^^<http://www.w3.org/2001/XMLSchema#dateTime>
http://example.org/stkg/id/obs_rel_T90_K2BlackPanther_20260205T223907Z_156_e_d	http://www.w3.org/1999/02/22-rdf-syntax-ns#type	http://example.org/stkg/id/SpatialRelationObservation
http://example.org/stkg/id/obs_rel_T90_K2BlackPanther_20260205T223907Z_156_e_d	http://example.org/stkg/subjectEntity	http://example.org/stkg/id/platform_T90
http://example.org/stkg/id/obs_rel_T90_K2BlackPanther_20260205T223907Z_156_e_d	http://example.org/stkg/objectEntity	http://example.org/stkg/id/platform_K2BlackPanther
http://example.org/stkg/id/obs_rel_T90_K2BlackPanther_20260205T223907Z_156_e_d	http://example.org/stkg/relationType	http://example.org/stkg/id/relation_ahead_of
http://example.org/stkg/id/obs_rel_T90_K2BlackPanther_20260205T223907Z_156_e_d	http://example.org/stkg/time	"2026-02-05T22:39:07Z"^^<http://www.w3.org/2001/XMLSchema#dateTime>
http://example.org/stkg/id/obs_rel_BTR80_T90_20260205T223907Z_156_c_e	http://www.w3.org/1999/02/22-rdf-syntax-ns#type	http://example.org/stkg/id/SpatialRelationObservation
http://example.org/stkg/id/obs_rel_BTR80_T90_20260205T223907Z_156_c_e	http://example.org/stkg/subjectEntity	http://example.org/stkg/id/platform_BTR80
http://example.org/stkg/id/obs_rel_BTR80_T90_20260205T223907Z_156_c_e	http://example.org/stkg/objectEntity	http://example.org/stkg/id/platform_T90
http://example.org/stkg/id/obs_rel_BTR80_T90_20260205T223907Z_156_c_e	http://example.org/stkg/relationType	http://example.org/stkg/id/relation_behind_of
http://example.org/stkg/id/obs_rel_BTR80_T90_20260205T223907Z_156_c_e	http://example.org/stkg/time	"2026-02-05T22:39:07Z"^^<http://www.w3.org/2001/XMLSchema#dateTime>
http://example.org/stkg/id/obs_rel_T90_BTR80_20260205T223907Z_156_e_c	http://www.w3.org/1999/02/22-rdf-syntax-ns#type	http://example.org/stkg/id/SpatialRelationObservation
http://example.org/stkg/id/obs_rel_T90_BTR80_20260205T223907Z_156_e_c	http://example.org/stkg/subjectEntity	http://example.org/stkg/id/platform_T90
http://example.org/stkg/id/obs_rel_T90_BTR80_20260205T223907Z_156_e_c	http://example.org/stkg/objectEntity	http://example.org/stkg/id/platform_BTR80
http://example.org/stkg/id/obs_rel_T90_BTR80_20260205T223907Z_156_e_c	http://example.org/stkg/relationType	http://example.org/stkg/id/relation_ahead_of
http://example.org/stkg/id/obs_rel_T90_BTR80_20260205T223907Z_156_e_c	http://example.org/stkg/time	"2026-02-05T22:39:07Z"^^<http://www.w3.org/2001/XMLSchema#dateTime>
http://example.org/stkg/id/obs_rel_BTR80_K2BlackPanther_20260205T223908Z_157_c_d	http://www.w3.org/1999/02/22-rdf-syntax-ns#type	http://example.org/stkg/id/SpatialRelationObservation
http://example.org/stkg/id/obs_rel_BTR80_K2BlackPanther_20260205T223908Z_157_c_d	http://example.org/stkg/subjectEntity	http://example.org/stkg/id/platform_BTR80
http://example.org/stkg/id/obs_rel_BTR80_K2BlackPanther_20260205T223908Z_157_c_d	http://example.org/stkg/objectEntity	http://example.org/stkg/id/platform_K2BlackPanther
http://example.org/stkg/id/obs_rel_BTR80_K2BlackPanther_20260205T223908Z_157_c_d	http://example.org/stkg/relationType	http://example.org/stkg/id/relation_behind_of
http://example.org/stkg/id/obs_rel_BTR80_K2BlackPanther_20260205T223908Z_157_c_d	http://example.org/stkg/time	"2026-02-05T22:39:08Z"^^<http://www.w3.org/2001/XMLSchema#dateTime>
http://example.org/stkg/id/obs_rel_K2BlackPanther_BTR80_20260205T223908Z_157_d_c	http://www.w3.org/1999/02/22-rdf-syntax-ns#type	http://example.org/stkg/id/SpatialRelationObservation
http://example.org/stkg/id/obs_rel_K2BlackPanther_BTR80_20260205T223908Z_157_d_c	http://example.org/stkg/subjectEntity	http://example.org/stkg/id/platform_K2BlackPanther
http://example.org/stkg/id/obs_rel_K2BlackPanther_BTR80_20260205T223908Z_157_d_c	http://example.org/stkg/objectEntity	http://example.org/stkg/id/platform_BTR80
http://example.org/stkg/id/obs_rel_K2BlackPanther_BTR80_20260205T223908Z_157_d_c	http://example.org/stkg/relationType	http://example.org/stkg/id/relation_ahead_of
http://example.org/stkg/id/obs_rel_K2BlackPanther_BTR80_20260205T223908Z_157_d_c	http://example.org/stkg/time	"2026-02-05T22:39:08Z"^^<http://www.w3.org/2001/XMLSchema#dateTime>
http://example.org/stkg/id/obs_rel_K2BlackPanther_T90_20260205T223908Z_157_d_e	http://www.w3.org/1999/02/22-rdf-syntax-ns#type	http://example.org/stkg/id/SpatialRelationObservation
http://example.org/stkg/id/obs_rel_K2BlackPanther_T90_20260205T223908Z_157_d_e	http://example.org/stkg/subjectEntity	http://example.org/stkg/id/platform_K2BlackPanther
http://example.org/stkg/id/obs_rel_K2BlackPanther_T90_20260205T223908Z_157_d_e	http://example.org/stkg/objectEntity	http://example.org/stkg/id/platform_T90
http://example.org/stkg/id/obs_rel_K2BlackPanther_T90_20260205T223908Z_157_d_e	http://example.org/stkg/relationType	http://example.org/stkg/id/relation_behind_of
http://example.org/stkg/id/obs_rel_K2BlackPanther_T90_20260205T223908Z_157_d_e	http://example.org/stkg/time	"2026-02-05T22:39:08Z"^^<http://www.w3.org/2001/XMLSchema#dateTime>
http://example.org/stkg/id/obs_rel_T90_K2BlackPanther_20260205T223908Z_157_e_d	http://www.w3.org/1999/02/22-rdf-syntax-ns#type	http://example.org/stkg/id/SpatialRelationObservation
http://example.org/stkg/id/obs_rel_T90_K2BlackPanther_20260205T223908Z_157_e_d	http://example.org/stkg/subjectEntity	http://example.org/stkg/id/platform_T90
http://example.org/stkg/id/obs_rel_T90_K2BlackPanther_20260205T223908Z_157_e_d	http://example.org/stkg/objectEntity	http://example.org/stkg/id/platform_K2BlackPanther
http://example.org/stkg/id/obs_rel_T90_K2BlackPanther_20260205T223908Z_157_e_d	http://example.org/stkg/relationType	http://example.org/stkg/id/relation_ahead_of
http://example.org/stkg/id/obs_rel_T90_K2BlackPanther_20260205T223908Z_157_e_d	http://example.org/stkg/time	"2026-02-05T22:39:08Z"^^<http://www.w3.org/2001/XMLSchema#dateTime>
http://example.org/stkg/id/obs_rel_BTR80_T90_20260205T223908Z_157_c_e	http://www.w3.org/1999/02/22-rdf-syntax-ns#type	http://example.org/stkg/id/SpatialRelationObservation
http://example.org/stkg/id/obs_rel_BTR80_T90_20260205T223908Z_157_c_e	http://example.org/stkg/subjectEntity	http://example.org/stkg/id/platform_BTR80
http://example.org/stkg/id/obs_rel_BTR80_T90_20260205T223908Z_157_c_e	http://example.org/stkg/objectEntity	http://example.org/stkg/id/platform_T90
http://example.org/stkg/id/obs_rel_BTR80_T90_20260205T223908Z_157_c_e	http://example.org/stkg/relationType	http://example.org/stkg/id/relation_behind_of
http://example.org/stkg/id/obs_rel_BTR80_T90_20260205T223908Z_157_c_e	http://example.org/stkg/time	"2026-02-05T22:39:08Z"^^<http://www.w3.org/2001/XMLSchema#dateTime>
http://example.org/stkg/id/obs_rel_T90_BTR80_20260205T223908Z_157_e_c	http://www.w3.org/1999/02/22-rdf-syntax-ns#type	http://example.org/stkg/id/SpatialRelationObservation
http://example.org/stkg/id/obs_rel_T90_BTR80_20260205T223908Z_157_e_c	http://example.org/stkg/subjectEntity	http://example.org/stkg/id/platform_T90
http://example.org/stkg/id/obs_rel_T90_BTR80_20260205T223908Z_157_e_c	http://example.org/stkg/objectEntity	http://example.org/stkg/id/platform_BTR80
http://example.org/stkg/id/obs_rel_T90_BTR80_20260205T223908Z_157_e_c	http://example.org/stkg/relationType	http://example.org/stkg/id/relation_ahead_of
http://example.org/stkg/id/obs_rel_T90_BTR80_20260205T223908Z_157_e_c	http://example.org/stkg/time	"2026-02-05T22:39:08Z"^^<http://www.w3.org/2001/XMLSchema#dateTime>
http://example.org/stkg/id/obs_rel_BTR80_K2BlackPanther_20260205T223909Z_158_c_d	http://www.w3.org/1999/02/22-rdf-syntax-ns#type	http://example.org/stkg/id/SpatialRelationObservation
http://example.org/stkg/id/obs_rel_BTR80_K2BlackPanther_20260205T223909Z_158_c_d	http://example.org/stkg/subjectEntity	http://example.org/stkg/id/platform_BTR80
http://example.org/stkg/id/obs_rel_BTR80_K2BlackPanther_20260205T223909Z_158_c_d	http://example.org/stkg/objectEntity	http://example.org/stkg/id/platform_K2BlackPanther
http://example.org/stkg/id/obs_rel_BTR80_K2BlackPanther_20260205T223909Z_158_c_d	http://example.org/stkg/relationType	http://example.org/stkg/id/relation_behind_of
http://example.org/stkg/id/obs_rel_BTR80_K2BlackPanther_20260205T223909Z_158_c_d	http://example.org/stkg/time	"2026-02-05T22:39:09Z"^^<http://www.w3.org/2001/XMLSchema#dateTime>
http://example.org/stkg/id/obs_rel_K2BlackPanther_BTR80_20260205T223909Z_158_d_c	http://www.w3.org/1999/02/22-rdf-syntax-ns#type	http://example.org/stkg/id/SpatialRelationObservation
http://example.org/stkg/id/obs_rel_K2BlackPanther_BTR80_20260205T223909Z_158_d_c	http://example.org/stkg/subjectEntity	http://example.org/stkg/id/platform_K2BlackPanther
http://example.org/stkg/id/obs_rel_K2BlackPanther_BTR80_20260205T223909Z_158_d_c	http://example.org/stkg/objectEntity	http://example.org/stkg/id/platform_BTR80
http://example.org/stkg/id/obs_rel_K2BlackPanther_BTR80_20260205T223909Z_158_d_c	http://example.org/stkg/relationType	http://example.org/stkg/id/relation_ahead_of
http://example.org/stkg/id/obs_rel_K2BlackPanther_BTR80_20260205T223909Z_158_d_c	http://example.org/stkg/time	"2026-02-05T22:39:09Z"^^<http://www.w3.org/2001/XMLSchema#dateTime>
http://example.org/stkg/id/obs_rel_K2BlackPanther_T90_20260205T223909Z_158_d_e	http://www.w3.org/1999/02/22-rdf-syntax-ns#type	http://example.org/stkg/id/SpatialRelationObservation
http://example.org/stkg/id/obs_rel_K2BlackPanther_T90_20260205T223909Z_158_d_e	http://example.org/stkg/subjectEntity	http://example.org/stkg/id/platform_K2BlackPanther
http://example.org/stkg/id/obs_rel_K2BlackPanther_T90_20260205T223909Z_158_d_e	http://example.org/stkg/objectEntity	http://example.org/stkg/id/platform_T90
http://example.org/stkg/id/obs_rel_K2BlackPanther_T90_20260205T223909Z_158_d_e	http://example.org/stkg/relationType	http://example.org/stkg/id/relation_behind_of
http://example.org/stkg/id/obs_rel_K2BlackPanther_T90_20260205T223909Z_158_d_e	http://example.org/stkg/time	"2026-02-05T22:39:09Z"^^<http://www.w3.org/2001/XMLSchema#dateTime>
http://example.org/stkg/id/obs_rel_T90_K2BlackPanther_20260205T223909Z_158_e_d	http://www.w3.org/1999/02/22-rdf-syntax-ns#type	http://example.org/stkg/id/SpatialRelationObservation
http://example.org/stkg/id/obs_rel_T90_K2BlackPanther_20260205T223909Z_158_e_d	http://example.org/stkg/subjectEntity	http://example.org/stkg/id/platform_T90
http://example.org/stkg/id/obs_rel_T90_K2BlackPanther_20260205T223909Z_158_e_d	http://example.org/stkg/objectEntity	http://example.org/stkg/id/platform_K2BlackPanther
http://example.org/stkg/id/obs_rel_T90_K2BlackPanther_20260205T223909Z_158_e_d	http://example.org/stkg/relationType	http://example.org/stkg/id/relation_ahead_of
http://example.org/stkg/id/obs_rel_T90_K2BlackPanther_20260205T223909Z_158_e_d	http://example.org/stkg/time	"2026-02-05T22:39:09Z"^^<http://www.w3.org/2001/XMLSchema#dateTime>
http://example.org/stkg/id/obs_rel_BTR80_T90_20260205T223909Z_158_c_e	http://www.w3.org/1999/02/22-rdf-syntax-ns#type	http://example.org/stkg/id/SpatialRelationObservation
http://example.org/stkg/id/obs_rel_BTR80_T90_20260205T223909Z_158_c_e	http://example.org/stkg/subjectEntity	http://example.org/stkg/id/platform_BTR80
http://example.org/stkg/id/obs_rel_BTR80_T90_20260205T223909Z_158_c_e	http://example.org/stkg/objectEntity	http://example.org/stkg/id/platform_T90
http://example.org/stkg/id/obs_rel_BTR80_T90_20260205T223909Z_158_c_e	http://example.org/stkg/relationType	http://example.org/stkg/id/relation_behind_of
http://example.org/stkg/id/obs_rel_BTR80_T90_20260205T223909Z_158_c_e	http://example.org/stkg/time	"2026-02-05T22:39:09Z"^^<http://www.w3.org/2001/XMLSchema#dateTime>
http://example.org/stkg/id/obs_rel_T90_BTR80_20260205T223909Z_158_e_c	http://www.w3.org/1999/02/22-rdf-syntax-ns#type	http://example.org/stkg/id/SpatialRelationObservation
http://example.org/stkg/id/obs_rel_T90_BTR80_20260205T223909Z_158_e_c	http://example.org/stkg/subjectEntity	http://example.org/stkg/id/platform_T90
http://example.org/stkg/id/obs_rel_T90_BTR80_20260205T223909Z_158_e_c	http://example.org/stkg/objectEntity	http://example.org/stkg/id/platform_BTR80
http://example.org/stkg/id/obs_rel_T90_BTR80_20260205T223909Z_158_e_c	http://example.org/stkg/relationType	http://example.org/stkg/id/relation_ahead_of
http://example.org/stkg/id/obs_rel_T90_BTR80_20260205T223909Z_158_e_c	http://example.org/stkg/time	"2026-02-05T22:39:09Z"^^<http://www.w3.org/2001/XMLSchema#dateTime>
http://example.org/stkg/id/obs_rel_BTR80_K2BlackPanther_20260205T223910Z_159_c_d	http://www.w3.org/1999/02/22-rdf-syntax-ns#type	http://example.org/stkg/id/SpatialRelationObservation
http://example.org/stkg/id/obs_rel_BTR80_K2BlackPanther_20260205T223910Z_159_c_d	http://example.org/stkg/subjectEntity	http://example.org/stkg/id/platform_BTR80
http://example.org/stkg/id/obs_rel_BTR80_K2BlackPanther_20260205T223910Z_159_c_d	http://example.org/stkg/objectEntity	http://example.org/stkg/id/platform_K2BlackPanther
http://example.org/stkg/id/obs_rel_BTR80_K2BlackPanther_20260205T223910Z_159_c_d	http://example.org/stkg/relationType	http://example.org/stkg/id/relation_behind_of
http://example.org/stkg/id/obs_rel_BTR80_K2BlackPanther_20260205T223910Z_159_c_d	http://example.org/stkg/time	"2026-02-05T22:39:10Z"^^<http://www.w3.org/2001/XMLSchema#dateTime>
http://example.org/stkg/id/obs_rel_K2BlackPanther_BTR80_20260205T223910Z_159_d_c	http://www.w3.org/1999/02/22-rdf-syntax-ns#type	http://example.org/stkg/id/SpatialRelationObservation
http://example.org/stkg/id/obs_rel_K2BlackPanther_BTR80_20260205T223910Z_159_d_c	http://example.org/stkg/subjectEntity	http://example.org/stkg/id/platform_K2BlackPanther
http://example.org/stkg/id/obs_rel_K2BlackPanther_BTR80_20260205T223910Z_159_d_c	http://example.org/stkg/objectEntity	http://example.org/stkg/id/platform_BTR80
http://example.org/stkg/id/obs_rel_K2BlackPanther_BTR80_20260205T223910Z_159_d_c	http://example.org/stkg/relationType	http://example.org/stkg/id/relation_ahead_of
http://example.org/stkg/id/obs_rel_K2BlackPanther_BTR80_20260205T223910Z_159_d_c	http://example.org/stkg/time	"2026-02-05T22:39:10Z"^^<http://www.w3.org/2001/XMLSchema#dateTime>
http://example.org/stkg/id/obs_rel_K2BlackPanther_T90_20260205T223910Z_159_d_e	http://www.w3.org/1999/02/22-rdf-syntax-ns#type	http://example.org/stkg/id/SpatialRelationObservation
http://example.org/stkg/id/obs_rel_K2BlackPanther_T90_20260205T223910Z_159_d_e	http://example.org/stkg/subjectEntity	http://example.org/stkg/id/platform_K2BlackPanther
http://example.org/stkg/id/obs_rel_K2BlackPanther_T90_20260205T223910Z_159_d_e	http://example.org/stkg/objectEntity	http://example.org/stkg/id/platform_T90
http://example.org/stkg/id/obs_rel_K2BlackPanther_T90_20260205T223910Z_159_d_e	http://example.org/stkg/relationType	http://example.org/stkg/id/relation_behind_of
http://example.org/stkg/id/obs_rel_K2BlackPanther_T90_20260205T223910Z_159_d_e	http://example.org/stkg/time	"2026-02-05T22:39:10Z"^^<http://www.w3.org/2001/XMLSchema#dateTime>
http://example.org/stkg/id/obs_rel_T90_K2BlackPanther_20260205T223910Z_159_e_d	http://www.w3.org/1999/02/22-rdf-syntax-ns#type	http://example.org/stkg/id/SpatialRelationObservation
http://example.org/stkg/id/obs_rel_T90_K2BlackPanther_20260205T223910Z_159_e_d	http://example.org/stkg/subjectEntity	http://example.org/stkg/id/platform_T90
http://example.org/stkg/id/obs_rel_T90_K2BlackPanther_20260205T223910Z_159_e_d	http://example.org/stkg/objectEntity	http://example.org/stkg/id/platform_K2BlackPanther
http://example.org/stkg/id/obs_rel_T90_K2BlackPanther_20260205T223910Z_159_e_d	http://example.org/stkg/relationType	http://example.org/stkg/id/relation_ahead_of
http://example.org/stkg/id/obs_rel_T90_K2BlackPanther_20260205T223910Z_159_e_d	http://example.org/stkg/time	"2026-02-05T22:39:10Z"^^<http://www.w3.org/2001/XMLSchema#dateTime>
http://example.org/stkg/id/obs_rel_BTR80_T90_20260205T223910Z_159_c_e	http://www.w3.org/1999/02/22-rdf-syntax-ns#type	http://example.org/stkg/id/SpatialRelationObservation
http://example.org/stkg/id/obs_rel_BTR80_T90_20260205T223910Z_159_c_e	http://example.org/stkg/subjectEntity	http://example.org/stkg/id/platform_BTR80
http://example.org/stkg/id/obs_rel_BTR80_T90_20260205T223910Z_159_c_e	http://example.org/stkg/objectEntity	http://example.org/stkg/id/platform_T90
http://example.org/stkg/id/obs_rel_BTR80_T90_20260205T223910Z_159_c_e	http://example.org/stkg/relationType	http://example.org/stkg/id/relation_behind_of
http://example.org/stkg/id/obs_rel_BTR80_T90_20260205T223910Z_159_c_e	http://example.org/stkg/time	"2026-02-05T22:39:10Z"^^<http://www.w3.org/2001/XMLSchema#dateTime>
http://example.org/stkg/id/obs_rel_T90_BTR80_20260205T223910Z_159_e_c	http://www.w3.org/1999/02/22-rdf-syntax-ns#type	http://example.org/stkg/id/SpatialRelationObservation
http://example.org/stkg/id/obs_rel_T90_BTR80_20260205T223910Z_159_e_c	http://example.org/stkg/subjectEntity	http://example.org/stkg/id/platform_T90
http://example.org/stkg/id/obs_rel_T90_BTR80_20260205T223910Z_159_e_c	http://example.org/stkg/objectEntity	http://example.org/stkg/id/platform_BTR80
http://example.org/stkg/id/obs_rel_T90_BTR80_20260205T223910Z_159_e_c	http://example.org/stkg/relationType	http://example.org/stkg/id/relation_ahead_of
http://example.org/stkg/id/obs_rel_T90_BTR80_20260205T223910Z_159_e_c	http://example.org/stkg/time	"2026-02-05T22:39:10Z"^^<http://www.w3.org/2001/XMLSchema#dateTime>
http://example.org/stkg/id/obs_rel_BTR80_K2BlackPanther_20260205T223911Z_160_c_d	http://www.w3.org/1999/02/22-rdf-syntax-ns#type	http://example.org/stkg/id/SpatialRelationObservation
http://example.org/stkg/id/obs_rel_BTR80_K2BlackPanther_20260205T223911Z_160_c_d	http://example.org/stkg/subjectEntity	http://example.org/stkg/id/platform_BTR80
http://example.org/stkg/id/obs_rel_BTR80_K2BlackPanther_20260205T223911Z_160_c_d	http://example.org/stkg/objectEntity	http://example.org/stkg/id/platform_K2BlackPanther
http://example.org/stkg/id/obs_rel_BTR80_K2BlackPanther_20260205T223911Z_160_c_d	http://example.org/stkg/relationType	http://example.org/stkg/id/relation_behind_of
http://example.org/stkg/id/obs_rel_BTR80_K2BlackPanther_20260205T223911Z_160_c_d	http://example.org/stkg/time	"2026-02-05T22:39:11Z"^^<http://www.w3.org/2001/XMLSchema#dateTime>
http://example.org/stkg/id/obs_rel_K2BlackPanther_BTR80_20260205T223911Z_160_d_c	http://www.w3.org/1999/02/22-rdf-syntax-ns#type	http://example.org/stkg/id/SpatialRelationObservation
http://example.org/stkg/id/obs_rel_K2BlackPanther_BTR80_20260205T223911Z_160_d_c	http://example.org/stkg/subjectEntity	http://example.org/stkg/id/platform_K2BlackPanther
http://example.org/stkg/id/obs_rel_K2BlackPanther_BTR80_20260205T223911Z_160_d_c	http://example.org/stkg/objectEntity	http://example.org/stkg/id/platform_BTR80
http://example.org/stkg/id/obs_rel_K2BlackPanther_BTR80_20260205T223911Z_160_d_c	http://example.org/stkg/relationType	http://example.org/stkg/id/relation_ahead_of
http://example.org/stkg/id/obs_rel_K2BlackPanther_BTR80_20260205T223911Z_160_d_c	http://example.org/stkg/time	"2026-02-05T22:39:11Z"^^<http://www.w3.org/2001/XMLSchema#dateTime>
http://example.org/stkg/id/obs_rel_K2BlackPanther_T90_20260205T223911Z_160_d_e	http://www.w3.org/1999/02/22-rdf-syntax-ns#type	http://example.org/stkg/id/SpatialRelationObservation
http://example.org/stkg/id/obs_rel_K2BlackPanther_T90_20260205T223911Z_160_d_e	http://example.org/stkg/subjectEntity	http://example.org/stkg/id/platform_K2BlackPanther
http://example.org/stkg/id/obs_rel_K2BlackPanther_T90_20260205T223911Z_160_d_e	http://example.org/stkg/objectEntity	http://example.org/stkg/id/platform_T90
http://example.org/stkg/id/obs_rel_K2BlackPanther_T90_20260205T223911Z_160_d_e	http://example.org/stkg/relationType	http://example.org/stkg/id/relation_behind_of
http://example.org/stkg/id/obs_rel_K2BlackPanther_T90_20260205T223911Z_160_d_e	http://example.org/stkg/time	"2026-02-05T22:39:11Z"^^<http://www.w3.org/2001/XMLSchema#dateTime>
http://example.org/stkg/id/obs_rel_T90_K2BlackPanther_20260205T223911Z_160_e_d	http://www.w3.org/1999/02/22-rdf-syntax-ns#type	http://example.org/stkg/id/SpatialRelationObservation
http://example.org/stkg/id/obs_rel_T90_K2BlackPanther_20260205T223911Z_160_e_d	http://example.org/stkg/subjectEntity	http://example.org/stkg/id/platform_T90
http://example.org/stkg/id/obs_rel_T90_K2BlackPanther_20260205T223911Z_160_e_d	http://example.org/stkg/objectEntity	http://example.org/stkg/id/platform_K2BlackPanther
http://example.org/stkg/id/obs_rel_T90_K2BlackPanther_20260205T223911Z_160_e_d	http://example.org/stkg/relationType	http://example.org/stkg/id/relation_ahead_of
http://example.org/stkg/id/obs_rel_T90_K2BlackPanther_20260205T223911Z_160_e_d	http://example.org/stkg/time	"2026-02-05T22:39:11Z"^^<http://www.w3.org/2001/XMLSchema#dateTime>
http://example.org/stkg/id/obs_rel_BTR80_T90_20260205T223911Z_160_c_e	http://www.w3.org/1999/02/22-rdf-syntax-ns#type	http://example.org/stkg/id/SpatialRelationObservation
http://example.org/stkg/id/obs_rel_BTR80_T90_20260205T223911Z_160_c_e	http://example.org/stkg/subjectEntity	http://example.org/stkg/id/platform_BTR80
http://example.org/stkg/id/obs_rel_BTR80_T90_20260205T223911Z_160_c_e	http://example.org/stkg/objectEntity	http://example.org/stkg/id/platform_T90
http://example.org/stkg/id/obs_rel_BTR80_T90_20260205T223911Z_160_c_e	http://example.org/stkg/relationType	http://example.org/stkg/id/relation_behind_of
http://example.org/stkg/id/obs_rel_BTR80_T90_20260205T223911Z_160_c_e	http://example.org/stkg/time	"2026-02-05T22:39:11Z"^^<http://www.w3.org/2001/XMLSchema#dateTime>
http://example.org/stkg/id/obs_rel_T90_BTR80_20260205T223911Z_160_e_c	http://www.w3.org/1999/02/22-rdf-syntax-ns#type	http://example.org/stkg/id/SpatialRelationObservation
http://example.org/stkg/id/obs_rel_T90_BTR80_20260205T223911Z_160_e_c	http://example.org/stkg/subjectEntity	http://example.org/stkg/id/platform_T90
http://example.org/stkg/id/obs_rel_T90_BTR80_20260205T223911Z_160_e_c	http://example.org/stkg/objectEntity	http://example.org/stkg/id/platform_BTR80
http://example.org/stkg/id/obs_rel_T90_BTR80_20260205T223911Z_160_e_c	http://example.org/stkg/relationType	http://example.org/stkg/id/relation_ahead_of
http://example.org/stkg/id/obs_rel_T90_BTR80_20260205T223911Z_160_e_c	http://example.org/stkg/time	"2026-02-05T22:39:11Z"^^<http://www.w3.org/2001/XMLSchema#dateTime>
http://example.org/stkg/id/obs_rel_BTR80_K2BlackPanther_20260205T223912Z_161_c_d	http://www.w3.org/1999/02/22-rdf-syntax-ns#type	http://example.org/stkg/id/SpatialRelationObservation
http://example.org/stkg/id/obs_rel_BTR80_K2BlackPanther_20260205T223912Z_161_c_d	http://example.org/stkg/subjectEntity	http://example.org/stkg/id/platform_BTR80
http://example.org/stkg/id/obs_rel_BTR80_K2BlackPanther_20260205T223912Z_161_c_d	http://example.org/stkg/objectEntity	http://example.org/stkg/id/platform_K2BlackPanther
http://example.org/stkg/id/obs_rel_BTR80_K2BlackPanther_20260205T223912Z_161_c_d	http://example.org/stkg/relationType	http://example.org/stkg/id/relation_behind_of
http://example.org/stkg/id/obs_rel_BTR80_K2BlackPanther_20260205T223912Z_161_c_d	http://example.org/stkg/time	"2026-02-05T22:39:12Z"^^<http://www.w3.org/2001/XMLSchema#dateTime>
http://example.org/stkg/id/obs_rel_K2BlackPanther_BTR80_20260205T223912Z_161_d_c	http://www.w3.org/1999/02/22-rdf-syntax-ns#type	http://example.org/stkg/id/SpatialRelationObservation
http://example.org/stkg/id/obs_rel_K2BlackPanther_BTR80_20260205T223912Z_161_d_c	http://example.org/stkg/subjectEntity	http://example.org/stkg/id/platform_K2BlackPanther
http://example.org/stkg/id/obs_rel_K2BlackPanther_BTR80_20260205T223912Z_161_d_c	http://example.org/stkg/objectEntity	http://example.org/stkg/id/platform_BTR80
http://example.org/stkg/id/obs_rel_K2BlackPanther_BTR80_20260205T223912Z_161_d_c	http://example.org/stkg/relationType	http://example.org/stkg/id/relation_ahead_of
http://example.org/stkg/id/obs_rel_K2BlackPanther_BTR80_20260205T223912Z_161_d_c	http://example.org/stkg/time	"2026-02-05T22:39:12Z"^^<http://www.w3.org/2001/XMLSchema#dateTime>
http://example.org/stkg/id/obs_rel_K2BlackPanther_T90_20260205T223912Z_161_d_e	http://www.w3.org/1999/02/22-rdf-syntax-ns#type	http://example.org/stkg/id/SpatialRelationObservation
http://example.org/stkg/id/obs_rel_K2BlackPanther_T90_20260205T223912Z_161_d_e	http://example.org/stkg/subjectEntity	http://example.org/stkg/id/platform_K2BlackPanther
http://example.org/stkg/id/obs_rel_K2BlackPanther_T90_20260205T223912Z_161_d_e	http://example.org/stkg/objectEntity	http://example.org/stkg/id/platform_T90
http://example.org/stkg/id/obs_rel_K2BlackPanther_T90_20260205T223912Z_161_d_e	http://example.org/stkg/relationType	http://example.org/stkg/id/relation_behind_of
http://example.org/stkg/id/obs_rel_K2BlackPanther_T90_20260205T223912Z_161_d_e	http://example.org/stkg/time	"2026-02-05T22:39:12Z"^^<http://www.w3.org/2001/XMLSchema#dateTime>
http://example.org/stkg/id/obs_rel_T90_K2BlackPanther_20260205T223912Z_161_e_d	http://www.w3.org/1999/02/22-rdf-syntax-ns#type	http://example.org/stkg/id/SpatialRelationObservation
http://example.org/stkg/id/obs_rel_T90_K2BlackPanther_20260205T223912Z_161_e_d	http://example.org/stkg/subjectEntity	http://example.org/stkg/id/platform_T90
http://example.org/stkg/id/obs_rel_T90_K2BlackPanther_20260205T223912Z_161_e_d	http://example.org/stkg/objectEntity	http://example.org/stkg/id/platform_K2BlackPanther
http://example.org/stkg/id/obs_rel_T90_K2BlackPanther_20260205T223912Z_161_e_d	http://example.org/stkg/relationType	http://example.org/stkg/id/relation_ahead_of
http://example.org/stkg/id/obs_rel_T90_K2BlackPanther_20260205T223912Z_161_e_d	http://example.org/stkg/time	"2026-02-05T22:39:12Z"^^<http://www.w3.org/2001/XMLSchema#dateTime>
http://example.org/stkg/id/obs_rel_BTR80_T90_20260205T223912Z_161_c_e	http://www.w3.org/1999/02/22-rdf-syntax-ns#type	http://example.org/stkg/id/SpatialRelationObservation
http://example.org/stkg/id/obs_rel_BTR80_T90_20260205T223912Z_161_c_e	http://example.org/stkg/subjectEntity	http://example.org/stkg/id/platform_BTR80
http://example.org/stkg/id/obs_rel_BTR80_T90_20260205T223912Z_161_c_e	http://example.org/stkg/objectEntity	http://example.org/stkg/id/platform_T90
http://example.org/stkg/id/obs_rel_BTR80_T90_20260205T223912Z_161_c_e	http://example.org/stkg/relationType	http://example.org/stkg/id/relation_behind_of
http://example.org/stkg/id/obs_rel_BTR80_T90_20260205T223912Z_161_c_e	http://example.org/stkg/time	"2026-02-05T22:39:12Z"^^<http://www.w3.org/2001/XMLSchema#dateTime>
http://example.org/stkg/id/obs_rel_T90_BTR80_20260205T223912Z_161_e_c	http://www.w3.org/1999/02/22-rdf-syntax-ns#type	http://example.org/stkg/id/SpatialRelationObservation
http://example.org/stkg/id/obs_rel_T90_BTR80_20260205T223912Z_161_e_c	http://example.org/stkg/subjectEntity	http://example.org/stkg/id/platform_T90
http://example.org/stkg/id/obs_rel_T90_BTR80_20260205T223912Z_161_e_c	http://example.org/stkg/objectEntity	http://example.org/stkg/id/platform_BTR80
http://example.org/stkg/id/obs_rel_T90_BTR80_20260205T223912Z_161_e_c	http://example.org/stkg/relationType	http://example.org/stkg/id/relation_ahead_of
http://example.org/stkg/id/obs_rel_T90_BTR80_20260205T223912Z_161_e_c	http://example.org/stkg/time	"2026-02-05T22:39:12Z"^^<http://www.w3.org/2001/XMLSchema#dateTime>
http://example.org/stkg/id/obs_rel_BTR80_K2BlackPanther_20260205T223913Z_162_c_d	http://www.w3.org/1999/02/22-rdf-syntax-ns#type	http://example.org/stkg/id/SpatialRelationObservation
http://example.org/stkg/id/obs_rel_BTR80_K2BlackPanther_20260205T223913Z_162_c_d	http://example.org/stkg/subjectEntity	http://example.org/stkg/id/platform_BTR80
http://example.org/stkg/id/obs_rel_BTR80_K2BlackPanther_20260205T223913Z_162_c_d	http://example.org/stkg/objectEntity	http://example.org/stkg/id/platform_K2BlackPanther
http://example.org/stkg/id/obs_rel_BTR80_K2BlackPanther_20260205T223913Z_162_c_d	http://example.org/stkg/relationType	http://example.org/stkg/id/relation_behind_of
http://example.org/stkg/id/obs_rel_BTR80_K2BlackPanther_20260205T223913Z_162_c_d	http://example.org/stkg/time	"2026-02-05T22:39:13Z"^^<http://www.w3.org/2001/XMLSchema#dateTime>
http://example.org/stkg/id/obs_rel_K2BlackPanther_BTR80_20260205T223913Z_162_d_c	http://www.w3.org/1999/02/22-rdf-syntax-ns#type	http://example.org/stkg/id/SpatialRelationObservation
http://example.org/stkg/id/obs_rel_K2BlackPanther_BTR80_20260205T223913Z_162_d_c	http://example.org/stkg/subjectEntity	http://example.org/stkg/id/platform_K2BlackPanther
http://example.org/stkg/id/obs_rel_K2BlackPanther_BTR80_20260205T223913Z_162_d_c	http://example.org/stkg/objectEntity	http://example.org/stkg/id/platform_BTR80
http://example.org/stkg/id/obs_rel_K2BlackPanther_BTR80_20260205T223913Z_162_d_c	http://example.org/stkg/relationType	http://example.org/stkg/id/relation_ahead_of
http://example.org/stkg/id/obs_rel_K2BlackPanther_BTR80_20260205T223913Z_162_d_c	http://example.org/stkg/time	"2026-02-05T22:39:13Z"^^<http://www.w3.org/2001/XMLSchema#dateTime>
http://example.org/stkg/id/obs_rel_K2BlackPanther_T90_20260205T223913Z_162_d_e	http://www.w3.org/1999/02/22-rdf-syntax-ns#type	http://example.org/stkg/id/SpatialRelationObservation
http://example.org/stkg/id/obs_rel_K2BlackPanther_T90_20260205T223913Z_162_d_e	http://example.org/stkg/subjectEntity	http://example.org/stkg/id/platform_K2BlackPanther
http://example.org/stkg/id/obs_rel_K2BlackPanther_T90_20260205T223913Z_162_d_e	http://example.org/stkg/objectEntity	http://example.org/stkg/id/platform_T90
http://example.org/stkg/id/obs_rel_K2BlackPanther_T90_20260205T223913Z_162_d_e	http://example.org/stkg/relationType	http://example.org/stkg/id/relation_behind_of
http://example.org/stkg/id/obs_rel_K2BlackPanther_T90_20260205T223913Z_162_d_e	http://example.org/stkg/time	"2026-02-05T22:39:13Z"^^<http://www.w3.org/2001/XMLSchema#dateTime>
http://example.org/stkg/id/obs_rel_T90_K2BlackPanther_20260205T223913Z_162_e_d	http://www.w3.org/1999/02/22-rdf-syntax-ns#type	http://example.org/stkg/id/SpatialRelationObservation
http://example.org/stkg/id/obs_rel_T90_K2BlackPanther_20260205T223913Z_162_e_d	http://example.org/stkg/subjectEntity	http://example.org/stkg/id/platform_T90
http://example.org/stkg/id/obs_rel_T90_K2BlackPanther_20260205T223913Z_162_e_d	http://example.org/stkg/objectEntity	http://example.org/stkg/id/platform_K2BlackPanther
http://example.org/stkg/id/obs_rel_T90_K2BlackPanther_20260205T223913Z_162_e_d	http://example.org/stkg/relationType	http://example.org/stkg/id/relation_ahead_of
http://example.org/stkg/id/obs_rel_T90_K2BlackPanther_20260205T223913Z_162_e_d	http://example.org/stkg/time	"2026-02-05T22:39:13Z"^^<http://www.w3.org/2001/XMLSchema#dateTime>
http://example.org/stkg/id/obs_rel_BTR80_T90_20260205T223913Z_162_c_e	http://www.w3.org/1999/02/22-rdf-syntax-ns#type	http://example.org/stkg/id/SpatialRelationObservation
http://example.org/stkg/id/obs_rel_BTR80_T90_20260205T223913Z_162_c_e	http://example.org/stkg/subjectEntity	http://example.org/stkg/id/platform_BTR80
http://example.org/stkg/id/obs_rel_BTR80_T90_20260205T223913Z_162_c_e	http://example.org/stkg/objectEntity	http://example.org/stkg/id/platform_T90
http://example.org/stkg/id/obs_rel_BTR80_T90_20260205T223913Z_162_c_e	http://example.org/stkg/relationType	http://example.org/stkg/id/relation_behind_of
http://example.org/stkg/id/obs_rel_BTR80_T90_20260205T223913Z_162_c_e	http://example.org/stkg/time	"2026-02-05T22:39:13Z"^^<http://www.w3.org/2001/XMLSchema#dateTime>
http://example.org/stkg/id/obs_rel_T90_BTR80_20260205T223913Z_162_e_c	http://www.w3.org/1999/02/22-rdf-syntax-ns#type	http://example.org/stkg/id/SpatialRelationObservation
http://example.org/stkg/id/obs_rel_T90_BTR80_20260205T223913Z_162_e_c	http://example.org/stkg/subjectEntity	http://example.org/stkg/id/platform_T90
http://example.org/stkg/id/obs_rel_T90_BTR80_20260205T223913Z_162_e_c	http://example.org/stkg/objectEntity	http://example.org/stkg/id/platform_BTR80
http://example.org/stkg/id/obs_rel_T90_BTR80_20260205T223913Z_162_e_c	http://example.org/stkg/relationType	http://example.org/stkg/id/relation_ahead_of
http://example.org/stkg/id/obs_rel_T90_BTR80_20260205T223913Z_162_e_c	http://example.org/stkg/time	"2026-02-05T22:39:13Z"^^<http://www.w3.org/2001/XMLSchema#dateTime>
http://example.org/stkg/id/obs_rel_BTR80_K2BlackPanther_20260205T223914Z_163_c_d	http://www.w3.org/1999/02/22-rdf-syntax-ns#type	http://example.org/stkg/id/SpatialRelationObservation
http://example.org/stkg/id/obs_rel_BTR80_K2BlackPanther_20260205T223914Z_163_c_d	http://example.org/stkg/subjectEntity	http://example.org/stkg/id/platform_BTR80
http://example.org/stkg/id/obs_rel_BTR80_K2BlackPanther_20260205T223914Z_163_c_d	http://example.org/stkg/objectEntity	http://example.org/stkg/id/platform_K2BlackPanther
http://example.org/stkg/id/obs_rel_BTR80_K2BlackPanther_20260205T223914Z_163_c_d	http://example.org/stkg/relationType	http://example.org/stkg/id/relation_behind_of
http://example.org/stkg/id/obs_rel_BTR80_K2BlackPanther_20260205T223914Z_163_c_d	http://example.org/stkg/time	"2026-02-05T22:39:14Z"^^<http://www.w3.org/2001/XMLSchema#dateTime>
http://example.org/stkg/id/obs_rel_K2BlackPanther_BTR80_20260205T223914Z_163_d_c	http://www.w3.org/1999/02/22-rdf-syntax-ns#type	http://example.org/stkg/id/SpatialRelationObservation
http://example.org/stkg/id/obs_rel_K2BlackPanther_BTR80_20260205T223914Z_163_d_c	http://example.org/stkg/subjectEntity	http://example.org/stkg/id/platform_K2BlackPanther
http://example.org/stkg/id/obs_rel_K2BlackPanther_BTR80_20260205T223914Z_163_d_c	http://example.org/stkg/objectEntity	http://example.org/stkg/id/platform_BTR80
http://example.org/stkg/id/obs_rel_K2BlackPanther_BTR80_20260205T223914Z_163_d_c	http://example.org/stkg/relationType	http://example.org/stkg/id/relation_ahead_of
http://example.org/stkg/id/obs_rel_K2BlackPanther_BTR80_20260205T223914Z_163_d_c	http://example.org/stkg/time	"2026-02-05T22:39:14Z"^^<http://www.w3.org/2001/XMLSchema#dateTime>
http://example.org/stkg/id/obs_rel_K2BlackPanther_T90_20260205T223914Z_163_d_e	http://www.w3.org/1999/02/22-rdf-syntax-ns#type	http://example.org/stkg/id/SpatialRelationObservation
http://example.org/stkg/id/obs_rel_K2BlackPanther_T90_20260205T223914Z_163_d_e	http://example.org/stkg/subjectEntity	http://example.org/stkg/id/platform_K2BlackPanther
http://example.org/stkg/id/obs_rel_K2BlackPanther_T90_20260205T223914Z_163_d_e	http://example.org/stkg/objectEntity	http://example.org/stkg/id/platform_T90
http://example.org/stkg/id/obs_rel_K2BlackPanther_T90_20260205T223914Z_163_d_e	http://example.org/stkg/relationType	http://example.org/stkg/id/relation_behind_of
http://example.org/stkg/id/obs_rel_K2BlackPanther_T90_20260205T223914Z_163_d_e	http://example.org/stkg/time	"2026-02-05T22:39:14Z"^^<http://www.w3.org/2001/XMLSchema#dateTime>
http://example.org/stkg/id/obs_rel_T90_K2BlackPanther_20260205T223914Z_163_e_d	http://www.w3.org/1999/02/22-rdf-syntax-ns#type	http://example.org/stkg/id/SpatialRelationObservation
http://example.org/stkg/id/obs_rel_T90_K2BlackPanther_20260205T223914Z_163_e_d	http://example.org/stkg/subjectEntity	http://example.org/stkg/id/platform_T90
http://example.org/stkg/id/obs_rel_T90_K2BlackPanther_20260205T223914Z_163_e_d	http://example.org/stkg/objectEntity	http://example.org/stkg/id/platform_K2BlackPanther
http://example.org/stkg/id/obs_rel_T90_K2BlackPanther_20260205T223914Z_163_e_d	http://example.org/stkg/relationType	http://example.org/stkg/id/relation_ahead_of
http://example.org/stkg/id/obs_rel_T90_K2BlackPanther_20260205T223914Z_163_e_d	http://example.org/stkg/time	"2026-02-05T22:39:14Z"^^<http://www.w3.org/2001/XMLSchema#dateTime>
http://example.org/stkg/id/obs_rel_BTR80_T90_20260205T223914Z_163_c_e	http://www.w3.org/1999/02/22-rdf-syntax-ns#type	http://example.org/stkg/id/SpatialRelationObservation
http://example.org/stkg/id/obs_rel_BTR80_T90_20260205T223914Z_163_c_e	http://example.org/stkg/subjectEntity	http://example.org/stkg/id/platform_BTR80
http://example.org/stkg/id/obs_rel_BTR80_T90_20260205T223914Z_163_c_e	http://example.org/stkg/objectEntity	http://example.org/stkg/id/platform_T90
http://example.org/stkg/id/obs_rel_BTR80_T90_20260205T223914Z_163_c_e	http://example.org/stkg/relationType	http://example.org/stkg/id/relation_behind_of
http://example.org/stkg/id/obs_rel_BTR80_T90_20260205T223914Z_163_c_e	http://example.org/stkg/time	"2026-02-05T22:39:14Z"^^<http://www.w3.org/2001/XMLSchema#dateTime>
http://example.org/stkg/id/obs_rel_T90_BTR80_20260205T223914Z_163_e_c	http://www.w3.org/1999/02/22-rdf-syntax-ns#type	http://example.org/stkg/id/SpatialRelationObservation
http://example.org/stkg/id/obs_rel_T90_BTR80_20260205T223914Z_163_e_c	http://example.org/stkg/subjectEntity	http://example.org/stkg/id/platform_T90
http://example.org/stkg/id/obs_rel_T90_BTR80_20260205T223914Z_163_e_c	http://example.org/stkg/objectEntity	http://example.org/stkg/id/platform_BTR80
http://example.org/stkg/id/obs_rel_T90_BTR80_20260205T223914Z_163_e_c	http://example.org/stkg/relationType	http://example.org/stkg/id/relation_ahead_of
http://example.org/stkg/id/obs_rel_T90_BTR80_20260205T223914Z_163_e_c	http://example.org/stkg/time	"2026-02-05T22:39:14Z"^^<http://www.w3.org/2001/XMLSchema#dateTime>
http://example.org/stkg/id/obs_rel_BTR80_K2BlackPanther_20260205T223915Z_164_c_d	http://www.w3.org/1999/02/22-rdf-syntax-ns#type	http://example.org/stkg/id/SpatialRelationObservation
http://example.org/stkg/id/obs_rel_BTR80_K2BlackPanther_20260205T223915Z_164_c_d	http://example.org/stkg/subjectEntity	http://example.org/stkg/id/platform_BTR80
http://example.org/stkg/id/obs_rel_BTR80_K2BlackPanther_20260205T223915Z_164_c_d	http://example.org/stkg/objectEntity	http://example.org/stkg/id/platform_K2BlackPanther
http://example.org/stkg/id/obs_rel_BTR80_K2BlackPanther_20260205T223915Z_164_c_d	http://example.org/stkg/relationType	http://example.org/stkg/id/relation_behind_of
http://example.org/stkg/id/obs_rel_BTR80_K2BlackPanther_20260205T223915Z_164_c_d	http://example.org/stkg/time	"2026-02-05T22:39:15Z"^^<http://www.w3.org/2001/XMLSchema#dateTime>
http://example.org/stkg/id/obs_rel_K2BlackPanther_BTR80_20260205T223915Z_164_d_c	http://www.w3.org/1999/02/22-rdf-syntax-ns#type	http://example.org/stkg/id/SpatialRelationObservation
http://example.org/stkg/id/obs_rel_K2BlackPanther_BTR80_20260205T223915Z_164_d_c	http://example.org/stkg/subjectEntity	http://example.org/stkg/id/platform_K2BlackPanther
http://example.org/stkg/id/obs_rel_K2BlackPanther_BTR80_20260205T223915Z_164_d_c	http://example.org/stkg/objectEntity	http://example.org/stkg/id/platform_BTR80
http://example.org/stkg/id/obs_rel_K2BlackPanther_BTR80_20260205T223915Z_164_d_c	http://example.org/stkg/relationType	http://example.org/stkg/id/relation_ahead_of
http://example.org/stkg/id/obs_rel_K2BlackPanther_BTR80_20260205T223915Z_164_d_c	http://example.org/stkg/time	"2026-02-05T22:39:15Z"^^<http://www.w3.org/2001/XMLSchema#dateTime>
http://example.org/stkg/id/obs_rel_K2BlackPanther_T90_20260205T223915Z_164_d_e	http://www.w3.org/1999/02/22-rdf-syntax-ns#type	http://example.org/stkg/id/SpatialRelationObservation
http://example.org/stkg/id/obs_rel_K2BlackPanther_T90_20260205T223915Z_164_d_e	http://example.org/stkg/subjectEntity	http://example.org/stkg/id/platform_K2BlackPanther
http://example.org/stkg/id/obs_rel_K2BlackPanther_T90_20260205T223915Z_164_d_e	http://example.org/stkg/objectEntity	http://example.org/stkg/id/platform_T90
http://example.org/stkg/id/obs_rel_K2BlackPanther_T90_20260205T223915Z_164_d_e	http://example.org/stkg/relationType	http://example.org/stkg/id/relation_behind_of
http://example.org/stkg/id/obs_rel_K2BlackPanther_T90_20260205T223915Z_164_d_e	http://example.org/stkg/time	"2026-02-05T22:39:15Z"^^<http://www.w3.org/2001/XMLSchema#dateTime>
http://example.org/stkg/id/obs_rel_T90_K2BlackPanther_20260205T223915Z_164_e_d	http://www.w3.org/1999/02/22-rdf-syntax-ns#type	http://example.org/stkg/id/SpatialRelationObservation
http://example.org/stkg/id/obs_rel_T90_K2BlackPanther_20260205T223915Z_164_e_d	http://example.org/stkg/subjectEntity	http://example.org/stkg/id/platform_T90
http://example.org/stkg/id/obs_rel_T90_K2BlackPanther_20260205T223915Z_164_e_d	http://example.org/stkg/objectEntity	http://example.org/stkg/id/platform_K2BlackPanther
http://example.org/stkg/id/obs_rel_T90_K2BlackPanther_20260205T223915Z_164_e_d	http://example.org/stkg/relationType	http://example.org/stkg/id/relation_ahead_of
http://example.org/stkg/id/obs_rel_T90_K2BlackPanther_20260205T223915Z_164_e_d	http://example.org/stkg/time	"2026-02-05T22:39:15Z"^^<http://www.w3.org/2001/XMLSchema#dateTime>
http://example.org/stkg/id/obs_rel_BTR80_T90_20260205T223915Z_164_c_e	http://www.w3.org/1999/02/22-rdf-syntax-ns#type	http://example.org/stkg/id/SpatialRelationObservation
http://example.org/stkg/id/obs_rel_BTR80_T90_20260205T223915Z_164_c_e	http://example.org/stkg/subjectEntity	http://example.org/stkg/id/platform_BTR80
http://example.org/stkg/id/obs_rel_BTR80_T90_20260205T223915Z_164_c_e	http://example.org/stkg/objectEntity	http://example.org/stkg/id/platform_T90
http://example.org/stkg/id/obs_rel_BTR80_T90_20260205T223915Z_164_c_e	http://example.org/stkg/relationType	http://example.org/stkg/id/relation_behind_of
http://example.org/stkg/id/obs_rel_BTR80_T90_20260205T223915Z_164_c_e	http://example.org/stkg/time	"2026-02-05T22:39:15Z"^^<http://www.w3.org/2001/XMLSchema#dateTime>
http://example.org/stkg/id/obs_rel_T90_BTR80_20260205T223915Z_164_e_c	http://www.w3.org/1999/02/22-rdf-syntax-ns#type	http://example.org/stkg/id/SpatialRelationObservation
http://example.org/stkg/id/obs_rel_T90_BTR80_20260205T223915Z_164_e_c	http://example.org/stkg/subjectEntity	http://example.org/stkg/id/platform_T90
http://example.org/stkg/id/obs_rel_T90_BTR80_20260205T223915Z_164_e_c	http://example.org/stkg/objectEntity	http://example.org/stkg/id/platform_BTR80
http://example.org/stkg/id/obs_rel_T90_BTR80_20260205T223915Z_164_e_c	http://example.org/stkg/relationType	http://example.org/stkg/id/relation_ahead_of
http://example.org/stkg/id/obs_rel_T90_BTR80_20260205T223915Z_164_e_c	http://example.org/stkg/time	"2026-02-05T22:39:15Z"^^<http://www.w3.org/2001/XMLSchema#dateTime>
http://example.org/stkg/id/obs_rel_BTR80_K2BlackPanther_20260205T223916Z_165_c_d	http://www.w3.org/1999/02/22-rdf-syntax-ns#type	http://example.org/stkg/id/SpatialRelationObservation
http://example.org/stkg/id/obs_rel_BTR80_K2BlackPanther_20260205T223916Z_165_c_d	http://example.org/stkg/subjectEntity	http://example.org/stkg/id/platform_BTR80
http://example.org/stkg/id/obs_rel_BTR80_K2BlackPanther_20260205T223916Z_165_c_d	http://example.org/stkg/objectEntity	http://example.org/stkg/id/platform_K2BlackPanther
http://example.org/stkg/id/obs_rel_BTR80_K2BlackPanther_20260205T223916Z_165_c_d	http://example.org/stkg/relationType	http://example.org/stkg/id/relation_behind_of
http://example.org/stkg/id/obs_rel_BTR80_K2BlackPanther_20260205T223916Z_165_c_d	http://example.org/stkg/time	"2026-02-05T22:39:16Z"^^<http://www.w3.org/2001/XMLSchema#dateTime>
http://example.org/stkg/id/obs_rel_K2BlackPanther_BTR80_20260205T223916Z_165_d_c	http://www.w3.org/1999/02/22-rdf-syntax-ns#type	http://example.org/stkg/id/SpatialRelationObservation
http://example.org/stkg/id/obs_rel_K2BlackPanther_BTR80_20260205T223916Z_165_d_c	http://example.org/stkg/subjectEntity	http://example.org/stkg/id/platform_K2BlackPanther
http://example.org/stkg/id/obs_rel_K2BlackPanther_BTR80_20260205T223916Z_165_d_c	http://example.org/stkg/objectEntity	http://example.org/stkg/id/platform_BTR80
http://example.org/stkg/id/obs_rel_K2BlackPanther_BTR80_20260205T223916Z_165_d_c	http://example.org/stkg/relationType	http://example.org/stkg/id/relation_ahead_of
http://example.org/stkg/id/obs_rel_K2BlackPanther_BTR80_20260205T223916Z_165_d_c	http://example.org/stkg/time	"2026-02-05T22:39:16Z"^^<http://www.w3.org/2001/XMLSchema#dateTime>
http://example.org/stkg/id/obs_rel_K2BlackPanther_T90_20260205T223916Z_165_d_e	http://www.w3.org/1999/02/22-rdf-syntax-ns#type	http://example.org/stkg/id/SpatialRelationObservation
http://example.org/stkg/id/obs_rel_K2BlackPanther_T90_20260205T223916Z_165_d_e	http://example.org/stkg/subjectEntity	http://example.org/stkg/id/platform_K2BlackPanther
http://example.org/stkg/id/obs_rel_K2BlackPanther_T90_20260205T223916Z_165_d_e	http://example.org/stkg/objectEntity	http://example.org/stkg/id/platform_T90
http://example.org/stkg/id/obs_rel_K2BlackPanther_T90_20260205T223916Z_165_d_e	http://example.org/stkg/relationType	http://example.org/stkg/id/relation_behind_of
http://example.org/stkg/id/obs_rel_K2BlackPanther_T90_20260205T223916Z_165_d_e	http://example.org/stkg/time	"2026-02-05T22:39:16Z"^^<http://www.w3.org/2001/XMLSchema#dateTime>
http://example.org/stkg/id/obs_rel_T90_K2BlackPanther_20260205T223916Z_165_e_d	http://www.w3.org/1999/02/22-rdf-syntax-ns#type	http://example.org/stkg/id/SpatialRelationObservation
http://example.org/stkg/id/obs_rel_T90_K2BlackPanther_20260205T223916Z_165_e_d	http://example.org/stkg/subjectEntity	http://example.org/stkg/id/platform_T90
http://example.org/stkg/id/obs_rel_T90_K2BlackPanther_20260205T223916Z_165_e_d	http://example.org/stkg/objectEntity	http://example.org/stkg/id/platform_K2BlackPanther
http://example.org/stkg/id/obs_rel_T90_K2BlackPanther_20260205T223916Z_165_e_d	http://example.org/stkg/relationType	http://example.org/stkg/id/relation_ahead_of
http://example.org/stkg/id/obs_rel_T90_K2BlackPanther_20260205T223916Z_165_e_d	http://example.org/stkg/time	"2026-02-05T22:39:16Z"^^<http://www.w3.org/2001/XMLSchema#dateTime>
http://example.org/stkg/id/obs_rel_BTR80_T90_20260205T223916Z_165_c_e	http://www.w3.org/1999/02/22-rdf-syntax-ns#type	http://example.org/stkg/id/SpatialRelationObservation
http://example.org/stkg/id/obs_rel_BTR80_T90_20260205T223916Z_165_c_e	http://example.org/stkg/subjectEntity	http://example.org/stkg/id/platform_BTR80
http://example.org/stkg/id/obs_rel_BTR80_T90_20260205T223916Z_165_c_e	http://example.org/stkg/objectEntity	http://example.org/stkg/id/platform_T90
http://example.org/stkg/id/obs_rel_BTR80_T90_20260205T223916Z_165_c_e	http://example.org/stkg/relationType	http://example.org/stkg/id/relation_behind_of
http://example.org/stkg/id/obs_rel_BTR80_T90_20260205T223916Z_165_c_e	http://example.org/stkg/time	"2026-02-05T22:39:16Z"^^<http://www.w3.org/2001/XMLSchema#dateTime>
http://example.org/stkg/id/obs_rel_T90_BTR80_20260205T223916Z_165_e_c	http://www.w3.org/1999/02/22-rdf-syntax-ns#type	http://example.org/stkg/id/SpatialRelationObservation
http://example.org/stkg/id/obs_rel_T90_BTR80_20260205T223916Z_165_e_c	http://example.org/stkg/subjectEntity	http://example.org/stkg/id/platform_T90
http://example.org/stkg/id/obs_rel_T90_BTR80_20260205T223916Z_165_e_c	http://example.org/stkg/objectEntity	http://example.org/stkg/id/platform_BTR80
http://example.org/stkg/id/obs_rel_T90_BTR80_20260205T223916Z_165_e_c	http://example.org/stkg/relationType	http://example.org/stkg/id/relation_ahead_of
http://example.org/stkg/id/obs_rel_T90_BTR80_20260205T223916Z_165_e_c	http://example.org/stkg/time	"2026-02-05T22:39:16Z"^^<http://www.w3.org/2001/XMLSchema#dateTime>
http://example.org/stkg/id/obs_rel_BTR80_K2BlackPanther_20260205T223917Z_166_c_d	http://www.w3.org/1999/02/22-rdf-syntax-ns#type	http://example.org/stkg/id/SpatialRelationObservation
http://example.org/stkg/id/obs_rel_BTR80_K2BlackPanther_20260205T223917Z_166_c_d	http://example.org/stkg/subjectEntity	http://example.org/stkg/id/platform_BTR80
http://example.org/stkg/id/obs_rel_BTR80_K2BlackPanther_20260205T223917Z_166_c_d	http://example.org/stkg/objectEntity	http://example.org/stkg/id/platform_K2BlackPanther
http://example.org/stkg/id/obs_rel_BTR80_K2BlackPanther_20260205T223917Z_166_c_d	http://example.org/stkg/relationType	http://example.org/stkg/id/relation_behind_of
http://example.org/stkg/id/obs_rel_BTR80_K2BlackPanther_20260205T223917Z_166_c_d	http://example.org/stkg/time	"2026-02-05T22:39:17Z"^^<http://www.w3.org/2001/XMLSchema#dateTime>
http://example.org/stkg/id/obs_rel_K2BlackPanther_BTR80_20260205T223917Z_166_d_c	http://www.w3.org/1999/02/22-rdf-syntax-ns#type	http://example.org/stkg/id/SpatialRelationObservation
http://example.org/stkg/id/obs_rel_K2BlackPanther_BTR80_20260205T223917Z_166_d_c	http://example.org/stkg/subjectEntity	http://example.org/stkg/id/platform_K2BlackPanther
http://example.org/stkg/id/obs_rel_K2BlackPanther_BTR80_20260205T223917Z_166_d_c	http://example.org/stkg/objectEntity	http://example.org/stkg/id/platform_BTR80
http://example.org/stkg/id/obs_rel_K2BlackPanther_BTR80_20260205T223917Z_166_d_c	http://example.org/stkg/relationType	http://example.org/stkg/id/relation_ahead_of
http://example.org/stkg/id/obs_rel_K2BlackPanther_BTR80_20260205T223917Z_166_d_c	http://example.org/stkg/time	"2026-02-05T22:39:17Z"^^<http://www.w3.org/2001/XMLSchema#dateTime>
http://example.org/stkg/id/obs_rel_K2BlackPanther_T90_20260205T223917Z_166_d_e	http://www.w3.org/1999/02/22-rdf-syntax-ns#type	http://example.org/stkg/id/SpatialRelationObservation
http://example.org/stkg/id/obs_rel_K2BlackPanther_T90_20260205T223917Z_166_d_e	http://example.org/stkg/subjectEntity	http://example.org/stkg/id/platform_K2BlackPanther
http://example.org/stkg/id/obs_rel_K2BlackPanther_T90_20260205T223917Z_166_d_e	http://example.org/stkg/objectEntity	http://example.org/stkg/id/platform_T90
http://example.org/stkg/id/obs_rel_K2BlackPanther_T90_20260205T223917Z_166_d_e	http://example.org/stkg/relationType	http://example.org/stkg/id/relation_behind_of
http://example.org/stkg/id/obs_rel_K2BlackPanther_T90_20260205T223917Z_166_d_e	http://example.org/stkg/time	"2026-02-05T22:39:17Z"^^<http://www.w3.org/2001/XMLSchema#dateTime>
http://example.org/stkg/id/obs_rel_T90_K2BlackPanther_20260205T223917Z_166_e_d	http://www.w3.org/1999/02/22-rdf-syntax-ns#type	http://example.org/stkg/id/SpatialRelationObservation
http://example.org/stkg/id/obs_rel_T90_K2BlackPanther_20260205T223917Z_166_e_d	http://example.org/stkg/subjectEntity	http://example.org/stkg/id/platform_T90
http://example.org/stkg/id/obs_rel_T90_K2BlackPanther_20260205T223917Z_166_e_d	http://example.org/stkg/objectEntity	http://example.org/stkg/id/platform_K2BlackPanther
http://example.org/stkg/id/obs_rel_T90_K2BlackPanther_20260205T223917Z_166_e_d	http://example.org/stkg/relationType	http://example.org/stkg/id/relation_ahead_of
http://example.org/stkg/id/obs_rel_T90_K2BlackPanther_20260205T223917Z_166_e_d	http://example.org/stkg/time	"2026-02-05T22:39:17Z"^^<http://www.w3.org/2001/XMLSchema#dateTime>
http://example.org/stkg/id/obs_rel_BTR80_T90_20260205T223917Z_166_c_e	http://www.w3.org/1999/02/22-rdf-syntax-ns#type	http://example.org/stkg/id/SpatialRelationObservation
http://example.org/stkg/id/obs_rel_BTR80_T90_20260205T223917Z_166_c_e	http://example.org/stkg/subjectEntity	http://example.org/stkg/id/platform_BTR80
http://example.org/stkg/id/obs_rel_BTR80_T90_20260205T223917Z_166_c_e	http://example.org/stkg/objectEntity	http://example.org/stkg/id/platform_T90
http://example.org/stkg/id/obs_rel_BTR80_T90_20260205T223917Z_166_c_e	http://example.org/stkg/relationType	http://example.org/stkg/id/relation_behind_of
http://example.org/stkg/id/obs_rel_BTR80_T90_20260205T223917Z_166_c_e	http://example.org/stkg/time	"2026-02-05T22:39:17Z"^^<http://www.w3.org/2001/XMLSchema#dateTime>
http://example.org/stkg/id/obs_rel_T90_BTR80_20260205T223917Z_166_e_c	http://www.w3.org/1999/02/22-rdf-syntax-ns#type	http://example.org/stkg/id/SpatialRelationObservation
http://example.org/stkg/id/obs_rel_T90_BTR80_20260205T223917Z_166_e_c	http://example.org/stkg/subjectEntity	http://example.org/stkg/id/platform_T90
http://example.org/stkg/id/obs_rel_T90_BTR80_20260205T223917Z_166_e_c	http://example.org/stkg/objectEntity	http://example.org/stkg/id/platform_BTR80
http://example.org/stkg/id/obs_rel_T90_BTR80_20260205T223917Z_166_e_c	http://example.org/stkg/relationType	http://example.org/stkg/id/relation_ahead_of
http://example.org/stkg/id/obs_rel_T90_BTR80_20260205T223917Z_166_e_c	http://example.org/stkg/time	"2026-02-05T22:39:17Z"^^<http://www.w3.org/2001/XMLSchema#dateTime>
http://example.org/stkg/id/obs_rel_BTR80_K2BlackPanther_20260205T223918Z_167_c_d	http://www.w3.org/1999/02/22-rdf-syntax-ns#type	http://example.org/stkg/id/SpatialRelationObservation
http://example.org/stkg/id/obs_rel_BTR80_K2BlackPanther_20260205T223918Z_167_c_d	http://example.org/stkg/subjectEntity	http://example.org/stkg/id/platform_BTR80
http://example.org/stkg/id/obs_rel_BTR80_K2BlackPanther_20260205T223918Z_167_c_d	http://example.org/stkg/objectEntity	http://example.org/stkg/id/platform_K2BlackPanther
http://example.org/stkg/id/obs_rel_BTR80_K2BlackPanther_20260205T223918Z_167_c_d	http://example.org/stkg/relationType	http://example.org/stkg/id/relation_behind_of
http://example.org/stkg/id/obs_rel_BTR80_K2BlackPanther_20260205T223918Z_167_c_d	http://example.org/stkg/time	"2026-02-05T22:39:18Z"^^<http://www.w3.org/2001/XMLSchema#dateTime>
http://example.org/stkg/id/obs_rel_K2BlackPanther_BTR80_20260205T223918Z_167_d_c	http://www.w3.org/1999/02/22-rdf-syntax-ns#type	http://example.org/stkg/id/SpatialRelationObservation
http://example.org/stkg/id/obs_rel_K2BlackPanther_BTR80_20260205T223918Z_167_d_c	http://example.org/stkg/subjectEntity	http://example.org/stkg/id/platform_K2BlackPanther
http://example.org/stkg/id/obs_rel_K2BlackPanther_BTR80_20260205T223918Z_167_d_c	http://example.org/stkg/objectEntity	http://example.org/stkg/id/platform_BTR80
http://example.org/stkg/id/obs_rel_K2BlackPanther_BTR80_20260205T223918Z_167_d_c	http://example.org/stkg/relationType	http://example.org/stkg/id/relation_ahead_of
http://example.org/stkg/id/obs_rel_K2BlackPanther_BTR80_20260205T223918Z_167_d_c	http://example.org/stkg/time	"2026-02-05T22:39:18Z"^^<http://www.w3.org/2001/XMLSchema#dateTime>
http://example.org/stkg/id/obs_rel_K2BlackPanther_T90_20260205T223918Z_167_d_e	http://www.w3.org/1999/02/22-rdf-syntax-ns#type	http://example.org/stkg/id/SpatialRelationObservation
http://example.org/stkg/id/obs_rel_K2BlackPanther_T90_20260205T223918Z_167_d_e	http://example.org/stkg/subjectEntity	http://example.org/stkg/id/platform_K2BlackPanther
http://example.org/stkg/id/obs_rel_K2BlackPanther_T90_20260205T223918Z_167_d_e	http://example.org/stkg/objectEntity	http://example.org/stkg/id/platform_T90
http://example.org/stkg/id/obs_rel_K2BlackPanther_T90_20260205T223918Z_167_d_e	http://example.org/stkg/relationType	http://example.org/stkg/id/relation_behind_of
http://example.org/stkg/id/obs_rel_K2BlackPanther_T90_20260205T223918Z_167_d_e	http://example.org/stkg/time	"2026-02-05T22:39:18Z"^^<http://www.w3.org/2001/XMLSchema#dateTime>
http://example.org/stkg/id/obs_rel_T90_K2BlackPanther_20260205T223918Z_167_e_d	http://www.w3.org/1999/02/22-rdf-syntax-ns#type	http://example.org/stkg/id/SpatialRelationObservation
http://example.org/stkg/id/obs_rel_T90_K2BlackPanther_20260205T223918Z_167_e_d	http://example.org/stkg/subjectEntity	http://example.org/stkg/id/platform_T90
http://example.org/stkg/id/obs_rel_T90_K2BlackPanther_20260205T223918Z_167_e_d	http://example.org/stkg/objectEntity	http://example.org/stkg/id/platform_K2BlackPanther
http://example.org/stkg/id/obs_rel_T90_K2BlackPanther_20260205T223918Z_167_e_d	http://example.org/stkg/relationType	http://example.org/stkg/id/relation_ahead_of
http://example.org/stkg/id/obs_rel_T90_K2BlackPanther_20260205T223918Z_167_e_d	http://example.org/stkg/time	"2026-02-05T22:39:18Z"^^<http://www.w3.org/2001/XMLSchema#dateTime>
http://example.org/stkg/id/obs_rel_BTR80_T90_20260205T223918Z_167_c_e	http://www.w3.org/1999/02/22-rdf-syntax-ns#type	http://example.org/stkg/id/SpatialRelationObservation
http://example.org/stkg/id/obs_rel_BTR80_T90_20260205T223918Z_167_c_e	http://example.org/stkg/subjectEntity	http://example.org/stkg/id/platform_BTR80
http://example.org/stkg/id/obs_rel_BTR80_T90_20260205T223918Z_167_c_e	http://example.org/stkg/objectEntity	http://example.org/stkg/id/platform_T90
http://example.org/stkg/id/obs_rel_BTR80_T90_20260205T223918Z_167_c_e	http://example.org/stkg/relationType	http://example.org/stkg/id/relation_behind_of
http://example.org/stkg/id/obs_rel_BTR80_T90_20260205T223918Z_167_c_e	http://example.org/stkg/time	"2026-02-05T22:39:18Z"^^<http://www.w3.org/2001/XMLSchema#dateTime>
http://example.org/stkg/id/obs_rel_T90_BTR80_20260205T223918Z_167_e_c	http://www.w3.org/1999/02/22-rdf-syntax-ns#type	http://example.org/stkg/id/SpatialRelationObservation
http://example.org/stkg/id/obs_rel_T90_BTR80_20260205T223918Z_167_e_c	http://example.org/stkg/subjectEntity	http://example.org/stkg/id/platform_T90
http://example.org/stkg/id/obs_rel_T90_BTR80_20260205T223918Z_167_e_c	http://example.org/stkg/objectEntity	http://example.org/stkg/id/platform_BTR80
http://example.org/stkg/id/obs_rel_T90_BTR80_20260205T223918Z_167_e_c	http://example.org/stkg/relationType	http://example.org/stkg/id/relation_ahead_of
http://example.org/stkg/id/obs_rel_T90_BTR80_20260205T223918Z_167_e_c	http://example.org/stkg/time	"2026-02-05T22:39:18Z"^^<http://www.w3.org/2001/XMLSchema#dateTime>
http://example.org/stkg/id/obs_rel_BTR80_K2BlackPanther_20260205T223919Z_168_c_d	http://www.w3.org/1999/02/22-rdf-syntax-ns#type	http://example.org/stkg/id/SpatialRelationObservation
http://example.org/stkg/id/obs_rel_BTR80_K2BlackPanther_20260205T223919Z_168_c_d	http://example.org/stkg/subjectEntity	http://example.org/stkg/id/platform_BTR80
http://example.org/stkg/id/obs_rel_BTR80_K2BlackPanther_20260205T223919Z_168_c_d	http://example.org/stkg/objectEntity	http://example.org/stkg/id/platform_K2BlackPanther
http://example.org/stkg/id/obs_rel_BTR80_K2BlackPanther_20260205T223919Z_168_c_d	http://example.org/stkg/relationType	http://example.org/stkg/id/relation_behind_of
http://example.org/stkg/id/obs_rel_BTR80_K2BlackPanther_20260205T223919Z_168_c_d	http://example.org/stkg/time	"2026-02-05T22:39:19Z"^^<http://www.w3.org/2001/XMLSchema#dateTime>
http://example.org/stkg/id/obs_rel_K2BlackPanther_BTR80_20260205T223919Z_168_d_c	http://www.w3.org/1999/02/22-rdf-syntax-ns#type	http://example.org/stkg/id/SpatialRelationObservation
http://example.org/stkg/id/obs_rel_K2BlackPanther_BTR80_20260205T223919Z_168_d_c	http://example.org/stkg/subjectEntity	http://example.org/stkg/id/platform_K2BlackPanther
http://example.org/stkg/id/obs_rel_K2BlackPanther_BTR80_20260205T223919Z_168_d_c	http://example.org/stkg/objectEntity	http://example.org/stkg/id/platform_BTR80
http://example.org/stkg/id/obs_rel_K2BlackPanther_BTR80_20260205T223919Z_168_d_c	http://example.org/stkg/relationType	http://example.org/stkg/id/relation_ahead_of
http://example.org/stkg/id/obs_rel_K2BlackPanther_BTR80_20260205T223919Z_168_d_c	http://example.org/stkg/time	"2026-02-05T22:39:19Z"^^<http://www.w3.org/2001/XMLSchema#dateTime>
http://example.org/stkg/id/obs_rel_K2BlackPanther_T90_20260205T223919Z_168_d_e	http://www.w3.org/1999/02/22-rdf-syntax-ns#type	http://example.org/stkg/id/SpatialRelationObservation
http://example.org/stkg/id/obs_rel_K2BlackPanther_T90_20260205T223919Z_168_d_e	http://example.org/stkg/subjectEntity	http://example.org/stkg/id/platform_K2BlackPanther
http://example.org/stkg/id/obs_rel_K2BlackPanther_T90_20260205T223919Z_168_d_e	http://example.org/stkg/objectEntity	http://example.org/stkg/id/platform_T90
http://example.org/stkg/id/obs_rel_K2BlackPanther_T90_20260205T223919Z_168_d_e	http://example.org/stkg/relationType	http://example.org/stkg/id/relation_behind_of
http://example.org/stkg/id/obs_rel_K2BlackPanther_T90_20260205T223919Z_168_d_e	http://example.org/stkg/time	"2026-02-05T22:39:19Z"^^<http://www.w3.org/2001/XMLSchema#dateTime>
http://example.org/stkg/id/obs_rel_T90_K2BlackPanther_20260205T223919Z_168_e_d	http://www.w3.org/1999/02/22-rdf-syntax-ns#type	http://example.org/stkg/id/SpatialRelationObservation
http://example.org/stkg/id/obs_rel_T90_K2BlackPanther_20260205T223919Z_168_e_d	http://example.org/stkg/subjectEntity	http://example.org/stkg/id/platform_T90
http://example.org/stkg/id/obs_rel_T90_K2BlackPanther_20260205T223919Z_168_e_d	http://example.org/stkg/objectEntity	http://example.org/stkg/id/platform_K2BlackPanther
http://example.org/stkg/id/obs_rel_T90_K2BlackPanther_20260205T223919Z_168_e_d	http://example.org/stkg/relationType	http://example.org/stkg/id/relation_ahead_of
http://example.org/stkg/id/obs_rel_T90_K2BlackPanther_20260205T223919Z_168_e_d	http://example.org/stkg/time	"2026-02-05T22:39:19Z"^^<http://www.w3.org/2001/XMLSchema#dateTime>
http://example.org/stkg/id/obs_rel_BTR80_T90_20260205T223919Z_168_c_e	http://www.w3.org/1999/02/22-rdf-syntax-ns#type	http://example.org/stkg/id/SpatialRelationObservation
http://example.org/stkg/id/obs_rel_BTR80_T90_20260205T223919Z_168_c_e	http://example.org/stkg/subjectEntity	http://example.org/stkg/id/platform_BTR80
http://example.org/stkg/id/obs_rel_BTR80_T90_20260205T223919Z_168_c_e	http://example.org/stkg/objectEntity	http://example.org/stkg/id/platform_T90
http://example.org/stkg/id/obs_rel_BTR80_T90_20260205T223919Z_168_c_e	http://example.org/stkg/relationType	http://example.org/stkg/id/relation_behind_of
http://example.org/stkg/id/obs_rel_BTR80_T90_20260205T223919Z_168_c_e	http://example.org/stkg/time	"2026-02-05T22:39:19Z"^^<http://www.w3.org/2001/XMLSchema#dateTime>
http://example.org/stkg/id/obs_rel_T90_BTR80_20260205T223919Z_168_e_c	http://www.w3.org/1999/02/22-rdf-syntax-ns#type	http://example.org/stkg/id/SpatialRelationObservation
http://example.org/stkg/id/obs_rel_T90_BTR80_20260205T223919Z_168_e_c	http://example.org/stkg/subjectEntity	http://example.org/stkg/id/platform_T90
http://example.org/stkg/id/obs_rel_T90_BTR80_20260205T223919Z_168_e_c	http://example.org/stkg/objectEntity	http://example.org/stkg/id/platform_BTR80
http://example.org/stkg/id/obs_rel_T90_BTR80_20260205T223919Z_168_e_c	http://example.org/stkg/relationType	http://example.org/stkg/id/relation_ahead_of
http://example.org/stkg/id/obs_rel_T90_BTR80_20260205T223919Z_168_e_c	http://example.org/stkg/time	"2026-02-05T22:39:19Z"^^<http://www.w3.org/2001/XMLSchema#dateTime>
http://example.org/stkg/id/obs_rel_BTR80_K2BlackPanther_20260205T223920Z_169_c_d	http://www.w3.org/1999/02/22-rdf-syntax-ns#type	http://example.org/stkg/id/SpatialRelationObservation
http://example.org/stkg/id/obs_rel_BTR80_K2BlackPanther_20260205T223920Z_169_c_d	http://example.org/stkg/subjectEntity	http://example.org/stkg/id/platform_BTR80
http://example.org/stkg/id/obs_rel_BTR80_K2BlackPanther_20260205T223920Z_169_c_d	http://example.org/stkg/objectEntity	http://example.org/stkg/id/platform_K2BlackPanther
http://example.org/stkg/id/obs_rel_BTR80_K2BlackPanther_20260205T223920Z_169_c_d	http://example.org/stkg/relationType	http://example.org/stkg/id/relation_behind_of
http://example.org/stkg/id/obs_rel_BTR80_K2BlackPanther_20260205T223920Z_169_c_d	http://example.org/stkg/time	"2026-02-05T22:39:20Z"^^<http://www.w3.org/2001/XMLSchema#dateTime>
http://example.org/stkg/id/obs_rel_K2BlackPanther_BTR80_20260205T223920Z_169_d_c	http://www.w3.org/1999/02/22-rdf-syntax-ns#type	http://example.org/stkg/id/SpatialRelationObservation
http://example.org/stkg/id/obs_rel_K2BlackPanther_BTR80_20260205T223920Z_169_d_c	http://example.org/stkg/subjectEntity	http://example.org/stkg/id/platform_K2BlackPanther
http://example.org/stkg/id/obs_rel_K2BlackPanther_BTR80_20260205T223920Z_169_d_c	http://example.org/stkg/objectEntity	http://example.org/stkg/id/platform_BTR80
http://example.org/stkg/id/obs_rel_K2BlackPanther_BTR80_20260205T223920Z_169_d_c	http://example.org/stkg/relationType	http://example.org/stkg/id/relation_ahead_of
http://example.org/stkg/id/obs_rel_K2BlackPanther_BTR80_20260205T223920Z_169_d_c	http://example.org/stkg/time	"2026-02-05T22:39:20Z"^^<http://www.w3.org/2001/XMLSchema#dateTime>
http://example.org/stkg/id/obs_rel_K2BlackPanther_T90_20260205T223920Z_169_d_e	http://www.w3.org/1999/02/22-rdf-syntax-ns#type	http://example.org/stkg/id/SpatialRelationObservation
http://example.org/stkg/id/obs_rel_K2BlackPanther_T90_20260205T223920Z_169_d_e	http://example.org/stkg/subjectEntity	http://example.org/stkg/id/platform_K2BlackPanther
http://example.org/stkg/id/obs_rel_K2BlackPanther_T90_20260205T223920Z_169_d_e	http://example.org/stkg/objectEntity	http://example.org/stkg/id/platform_T90
http://example.org/stkg/id/obs_rel_K2BlackPanther_T90_20260205T223920Z_169_d_e	http://example.org/stkg/relationType	http://example.org/stkg/id/relation_behind_of
http://example.org/stkg/id/obs_rel_K2BlackPanther_T90_20260205T223920Z_169_d_e	http://example.org/stkg/time	"2026-02-05T22:39:20Z"^^<http://www.w3.org/2001/XMLSchema#dateTime>
http://example.org/stkg/id/obs_rel_T90_K2BlackPanther_20260205T223920Z_169_e_d	http://www.w3.org/1999/02/22-rdf-syntax-ns#type	http://example.org/stkg/id/SpatialRelationObservation
http://example.org/stkg/id/obs_rel_T90_K2BlackPanther_20260205T223920Z_169_e_d	http://example.org/stkg/subjectEntity	http://example.org/stkg/id/platform_T90
http://example.org/stkg/id/obs_rel_T90_K2BlackPanther_20260205T223920Z_169_e_d	http://example.org/stkg/objectEntity	http://example.org/stkg/id/platform_K2BlackPanther
http://example.org/stkg/id/obs_rel_T90_K2BlackPanther_20260205T223920Z_169_e_d	http://example.org/stkg/relationType	http://example.org/stkg/id/relation_ahead_of
http://example.org/stkg/id/obs_rel_T90_K2BlackPanther_20260205T223920Z_169_e_d	http://example.org/stkg/time	"2026-02-05T22:39:20Z"^^<http://www.w3.org/2001/XMLSchema#dateTime>
http://example.org/stkg/id/obs_rel_BTR80_T90_20260205T223920Z_169_c_e	http://www.w3.org/1999/02/22-rdf-syntax-ns#type	http://example.org/stkg/id/SpatialRelationObservation
http://example.org/stkg/id/obs_rel_BTR80_T90_20260205T223920Z_169_c_e	http://example.org/stkg/subjectEntity	http://example.org/stkg/id/platform_BTR80
http://example.org/stkg/id/obs_rel_BTR80_T90_20260205T223920Z_169_c_e	http://example.org/stkg/objectEntity	http://example.org/stkg/id/platform_T90
http://example.org/stkg/id/obs_rel_BTR80_T90_20260205T223920Z_169_c_e	http://example.org/stkg/relationType	http://example.org/stkg/id/relation_behind_of
http://example.org/stkg/id/obs_rel_BTR80_T90_20260205T223920Z_169_c_e	http://example.org/stkg/time	"2026-02-05T22:39:20Z"^^<http://www.w3.org/2001/XMLSchema#dateTime>
http://example.org/stkg/id/obs_rel_T90_BTR80_20260205T223920Z_169_e_c	http://www.w3.org/1999/02/22-rdf-syntax-ns#type	http://example.org/stkg/id/SpatialRelationObservation
http://example.org/stkg/id/obs_rel_T90_BTR80_20260205T223920Z_169_e_c	http://example.org/stkg/subjectEntity	http://example.org/stkg/id/platform_T90
http://example.org/stkg/id/obs_rel_T90_BTR80_20260205T223920Z_169_e_c	http://example.org/stkg/objectEntity	http://example.org/stkg/id/platform_BTR80
http://example.org/stkg/id/obs_rel_T90_BTR80_20260205T223920Z_169_e_c	http://example.org/stkg/relationType	http://example.org/stkg/id/relation_ahead_of
http://example.org/stkg/id/obs_rel_T90_BTR80_20260205T223920Z_169_e_c	http://example.org/stkg/time	"2026-02-05T22:39:20Z"^^<http://www.w3.org/2001/XMLSchema#dateTime>
http://example.org/stkg/id/obs_rel_BTR80_K2BlackPanther_20260205T223921Z_170_c_d	http://www.w3.org/1999/02/22-rdf-syntax-ns#type	http://example.org/stkg/id/SpatialRelationObservation
http://example.org/stkg/id/obs_rel_BTR80_K2BlackPanther_20260205T223921Z_170_c_d	http://example.org/stkg/subjectEntity	http://example.org/stkg/id/platform_BTR80
http://example.org/stkg/id/obs_rel_BTR80_K2BlackPanther_20260205T223921Z_170_c_d	http://example.org/stkg/objectEntity	http://example.org/stkg/id/platform_K2BlackPanther
http://example.org/stkg/id/obs_rel_BTR80_K2BlackPanther_20260205T223921Z_170_c_d	http://example.org/stkg/relationType	http://example.org/stkg/id/relation_behind_of
http://example.org/stkg/id/obs_rel_BTR80_K2BlackPanther_20260205T223921Z_170_c_d	http://example.org/stkg/time	"2026-02-05T22:39:21Z"^^<http://www.w3.org/2001/XMLSchema#dateTime>
http://example.org/stkg/id/obs_rel_K2BlackPanther_BTR80_20260205T223921Z_170_d_c	http://www.w3.org/1999/02/22-rdf-syntax-ns#type	http://example.org/stkg/id/SpatialRelationObservation
http://example.org/stkg/id/obs_rel_K2BlackPanther_BTR80_20260205T223921Z_170_d_c	http://example.org/stkg/subjectEntity	http://example.org/stkg/id/platform_K2BlackPanther
http://example.org/stkg/id/obs_rel_K2BlackPanther_BTR80_20260205T223921Z_170_d_c	http://example.org/stkg/objectEntity	http://example.org/stkg/id/platform_BTR80
http://example.org/stkg/id/obs_rel_K2BlackPanther_BTR80_20260205T223921Z_170_d_c	http://example.org/stkg/relationType	http://example.org/stkg/id/relation_ahead_of
http://example.org/stkg/id/obs_rel_K2BlackPanther_BTR80_20260205T223921Z_170_d_c	http://example.org/stkg/time	"2026-02-05T22:39:21Z"^^<http://www.w3.org/2001/XMLSchema#dateTime>
http://example.org/stkg/id/obs_rel_K2BlackPanther_T90_20260205T223921Z_170_d_e	http://www.w3.org/1999/02/22-rdf-syntax-ns#type	http://example.org/stkg/id/SpatialRelationObservation
http://example.org/stkg/id/obs_rel_K2BlackPanther_T90_20260205T223921Z_170_d_e	http://example.org/stkg/subjectEntity	http://example.org/stkg/id/platform_K2BlackPanther
http://example.org/stkg/id/obs_rel_K2BlackPanther_T90_20260205T223921Z_170_d_e	http://example.org/stkg/objectEntity	http://example.org/stkg/id/platform_T90
http://example.org/stkg/id/obs_rel_K2BlackPanther_T90_20260205T223921Z_170_d_e	http://example.org/stkg/relationType	http://example.org/stkg/id/relation_behind_of
http://example.org/stkg/id/obs_rel_K2BlackPanther_T90_20260205T223921Z_170_d_e	http://example.org/stkg/time	"2026-02-05T22:39:21Z"^^<http://www.w3.org/2001/XMLSchema#dateTime>
http://example.org/stkg/id/obs_rel_T90_K2BlackPanther_20260205T223921Z_170_e_d	http://www.w3.org/1999/02/22-rdf-syntax-ns#type	http://example.org/stkg/id/SpatialRelationObservation
http://example.org/stkg/id/obs_rel_T90_K2BlackPanther_20260205T223921Z_170_e_d	http://example.org/stkg/subjectEntity	http://example.org/stkg/id/platform_T90
http://example.org/stkg/id/obs_rel_T90_K2BlackPanther_20260205T223921Z_170_e_d	http://example.org/stkg/objectEntity	http://example.org/stkg/id/platform_K2BlackPanther
http://example.org/stkg/id/obs_rel_T90_K2BlackPanther_20260205T223921Z_170_e_d	http://example.org/stkg/relationType	http://example.org/stkg/id/relation_ahead_of
http://example.org/stkg/id/obs_rel_T90_K2BlackPanther_20260205T223921Z_170_e_d	http://example.org/stkg/time	"2026-02-05T22:39:21Z"^^<http://www.w3.org/2001/XMLSchema#dateTime>
http://example.org/stkg/id/obs_rel_BTR80_T90_20260205T223921Z_170_c_e	http://www.w3.org/1999/02/22-rdf-syntax-ns#type	http://example.org/stkg/id/SpatialRelationObservation
http://example.org/stkg/id/obs_rel_BTR80_T90_20260205T223921Z_170_c_e	http://example.org/stkg/subjectEntity	http://example.org/stkg/id/platform_BTR80
http://example.org/stkg/id/obs_rel_BTR80_T90_20260205T223921Z_170_c_e	http://example.org/stkg/objectEntity	http://example.org/stkg/id/platform_T90
http://example.org/stkg/id/obs_rel_BTR80_T90_20260205T223921Z_170_c_e	http://example.org/stkg/relationType	http://example.org/stkg/id/relation_behind_of
http://example.org/stkg/id/obs_rel_BTR80_T90_20260205T223921Z_170_c_e	http://example.org/stkg/time	"2026-02-05T22:39:21Z"^^<http://www.w3.org/2001/XMLSchema#dateTime>
http://example.org/stkg/id/obs_rel_T90_BTR80_20260205T223921Z_170_e_c	http://www.w3.org/1999/02/22-rdf-syntax-ns#type	http://example.org/stkg/id/SpatialRelationObservation
http://example.org/stkg/id/obs_rel_T90_BTR80_20260205T223921Z_170_e_c	http://example.org/stkg/subjectEntity	http://example.org/stkg/id/platform_T90
http://example.org/stkg/id/obs_rel_T90_BTR80_20260205T223921Z_170_e_c	http://example.org/stkg/objectEntity	http://example.org/stkg/id/platform_BTR80
http://example.org/stkg/id/obs_rel_T90_BTR80_20260205T223921Z_170_e_c	http://example.org/stkg/relationType	http://example.org/stkg/id/relation_ahead_of
http://example.org/stkg/id/obs_rel_T90_BTR80_20260205T223921Z_170_e_c	http://example.org/stkg/time	"2026-02-05T22:39:21Z"^^<http://www.w3.org/2001/XMLSchema#dateTime>
http://example.org/stkg/id/obs_rel_BTR80_K2BlackPanther_20260205T223922Z_171_c_d	http://www.w3.org/1999/02/22-rdf-syntax-ns#type	http://example.org/stkg/id/SpatialRelationObservation
http://example.org/stkg/id/obs_rel_BTR80_K2BlackPanther_20260205T223922Z_171_c_d	http://example.org/stkg/subjectEntity	http://example.org/stkg/id/platform_BTR80
http://example.org/stkg/id/obs_rel_BTR80_K2BlackPanther_20260205T223922Z_171_c_d	http://example.org/stkg/objectEntity	http://example.org/stkg/id/platform_K2BlackPanther
http://example.org/stkg/id/obs_rel_BTR80_K2BlackPanther_20260205T223922Z_171_c_d	http://example.org/stkg/relationType	http://example.org/stkg/id/relation_behind_of
http://example.org/stkg/id/obs_rel_BTR80_K2BlackPanther_20260205T223922Z_171_c_d	http://example.org/stkg/time	"2026-02-05T22:39:22Z"^^<http://www.w3.org/2001/XMLSchema#dateTime>
http://example.org/stkg/id/obs_rel_K2BlackPanther_BTR80_20260205T223922Z_171_d_c	http://www.w3.org/1999/02/22-rdf-syntax-ns#type	http://example.org/stkg/id/SpatialRelationObservation
http://example.org/stkg/id/obs_rel_K2BlackPanther_BTR80_20260205T223922Z_171_d_c	http://example.org/stkg/subjectEntity	http://example.org/stkg/id/platform_K2BlackPanther
http://example.org/stkg/id/obs_rel_K2BlackPanther_BTR80_20260205T223922Z_171_d_c	http://example.org/stkg/objectEntity	http://example.org/stkg/id/platform_BTR80
http://example.org/stkg/id/obs_rel_K2BlackPanther_BTR80_20260205T223922Z_171_d_c	http://example.org/stkg/relationType	http://example.org/stkg/id/relation_ahead_of
http://example.org/stkg/id/obs_rel_K2BlackPanther_BTR80_20260205T223922Z_171_d_c	http://example.org/stkg/time	"2026-02-05T22:39:22Z"^^<http://www.w3.org/2001/XMLSchema#dateTime>
http://example.org/stkg/id/obs_rel_K2BlackPanther_T90_20260205T223922Z_171_d_e	http://www.w3.org/1999/02/22-rdf-syntax-ns#type	http://example.org/stkg/id/SpatialRelationObservation
http://example.org/stkg/id/obs_rel_K2BlackPanther_T90_20260205T223922Z_171_d_e	http://example.org/stkg/subjectEntity	http://example.org/stkg/id/platform_K2BlackPanther
http://example.org/stkg/id/obs_rel_K2BlackPanther_T90_20260205T223922Z_171_d_e	http://example.org/stkg/objectEntity	http://example.org/stkg/id/platform_T90
http://example.org/stkg/id/obs_rel_K2BlackPanther_T90_20260205T223922Z_171_d_e	http://example.org/stkg/relationType	http://example.org/stkg/id/relation_behind_of
http://example.org/stkg/id/obs_rel_K2BlackPanther_T90_20260205T223922Z_171_d_e	http://example.org/stkg/time	"2026-02-05T22:39:22Z"^^<http://www.w3.org/2001/XMLSchema#dateTime>
http://example.org/stkg/id/obs_rel_T90_K2BlackPanther_20260205T223922Z_171_e_d	http://www.w3.org/1999/02/22-rdf-syntax-ns#type	http://example.org/stkg/id/SpatialRelationObservation
http://example.org/stkg/id/obs_rel_T90_K2BlackPanther_20260205T223922Z_171_e_d	http://example.org/stkg/subjectEntity	http://example.org/stkg/id/platform_T90
http://example.org/stkg/id/obs_rel_T90_K2BlackPanther_20260205T223922Z_171_e_d	http://example.org/stkg/objectEntity	http://example.org/stkg/id/platform_K2BlackPanther
http://example.org/stkg/id/obs_rel_T90_K2BlackPanther_20260205T223922Z_171_e_d	http://example.org/stkg/relationType	http://example.org/stkg/id/relation_ahead_of
http://example.org/stkg/id/obs_rel_T90_K2BlackPanther_20260205T223922Z_171_e_d	http://example.org/stkg/time	"2026-02-05T22:39:22Z"^^<http://www.w3.org/2001/XMLSchema#dateTime>
http://example.org/stkg/id/obs_rel_BTR80_T90_20260205T223922Z_171_c_e	http://www.w3.org/1999/02/22-rdf-syntax-ns#type	http://example.org/stkg/id/SpatialRelationObservation
http://example.org/stkg/id/obs_rel_BTR80_T90_20260205T223922Z_171_c_e	http://example.org/stkg/subjectEntity	http://example.org/stkg/id/platform_BTR80
http://example.org/stkg/id/obs_rel_BTR80_T90_20260205T223922Z_171_c_e	http://example.org/stkg/objectEntity	http://example.org/stkg/id/platform_T90
http://example.org/stkg/id/obs_rel_BTR80_T90_20260205T223922Z_171_c_e	http://example.org/stkg/relationType	http://example.org/stkg/id/relation_behind_of
http://example.org/stkg/id/obs_rel_BTR80_T90_20260205T223922Z_171_c_e	http://example.org/stkg/time	"2026-02-05T22:39:22Z"^^<http://www.w3.org/2001/XMLSchema#dateTime>
http://example.org/stkg/id/obs_rel_T90_BTR80_20260205T223922Z_171_e_c	http://www.w3.org/1999/02/22-rdf-syntax-ns#type	http://example.org/stkg/id/SpatialRelationObservation
http://example.org/stkg/id/obs_rel_T90_BTR80_20260205T223922Z_171_e_c	http://example.org/stkg/subjectEntity	http://example.org/stkg/id/platform_T90
http://example.org/stkg/id/obs_rel_T90_BTR80_20260205T223922Z_171_e_c	http://example.org/stkg/objectEntity	http://example.org/stkg/id/platform_BTR80
http://example.org/stkg/id/obs_rel_T90_BTR80_20260205T223922Z_171_e_c	http://example.org/stkg/relationType	http://example.org/stkg/id/relation_ahead_of
http://example.org/stkg/id/obs_rel_T90_BTR80_20260205T223922Z_171_e_c	http://example.org/stkg/time	"2026-02-05T22:39:22Z"^^<http://www.w3.org/2001/XMLSchema#dateTime>
http://example.org/stkg/id/obs_rel_BTR80_K2BlackPanther_20260205T223923Z_172_c_d	http://www.w3.org/1999/02/22-rdf-syntax-ns#type	http://example.org/stkg/id/SpatialRelationObservation
http://example.org/stkg/id/obs_rel_BTR80_K2BlackPanther_20260205T223923Z_172_c_d	http://example.org/stkg/subjectEntity	http://example.org/stkg/id/platform_BTR80
http://example.org/stkg/id/obs_rel_BTR80_K2BlackPanther_20260205T223923Z_172_c_d	http://example.org/stkg/objectEntity	http://example.org/stkg/id/platform_K2BlackPanther
http://example.org/stkg/id/obs_rel_BTR80_K2BlackPanther_20260205T223923Z_172_c_d	http://example.org/stkg/relationType	http://example.org/stkg/id/relation_behind_of
http://example.org/stkg/id/obs_rel_BTR80_K2BlackPanther_20260205T223923Z_172_c_d	http://example.org/stkg/time	"2026-02-05T22:39:23Z"^^<http://www.w3.org/2001/XMLSchema#dateTime>
http://example.org/stkg/id/obs_rel_K2BlackPanther_BTR80_20260205T223923Z_172_d_c	http://www.w3.org/1999/02/22-rdf-syntax-ns#type	http://example.org/stkg/id/SpatialRelationObservation
http://example.org/stkg/id/obs_rel_K2BlackPanther_BTR80_20260205T223923Z_172_d_c	http://example.org/stkg/subjectEntity	http://example.org/stkg/id/platform_K2BlackPanther
http://example.org/stkg/id/obs_rel_K2BlackPanther_BTR80_20260205T223923Z_172_d_c	http://example.org/stkg/objectEntity	http://example.org/stkg/id/platform_BTR80
http://example.org/stkg/id/obs_rel_K2BlackPanther_BTR80_20260205T223923Z_172_d_c	http://example.org/stkg/relationType	http://example.org/stkg/id/relation_ahead_of
http://example.org/stkg/id/obs_rel_K2BlackPanther_BTR80_20260205T223923Z_172_d_c	http://example.org/stkg/time	"2026-02-05T22:39:23Z"^^<http://www.w3.org/2001/XMLSchema#dateTime>
http://example.org/stkg/id/obs_rel_K2BlackPanther_T90_20260205T223923Z_172_d_e	http://www.w3.org/1999/02/22-rdf-syntax-ns#type	http://example.org/stkg/id/SpatialRelationObservation
http://example.org/stkg/id/obs_rel_K2BlackPanther_T90_20260205T223923Z_172_d_e	http://example.org/stkg/subjectEntity	http://example.org/stkg/id/platform_K2BlackPanther
http://example.org/stkg/id/obs_rel_K2BlackPanther_T90_20260205T223923Z_172_d_e	http://example.org/stkg/objectEntity	http://example.org/stkg/id/platform_T90
http://example.org/stkg/id/obs_rel_K2BlackPanther_T90_20260205T223923Z_172_d_e	http://example.org/stkg/relationType	http://example.org/stkg/id/relation_behind_of
http://example.org/stkg/id/obs_rel_K2BlackPanther_T90_20260205T223923Z_172_d_e	http://example.org/stkg/time	"2026-02-05T22:39:23Z"^^<http://www.w3.org/2001/XMLSchema#dateTime>
http://example.org/stkg/id/obs_rel_T90_K2BlackPanther_20260205T223923Z_172_e_d	http://www.w3.org/1999/02/22-rdf-syntax-ns#type	http://example.org/stkg/id/SpatialRelationObservation
http://example.org/stkg/id/obs_rel_T90_K2BlackPanther_20260205T223923Z_172_e_d	http://example.org/stkg/subjectEntity	http://example.org/stkg/id/platform_T90
http://example.org/stkg/id/obs_rel_T90_K2BlackPanther_20260205T223923Z_172_e_d	http://example.org/stkg/objectEntity	http://example.org/stkg/id/platform_K2BlackPanther
http://example.org/stkg/id/obs_rel_T90_K2BlackPanther_20260205T223923Z_172_e_d	http://example.org/stkg/relationType	http://example.org/stkg/id/relation_ahead_of
http://example.org/stkg/id/obs_rel_T90_K2BlackPanther_20260205T223923Z_172_e_d	http://example.org/stkg/time	"2026-02-05T22:39:23Z"^^<http://www.w3.org/2001/XMLSchema#dateTime>
http://example.org/stkg/id/obs_rel_BTR80_T90_20260205T223923Z_172_c_e	http://www.w3.org/1999/02/22-rdf-syntax-ns#type	http://example.org/stkg/id/SpatialRelationObservation
http://example.org/stkg/id/obs_rel_BTR80_T90_20260205T223923Z_172_c_e	http://example.org/stkg/subjectEntity	http://example.org/stkg/id/platform_BTR80
http://example.org/stkg/id/obs_rel_BTR80_T90_20260205T223923Z_172_c_e	http://example.org/stkg/objectEntity	http://example.org/stkg/id/platform_T90
http://example.org/stkg/id/obs_rel_BTR80_T90_20260205T223923Z_172_c_e	http://example.org/stkg/relationType	http://example.org/stkg/id/relation_behind_of
http://example.org/stkg/id/obs_rel_BTR80_T90_20260205T223923Z_172_c_e	http://example.org/stkg/time	"2026-02-05T22:39:23Z"^^<http://www.w3.org/2001/XMLSchema#dateTime>
http://example.org/stkg/id/obs_rel_T90_BTR80_20260205T223923Z_172_e_c	http://www.w3.org/1999/02/22-rdf-syntax-ns#type	http://example.org/stkg/id/SpatialRelationObservation
http://example.org/stkg/id/obs_rel_T90_BTR80_20260205T223923Z_172_e_c	http://example.org/stkg/subjectEntity	http://example.org/stkg/id/platform_T90
http://example.org/stkg/id/obs_rel_T90_BTR80_20260205T223923Z_172_e_c	http://example.org/stkg/objectEntity	http://example.org/stkg/id/platform_BTR80
http://example.org/stkg/id/obs_rel_T90_BTR80_20260205T223923Z_172_e_c	http://example.org/stkg/relationType	http://example.org/stkg/id/relation_ahead_of
http://example.org/stkg/id/obs_rel_T90_BTR80_20260205T223923Z_172_e_c	http://example.org/stkg/time	"2026-02-05T22:39:23Z"^^<http://www.w3.org/2001/XMLSchema#dateTime>
http://example.org/stkg/id/obs_rel_BTR80_K2BlackPanther_20260205T223924Z_173_c_d	http://www.w3.org/1999/02/22-rdf-syntax-ns#type	http://example.org/stkg/id/SpatialRelationObservation
http://example.org/stkg/id/obs_rel_BTR80_K2BlackPanther_20260205T223924Z_173_c_d	http://example.org/stkg/subjectEntity	http://example.org/stkg/id/platform_BTR80
http://example.org/stkg/id/obs_rel_BTR80_K2BlackPanther_20260205T223924Z_173_c_d	http://example.org/stkg/objectEntity	http://example.org/stkg/id/platform_K2BlackPanther
http://example.org/stkg/id/obs_rel_BTR80_K2BlackPanther_20260205T223924Z_173_c_d	http://example.org/stkg/relationType	http://example.org/stkg/id/relation_behind_of
http://example.org/stkg/id/obs_rel_BTR80_K2BlackPanther_20260205T223924Z_173_c_d	http://example.org/stkg/time	"2026-02-05T22:39:24Z"^^<http://www.w3.org/2001/XMLSchema#dateTime>
http://example.org/stkg/id/obs_rel_K2BlackPanther_BTR80_20260205T223924Z_173_d_c	http://www.w3.org/1999/02/22-rdf-syntax-ns#type	http://example.org/stkg/id/SpatialRelationObservation
http://example.org/stkg/id/obs_rel_K2BlackPanther_BTR80_20260205T223924Z_173_d_c	http://example.org/stkg/subjectEntity	http://example.org/stkg/id/platform_K2BlackPanther
http://example.org/stkg/id/obs_rel_K2BlackPanther_BTR80_20260205T223924Z_173_d_c	http://example.org/stkg/objectEntity	http://example.org/stkg/id/platform_BTR80
http://example.org/stkg/id/obs_rel_K2BlackPanther_BTR80_20260205T223924Z_173_d_c	http://example.org/stkg/relationType	http://example.org/stkg/id/relation_ahead_of
http://example.org/stkg/id/obs_rel_K2BlackPanther_BTR80_20260205T223924Z_173_d_c	http://example.org/stkg/time	"2026-02-05T22:39:24Z"^^<http://www.w3.org/2001/XMLSchema#dateTime>
http://example.org/stkg/id/obs_rel_K2BlackPanther_T90_20260205T223924Z_173_d_e	http://www.w3.org/1999/02/22-rdf-syntax-ns#type	http://example.org/stkg/id/SpatialRelationObservation
http://example.org/stkg/id/obs_rel_K2BlackPanther_T90_20260205T223924Z_173_d_e	http://example.org/stkg/subjectEntity	http://example.org/stkg/id/platform_K2BlackPanther
http://example.org/stkg/id/obs_rel_K2BlackPanther_T90_20260205T223924Z_173_d_e	http://example.org/stkg/objectEntity	http://example.org/stkg/id/platform_T90
http://example.org/stkg/id/obs_rel_K2BlackPanther_T90_20260205T223924Z_173_d_e	http://example.org/stkg/relationType	http://example.org/stkg/id/relation_behind_of
http://example.org/stkg/id/obs_rel_K2BlackPanther_T90_20260205T223924Z_173_d_e	http://example.org/stkg/time	"2026-02-05T22:39:24Z"^^<http://www.w3.org/2001/XMLSchema#dateTime>
http://example.org/stkg/id/obs_rel_T90_K2BlackPanther_20260205T223924Z_173_e_d	http://www.w3.org/1999/02/22-rdf-syntax-ns#type	http://example.org/stkg/id/SpatialRelationObservation
http://example.org/stkg/id/obs_rel_T90_K2BlackPanther_20260205T223924Z_173_e_d	http://example.org/stkg/subjectEntity	http://example.org/stkg/id/platform_T90
http://example.org/stkg/id/obs_rel_T90_K2BlackPanther_20260205T223924Z_173_e_d	http://example.org/stkg/objectEntity	http://example.org/stkg/id/platform_K2BlackPanther
http://example.org/stkg/id/obs_rel_T90_K2BlackPanther_20260205T223924Z_173_e_d	http://example.org/stkg/relationType	http://example.org/stkg/id/relation_ahead_of
http://example.org/stkg/id/obs_rel_T90_K2BlackPanther_20260205T223924Z_173_e_d	http://example.org/stkg/time	"2026-02-05T22:39:24Z"^^<http://www.w3.org/2001/XMLSchema#dateTime>
http://example.org/stkg/id/obs_rel_BTR80_T90_20260205T223924Z_173_c_e	http://www.w3.org/1999/02/22-rdf-syntax-ns#type	http://example.org/stkg/id/SpatialRelationObservation
http://example.org/stkg/id/obs_rel_BTR80_T90_20260205T223924Z_173_c_e	http://example.org/stkg/subjectEntity	http://example.org/stkg/id/platform_BTR80
http://example.org/stkg/id/obs_rel_BTR80_T90_20260205T223924Z_173_c_e	http://example.org/stkg/objectEntity	http://example.org/stkg/id/platform_T90
http://example.org/stkg/id/obs_rel_BTR80_T90_20260205T223924Z_173_c_e	http://example.org/stkg/relationType	http://example.org/stkg/id/relation_behind_of
http://example.org/stkg/id/obs_rel_BTR80_T90_20260205T223924Z_173_c_e	http://example.org/stkg/time	"2026-02-05T22:39:24Z"^^<http://www.w3.org/2001/XMLSchema#dateTime>
http://example.org/stkg/id/obs_rel_T90_BTR80_20260205T223924Z_173_e_c	http://www.w3.org/1999/02/22-rdf-syntax-ns#type	http://example.org/stkg/id/SpatialRelationObservation
http://example.org/stkg/id/obs_rel_T90_BTR80_20260205T223924Z_173_e_c	http://example.org/stkg/subjectEntity	http://example.org/stkg/id/platform_T90
http://example.org/stkg/id/obs_rel_T90_BTR80_20260205T223924Z_173_e_c	http://example.org/stkg/objectEntity	http://example.org/stkg/id/platform_BTR80
http://example.org/stkg/id/obs_rel_T90_BTR80_20260205T223924Z_173_e_c	http://example.org/stkg/relationType	http://example.org/stkg/id/relation_ahead_of
http://example.org/stkg/id/obs_rel_T90_BTR80_20260205T223924Z_173_e_c	http://example.org/stkg/time	"2026-02-05T22:39:24Z"^^<http://www.w3.org/2001/XMLSchema#dateTime>
http://example.org/stkg/id/obs_rel_BTR80_K2BlackPanther_20260205T223925Z_174_c_d	http://www.w3.org/1999/02/22-rdf-syntax-ns#type	http://example.org/stkg/id/SpatialRelationObservation
http://example.org/stkg/id/obs_rel_BTR80_K2BlackPanther_20260205T223925Z_174_c_d	http://example.org/stkg/subjectEntity	http://example.org/stkg/id/platform_BTR80
http://example.org/stkg/id/obs_rel_BTR80_K2BlackPanther_20260205T223925Z_174_c_d	http://example.org/stkg/objectEntity	http://example.org/stkg/id/platform_K2BlackPanther
http://example.org/stkg/id/obs_rel_BTR80_K2BlackPanther_20260205T223925Z_174_c_d	http://example.org/stkg/relationType	http://example.org/stkg/id/relation_behind_of
http://example.org/stkg/id/obs_rel_BTR80_K2BlackPanther_20260205T223925Z_174_c_d	http://example.org/stkg/time	"2026-02-05T22:39:25Z"^^<http://www.w3.org/2001/XMLSchema#dateTime>
http://example.org/stkg/id/obs_rel_K2BlackPanther_BTR80_20260205T223925Z_174_d_c	http://www.w3.org/1999/02/22-rdf-syntax-ns#type	http://example.org/stkg/id/SpatialRelationObservation
http://example.org/stkg/id/obs_rel_K2BlackPanther_BTR80_20260205T223925Z_174_d_c	http://example.org/stkg/subjectEntity	http://example.org/stkg/id/platform_K2BlackPanther
http://example.org/stkg/id/obs_rel_K2BlackPanther_BTR80_20260205T223925Z_174_d_c	http://example.org/stkg/objectEntity	http://example.org/stkg/id/platform_BTR80
http://example.org/stkg/id/obs_rel_K2BlackPanther_BTR80_20260205T223925Z_174_d_c	http://example.org/stkg/relationType	http://example.org/stkg/id/relation_ahead_of
http://example.org/stkg/id/obs_rel_K2BlackPanther_BTR80_20260205T223925Z_174_d_c	http://example.org/stkg/time	"2026-02-05T22:39:25Z"^^<http://www.w3.org/2001/XMLSchema#dateTime>
http://example.org/stkg/id/obs_rel_K2BlackPanther_T90_20260205T223925Z_174_d_e	http://www.w3.org/1999/02/22-rdf-syntax-ns#type	http://example.org/stkg/id/SpatialRelationObservation
http://example.org/stkg/id/obs_rel_K2BlackPanther_T90_20260205T223925Z_174_d_e	http://example.org/stkg/subjectEntity	http://example.org/stkg/id/platform_K2BlackPanther
http://example.org/stkg/id/obs_rel_K2BlackPanther_T90_20260205T223925Z_174_d_e	http://example.org/stkg/objectEntity	http://example.org/stkg/id/platform_T90
http://example.org/stkg/id/obs_rel_K2BlackPanther_T90_20260205T223925Z_174_d_e	http://example.org/stkg/relationType	http://example.org/stkg/id/relation_behind_of
http://example.org/stkg/id/obs_rel_K2BlackPanther_T90_20260205T223925Z_174_d_e	http://example.org/stkg/time	"2026-02-05T22:39:25Z"^^<http://www.w3.org/2001/XMLSchema#dateTime>
http://example.org/stkg/id/obs_rel_T90_K2BlackPanther_20260205T223925Z_174_e_d	http://www.w3.org/1999/02/22-rdf-syntax-ns#type	http://example.org/stkg/id/SpatialRelationObservation
http://example.org/stkg/id/obs_rel_T90_K2BlackPanther_20260205T223925Z_174_e_d	http://example.org/stkg/subjectEntity	http://example.org/stkg/id/platform_T90
http://example.org/stkg/id/obs_rel_T90_K2BlackPanther_20260205T223925Z_174_e_d	http://example.org/stkg/objectEntity	http://example.org/stkg/id/platform_K2BlackPanther
http://example.org/stkg/id/obs_rel_T90_K2BlackPanther_20260205T223925Z_174_e_d	http://example.org/stkg/relationType	http://example.org/stkg/id/relation_ahead_of
http://example.org/stkg/id/obs_rel_T90_K2BlackPanther_20260205T223925Z_174_e_d	http://example.org/stkg/time	"2026-02-05T22:39:25Z"^^<http://www.w3.org/2001/XMLSchema#dateTime>
http://example.org/stkg/id/obs_rel_BTR80_T90_20260205T223925Z_174_c_e	http://www.w3.org/1999/02/22-rdf-syntax-ns#type	http://example.org/stkg/id/SpatialRelationObservation
http://example.org/stkg/id/obs_rel_BTR80_T90_20260205T223925Z_174_c_e	http://example.org/stkg/subjectEntity	http://example.org/stkg/id/platform_BTR80
http://example.org/stkg/id/obs_rel_BTR80_T90_20260205T223925Z_174_c_e	http://example.org/stkg/objectEntity	http://example.org/stkg/id/platform_T90
http://example.org/stkg/id/obs_rel_BTR80_T90_20260205T223925Z_174_c_e	http://example.org/stkg/relationType	http://example.org/stkg/id/relation_behind_of
http://example.org/stkg/id/obs_rel_BTR80_T90_20260205T223925Z_174_c_e	http://example.org/stkg/time	"2026-02-05T22:39:25Z"^^<http://www.w3.org/2001/XMLSchema#dateTime>
http://example.org/stkg/id/obs_rel_T90_BTR80_20260205T223925Z_174_e_c	http://www.w3.org/1999/02/22-rdf-syntax-ns#type	http://example.org/stkg/id/SpatialRelationObservation
http://example.org/stkg/id/obs_rel_T90_BTR80_20260205T223925Z_174_e_c	http://example.org/stkg/subjectEntity	http://example.org/stkg/id/platform_T90
http://example.org/stkg/id/obs_rel_T90_BTR80_20260205T223925Z_174_e_c	http://example.org/stkg/objectEntity	http://example.org/stkg/id/platform_BTR80
http://example.org/stkg/id/obs_rel_T90_BTR80_20260205T223925Z_174_e_c	http://example.org/stkg/relationType	http://example.org/stkg/id/relation_ahead_of
http://example.org/stkg/id/obs_rel_T90_BTR80_20260205T223925Z_174_e_c	http://example.org/stkg/time	"2026-02-05T22:39:25Z"^^<http://www.w3.org/2001/XMLSchema#dateTime>
http://example.org/stkg/id/obs_rel_BTR80_K2BlackPanther_20260205T223926Z_175_c_d	http://www.w3.org/1999/02/22-rdf-syntax-ns#type	http://example.org/stkg/id/SpatialRelationObservation
http://example.org/stkg/id/obs_rel_BTR80_K2BlackPanther_20260205T223926Z_175_c_d	http://example.org/stkg/subjectEntity	http://example.org/stkg/id/platform_BTR80
http://example.org/stkg/id/obs_rel_BTR80_K2BlackPanther_20260205T223926Z_175_c_d	http://example.org/stkg/objectEntity	http://example.org/stkg/id/platform_K2BlackPanther
http://example.org/stkg/id/obs_rel_BTR80_K2BlackPanther_20260205T223926Z_175_c_d	http://example.org/stkg/relationType	http://example.org/stkg/id/relation_behind_of
http://example.org/stkg/id/obs_rel_BTR80_K2BlackPanther_20260205T223926Z_175_c_d	http://example.org/stkg/time	"2026-02-05T22:39:26Z"^^<http://www.w3.org/2001/XMLSchema#dateTime>
http://example.org/stkg/id/obs_rel_K2BlackPanther_BTR80_20260205T223926Z_175_d_c	http://www.w3.org/1999/02/22-rdf-syntax-ns#type	http://example.org/stkg/id/SpatialRelationObservation
http://example.org/stkg/id/obs_rel_K2BlackPanther_BTR80_20260205T223926Z_175_d_c	http://example.org/stkg/subjectEntity	http://example.org/stkg/id/platform_K2BlackPanther
http://example.org/stkg/id/obs_rel_K2BlackPanther_BTR80_20260205T223926Z_175_d_c	http://example.org/stkg/objectEntity	http://example.org/stkg/id/platform_BTR80
http://example.org/stkg/id/obs_rel_K2BlackPanther_BTR80_20260205T223926Z_175_d_c	http://example.org/stkg/relationType	http://example.org/stkg/id/relation_ahead_of
http://example.org/stkg/id/obs_rel_K2BlackPanther_BTR80_20260205T223926Z_175_d_c	http://example.org/stkg/time	"2026-02-05T22:39:26Z"^^<http://www.w3.org/2001/XMLSchema#dateTime>
http://example.org/stkg/id/obs_rel_K2BlackPanther_T90_20260205T223926Z_175_d_e	http://www.w3.org/1999/02/22-rdf-syntax-ns#type	http://example.org/stkg/id/SpatialRelationObservation
http://example.org/stkg/id/obs_rel_K2BlackPanther_T90_20260205T223926Z_175_d_e	http://example.org/stkg/subjectEntity	http://example.org/stkg/id/platform_K2BlackPanther
http://example.org/stkg/id/obs_rel_K2BlackPanther_T90_20260205T223926Z_175_d_e	http://example.org/stkg/objectEntity	http://example.org/stkg/id/platform_T90
http://example.org/stkg/id/obs_rel_K2BlackPanther_T90_20260205T223926Z_175_d_e	http://example.org/stkg/relationType	http://example.org/stkg/id/relation_behind_of
http://example.org/stkg/id/obs_rel_K2BlackPanther_T90_20260205T223926Z_175_d_e	http://example.org/stkg/time	"2026-02-05T22:39:26Z"^^<http://www.w3.org/2001/XMLSchema#dateTime>
http://example.org/stkg/id/obs_rel_T90_K2BlackPanther_20260205T223926Z_175_e_d	http://www.w3.org/1999/02/22-rdf-syntax-ns#type	http://example.org/stkg/id/SpatialRelationObservation
http://example.org/stkg/id/obs_rel_T90_K2BlackPanther_20260205T223926Z_175_e_d	http://example.org/stkg/subjectEntity	http://example.org/stkg/id/platform_T90
http://example.org/stkg/id/obs_rel_T90_K2BlackPanther_20260205T223926Z_175_e_d	http://example.org/stkg/objectEntity	http://example.org/stkg/id/platform_K2BlackPanther
http://example.org/stkg/id/obs_rel_T90_K2BlackPanther_20260205T223926Z_175_e_d	http://example.org/stkg/relationType	http://example.org/stkg/id/relation_ahead_of
http://example.org/stkg/id/obs_rel_T90_K2BlackPanther_20260205T223926Z_175_e_d	http://example.org/stkg/time	"2026-02-05T22:39:26Z"^^<http://www.w3.org/2001/XMLSchema#dateTime>
http://example.org/stkg/id/obs_rel_BTR80_T90_20260205T223926Z_175_c_e	http://www.w3.org/1999/02/22-rdf-syntax-ns#type	http://example.org/stkg/id/SpatialRelationObservation
http://example.org/stkg/id/obs_rel_BTR80_T90_20260205T223926Z_175_c_e	http://example.org/stkg/subjectEntity	http://example.org/stkg/id/platform_BTR80
http://example.org/stkg/id/obs_rel_BTR80_T90_20260205T223926Z_175_c_e	http://example.org/stkg/objectEntity	http://example.org/stkg/id/platform_T90
http://example.org/stkg/id/obs_rel_BTR80_T90_20260205T223926Z_175_c_e	http://example.org/stkg/relationType	http://example.org/stkg/id/relation_behind_of
http://example.org/stkg/id/obs_rel_BTR80_T90_20260205T223926Z_175_c_e	http://example.org/stkg/time	"2026-02-05T22:39:26Z"^^<http://www.w3.org/2001/XMLSchema#dateTime>
http://example.org/stkg/id/obs_rel_T90_BTR80_20260205T223926Z_175_e_c	http://www.w3.org/1999/02/22-rdf-syntax-ns#type	http://example.org/stkg/id/SpatialRelationObservation
http://example.org/stkg/id/obs_rel_T90_BTR80_20260205T223926Z_175_e_c	http://example.org/stkg/subjectEntity	http://example.org/stkg/id/platform_T90
http://example.org/stkg/id/obs_rel_T90_BTR80_20260205T223926Z_175_e_c	http://example.org/stkg/objectEntity	http://example.org/stkg/id/platform_BTR80
http://example.org/stkg/id/obs_rel_T90_BTR80_20260205T223926Z_175_e_c	http://example.org/stkg/relationType	http://example.org/stkg/id/relation_ahead_of
http://example.org/stkg/id/obs_rel_T90_BTR80_20260205T223926Z_175_e_c	http://example.org/stkg/time	"2026-02-05T22:39:26Z"^^<http://www.w3.org/2001/XMLSchema#dateTime>
http://example.org/stkg/id/obs_rel_BTR80_K2BlackPanther_20260205T223927Z_176_c_d	http://www.w3.org/1999/02/22-rdf-syntax-ns#type	http://example.org/stkg/id/SpatialRelationObservation
http://example.org/stkg/id/obs_rel_BTR80_K2BlackPanther_20260205T223927Z_176_c_d	http://example.org/stkg/subjectEntity	http://example.org/stkg/id/platform_BTR80
http://example.org/stkg/id/obs_rel_BTR80_K2BlackPanther_20260205T223927Z_176_c_d	http://example.org/stkg/objectEntity	http://example.org/stkg/id/platform_K2BlackPanther
http://example.org/stkg/id/obs_rel_BTR80_K2BlackPanther_20260205T223927Z_176_c_d	http://example.org/stkg/relationType	http://example.org/stkg/id/relation_behind_of
http://example.org/stkg/id/obs_rel_BTR80_K2BlackPanther_20260205T223927Z_176_c_d	http://example.org/stkg/time	"2026-02-05T22:39:27Z"^^<http://www.w3.org/2001/XMLSchema#dateTime>
http://example.org/stkg/id/obs_rel_K2BlackPanther_BTR80_20260205T223927Z_176_d_c	http://www.w3.org/1999/02/22-rdf-syntax-ns#type	http://example.org/stkg/id/SpatialRelationObservation
http://example.org/stkg/id/obs_rel_K2BlackPanther_BTR80_20260205T223927Z_176_d_c	http://example.org/stkg/subjectEntity	http://example.org/stkg/id/platform_K2BlackPanther
http://example.org/stkg/id/obs_rel_K2BlackPanther_BTR80_20260205T223927Z_176_d_c	http://example.org/stkg/objectEntity	http://example.org/stkg/id/platform_BTR80
http://example.org/stkg/id/obs_rel_K2BlackPanther_BTR80_20260205T223927Z_176_d_c	http://example.org/stkg/relationType	http://example.org/stkg/id/relation_ahead_of
http://example.org/stkg/id/obs_rel_K2BlackPanther_BTR80_20260205T223927Z_176_d_c	http://example.org/stkg/time	"2026-02-05T22:39:27Z"^^<http://www.w3.org/2001/XMLSchema#dateTime>
http://example.org/stkg/id/obs_rel_K2BlackPanther_T90_20260205T223927Z_176_d_e	http://www.w3.org/1999/02/22-rdf-syntax-ns#type	http://example.org/stkg/id/SpatialRelationObservation
http://example.org/stkg/id/obs_rel_K2BlackPanther_T90_20260205T223927Z_176_d_e	http://example.org/stkg/subjectEntity	http://example.org/stkg/id/platform_K2BlackPanther
http://example.org/stkg/id/obs_rel_K2BlackPanther_T90_20260205T223927Z_176_d_e	http://example.org/stkg/objectEntity	http://example.org/stkg/id/platform_T90
http://example.org/stkg/id/obs_rel_K2BlackPanther_T90_20260205T223927Z_176_d_e	http://example.org/stkg/relationType	http://example.org/stkg/id/relation_behind_of
http://example.org/stkg/id/obs_rel_K2BlackPanther_T90_20260205T223927Z_176_d_e	http://example.org/stkg/time	"2026-02-05T22:39:27Z"^^<http://www.w3.org/2001/XMLSchema#dateTime>
http://example.org/stkg/id/obs_rel_T90_K2BlackPanther_20260205T223927Z_176_e_d	http://www.w3.org/1999/02/22-rdf-syntax-ns#type	http://example.org/stkg/id/SpatialRelationObservation
http://example.org/stkg/id/obs_rel_T90_K2BlackPanther_20260205T223927Z_176_e_d	http://example.org/stkg/subjectEntity	http://example.org/stkg/id/platform_T90
http://example.org/stkg/id/obs_rel_T90_K2BlackPanther_20260205T223927Z_176_e_d	http://example.org/stkg/objectEntity	http://example.org/stkg/id/platform_K2BlackPanther
http://example.org/stkg/id/obs_rel_T90_K2BlackPanther_20260205T223927Z_176_e_d	http://example.org/stkg/relationType	http://example.org/stkg/id/relation_ahead_of
http://example.org/stkg/id/obs_rel_T90_K2BlackPanther_20260205T223927Z_176_e_d	http://example.org/stkg/time	"2026-02-05T22:39:27Z"^^<http://www.w3.org/2001/XMLSchema#dateTime>
http://example.org/stkg/id/obs_rel_BTR80_T90_20260205T223927Z_176_c_e	http://www.w3.org/1999/02/22-rdf-syntax-ns#type	http://example.org/stkg/id/SpatialRelationObservation
http://example.org/stkg/id/obs_rel_BTR80_T90_20260205T223927Z_176_c_e	http://example.org/stkg/subjectEntity	http://example.org/stkg/id/platform_BTR80
http://example.org/stkg/id/obs_rel_BTR80_T90_20260205T223927Z_176_c_e	http://example.org/stkg/objectEntity	http://example.org/stkg/id/platform_T90
http://example.org/stkg/id/obs_rel_BTR80_T90_20260205T223927Z_176_c_e	http://example.org/stkg/relationType	http://example.org/stkg/id/relation_behind_of
http://example.org/stkg/id/obs_rel_BTR80_T90_20260205T223927Z_176_c_e	http://example.org/stkg/time	"2026-02-05T22:39:27Z"^^<http://www.w3.org/2001/XMLSchema#dateTime>
http://example.org/stkg/id/obs_rel_T90_BTR80_20260205T223927Z_176_e_c	http://www.w3.org/1999/02/22-rdf-syntax-ns#type	http://example.org/stkg/id/SpatialRelationObservation
http://example.org/stkg/id/obs_rel_T90_BTR80_20260205T223927Z_176_e_c	http://example.org/stkg/subjectEntity	http://example.org/stkg/id/platform_T90
http://example.org/stkg/id/obs_rel_T90_BTR80_20260205T223927Z_176_e_c	http://example.org/stkg/objectEntity	http://example.org/stkg/id/platform_BTR80
http://example.org/stkg/id/obs_rel_T90_BTR80_20260205T223927Z_176_e_c	http://example.org/stkg/relationType	http://example.org/stkg/id/relation_ahead_of
http://example.org/stkg/id/obs_rel_T90_BTR80_20260205T223927Z_176_e_c	http://example.org/stkg/time	"2026-02-05T22:39:27Z"^^<http://www.w3.org/2001/XMLSchema#dateTime>
http://example.org/stkg/id/obs_rel_BTR80_K2BlackPanther_20260205T223928Z_177_c_d	http://www.w3.org/1999/02/22-rdf-syntax-ns#type	http://example.org/stkg/id/SpatialRelationObservation
http://example.org/stkg/id/obs_rel_BTR80_K2BlackPanther_20260205T223928Z_177_c_d	http://example.org/stkg/subjectEntity	http://example.org/stkg/id/platform_BTR80
http://example.org/stkg/id/obs_rel_BTR80_K2BlackPanther_20260205T223928Z_177_c_d	http://example.org/stkg/objectEntity	http://example.org/stkg/id/platform_K2BlackPanther
http://example.org/stkg/id/obs_rel_BTR80_K2BlackPanther_20260205T223928Z_177_c_d	http://example.org/stkg/relationType	http://example.org/stkg/id/relation_behind_of
http://example.org/stkg/id/obs_rel_BTR80_K2BlackPanther_20260205T223928Z_177_c_d	http://example.org/stkg/time	"2026-02-05T22:39:28Z"^^<http://www.w3.org/2001/XMLSchema#dateTime>
http://example.org/stkg/id/obs_rel_K2BlackPanther_BTR80_20260205T223928Z_177_d_c	http://www.w3.org/1999/02/22-rdf-syntax-ns#type	http://example.org/stkg/id/SpatialRelationObservation
http://example.org/stkg/id/obs_rel_K2BlackPanther_BTR80_20260205T223928Z_177_d_c	http://example.org/stkg/subjectEntity	http://example.org/stkg/id/platform_K2BlackPanther
http://example.org/stkg/id/obs_rel_K2BlackPanther_BTR80_20260205T223928Z_177_d_c	http://example.org/stkg/objectEntity	http://example.org/stkg/id/platform_BTR80
http://example.org/stkg/id/obs_rel_K2BlackPanther_BTR80_20260205T223928Z_177_d_c	http://example.org/stkg/relationType	http://example.org/stkg/id/relation_ahead_of
http://example.org/stkg/id/obs_rel_K2BlackPanther_BTR80_20260205T223928Z_177_d_c	http://example.org/stkg/time	"2026-02-05T22:39:28Z"^^<http://www.w3.org/2001/XMLSchema#dateTime>
http://example.org/stkg/id/obs_rel_K2BlackPanther_T90_20260205T223928Z_177_d_e	http://www.w3.org/1999/02/22-rdf-syntax-ns#type	http://example.org/stkg/id/SpatialRelationObservation
http://example.org/stkg/id/obs_rel_K2BlackPanther_T90_20260205T223928Z_177_d_e	http://example.org/stkg/subjectEntity	http://example.org/stkg/id/platform_K2BlackPanther
http://example.org/stkg/id/obs_rel_K2BlackPanther_T90_20260205T223928Z_177_d_e	http://example.org/stkg/objectEntity	http://example.org/stkg/id/platform_T90
http://example.org/stkg/id/obs_rel_K2BlackPanther_T90_20260205T223928Z_177_d_e	http://example.org/stkg/relationType	http://example.org/stkg/id/relation_behind_of
http://example.org/stkg/id/obs_rel_K2BlackPanther_T90_20260205T223928Z_177_d_e	http://example.org/stkg/time	"2026-02-05T22:39:28Z"^^<http://www.w3.org/2001/XMLSchema#dateTime>
http://example.org/stkg/id/obs_rel_T90_K2BlackPanther_20260205T223928Z_177_e_d	http://www.w3.org/1999/02/22-rdf-syntax-ns#type	http://example.org/stkg/id/SpatialRelationObservation
http://example.org/stkg/id/obs_rel_T90_K2BlackPanther_20260205T223928Z_177_e_d	http://example.org/stkg/subjectEntity	http://example.org/stkg/id/platform_T90
http://example.org/stkg/id/obs_rel_T90_K2BlackPanther_20260205T223928Z_177_e_d	http://example.org/stkg/objectEntity	http://example.org/stkg/id/platform_K2BlackPanther
http://example.org/stkg/id/obs_rel_T90_K2BlackPanther_20260205T223928Z_177_e_d	http://example.org/stkg/relationType	http://example.org/stkg/id/relation_ahead_of
http://example.org/stkg/id/obs_rel_T90_K2BlackPanther_20260205T223928Z_177_e_d	http://example.org/stkg/time	"2026-02-05T22:39:28Z"^^<http://www.w3.org/2001/XMLSchema#dateTime>
http://example.org/stkg/id/obs_rel_BTR80_T90_20260205T223928Z_177_c_e	http://www.w3.org/1999/02/22-rdf-syntax-ns#type	http://example.org/stkg/id/SpatialRelationObservation
http://example.org/stkg/id/obs_rel_BTR80_T90_20260205T223928Z_177_c_e	http://example.org/stkg/subjectEntity	http://example.org/stkg/id/platform_BTR80
http://example.org/stkg/id/obs_rel_BTR80_T90_20260205T223928Z_177_c_e	http://example.org/stkg/objectEntity	http://example.org/stkg/id/platform_T90
http://example.org/stkg/id/obs_rel_BTR80_T90_20260205T223928Z_177_c_e	http://example.org/stkg/relationType	http://example.org/stkg/id/relation_behind_of
http://example.org/stkg/id/obs_rel_BTR80_T90_20260205T223928Z_177_c_e	http://example.org/stkg/time	"2026-02-05T22:39:28Z"^^<http://www.w3.org/2001/XMLSchema#dateTime>
http://example.org/stkg/id/obs_rel_T90_BTR80_20260205T223928Z_177_e_c	http://www.w3.org/1999/02/22-rdf-syntax-ns#type	http://example.org/stkg/id/SpatialRelationObservation
http://example.org/stkg/id/obs_rel_T90_BTR80_20260205T223928Z_177_e_c	http://example.org/stkg/subjectEntity	http://example.org/stkg/id/platform_T90
http://example.org/stkg/id/obs_rel_T90_BTR80_20260205T223928Z_177_e_c	http://example.org/stkg/objectEntity	http://example.org/stkg/id/platform_BTR80
http://example.org/stkg/id/obs_rel_T90_BTR80_20260205T223928Z_177_e_c	http://example.org/stkg/relationType	http://example.org/stkg/id/relation_ahead_of
http://example.org/stkg/id/obs_rel_T90_BTR80_20260205T223928Z_177_e_c	http://example.org/stkg/time	"2026-02-05T22:39:28Z"^^<http://www.w3.org/2001/XMLSchema#dateTime>
http://example.org/stkg/id/obs_rel_BTR80_K2BlackPanther_20260205T223929Z_178_c_d	http://www.w3.org/1999/02/22-rdf-syntax-ns#type	http://example.org/stkg/id/SpatialRelationObservation
http://example.org/stkg/id/obs_rel_BTR80_K2BlackPanther_20260205T223929Z_178_c_d	http://example.org/stkg/subjectEntity	http://example.org/stkg/id/platform_BTR80
http://example.org/stkg/id/obs_rel_BTR80_K2BlackPanther_20260205T223929Z_178_c_d	http://example.org/stkg/objectEntity	http://example.org/stkg/id/platform_K2BlackPanther
http://example.org/stkg/id/obs_rel_BTR80_K2BlackPanther_20260205T223929Z_178_c_d	http://example.org/stkg/relationType	http://example.org/stkg/id/relation_behind_of
http://example.org/stkg/id/obs_rel_BTR80_K2BlackPanther_20260205T223929Z_178_c_d	http://example.org/stkg/time	"2026-02-05T22:39:29Z"^^<http://www.w3.org/2001/XMLSchema#dateTime>
http://example.org/stkg/id/obs_rel_K2BlackPanther_BTR80_20260205T223929Z_178_d_c	http://www.w3.org/1999/02/22-rdf-syntax-ns#type	http://example.org/stkg/id/SpatialRelationObservation
http://example.org/stkg/id/obs_rel_K2BlackPanther_BTR80_20260205T223929Z_178_d_c	http://example.org/stkg/subjectEntity	http://example.org/stkg/id/platform_K2BlackPanther
http://example.org/stkg/id/obs_rel_K2BlackPanther_BTR80_20260205T223929Z_178_d_c	http://example.org/stkg/objectEntity	http://example.org/stkg/id/platform_BTR80
http://example.org/stkg/id/obs_rel_K2BlackPanther_BTR80_20260205T223929Z_178_d_c	http://example.org/stkg/relationType	http://example.org/stkg/id/relation_ahead_of
http://example.org/stkg/id/obs_rel_K2BlackPanther_BTR80_20260205T223929Z_178_d_c	http://example.org/stkg/time	"2026-02-05T22:39:29Z"^^<http://www.w3.org/2001/XMLSchema#dateTime>
http://example.org/stkg/id/obs_rel_K2BlackPanther_T90_20260205T223929Z_178_d_e	http://www.w3.org/1999/02/22-rdf-syntax-ns#type	http://example.org/stkg/id/SpatialRelationObservation
http://example.org/stkg/id/obs_rel_K2BlackPanther_T90_20260205T223929Z_178_d_e	http://example.org/stkg/subjectEntity	http://example.org/stkg/id/platform_K2BlackPanther
http://example.org/stkg/id/obs_rel_K2BlackPanther_T90_20260205T223929Z_178_d_e	http://example.org/stkg/objectEntity	http://example.org/stkg/id/platform_T90
http://example.org/stkg/id/obs_rel_K2BlackPanther_T90_20260205T223929Z_178_d_e	http://example.org/stkg/relationType	http://example.org/stkg/id/relation_behind_of
http://example.org/stkg/id/obs_rel_K2BlackPanther_T90_20260205T223929Z_178_d_e	http://example.org/stkg/time	"2026-02-05T22:39:29Z"^^<http://www.w3.org/2001/XMLSchema#dateTime>
http://example.org/stkg/id/obs_rel_T90_K2BlackPanther_20260205T223929Z_178_e_d	http://www.w3.org/1999/02/22-rdf-syntax-ns#type	http://example.org/stkg/id/SpatialRelationObservation
http://example.org/stkg/id/obs_rel_T90_K2BlackPanther_20260205T223929Z_178_e_d	http://example.org/stkg/subjectEntity	http://example.org/stkg/id/platform_T90
http://example.org/stkg/id/obs_rel_T90_K2BlackPanther_20260205T223929Z_178_e_d	http://example.org/stkg/objectEntity	http://example.org/stkg/id/platform_K2BlackPanther
http://example.org/stkg/id/obs_rel_T90_K2BlackPanther_20260205T223929Z_178_e_d	http://example.org/stkg/relationType	http://example.org/stkg/id/relation_ahead_of
http://example.org/stkg/id/obs_rel_T90_K2BlackPanther_20260205T223929Z_178_e_d	http://example.org/stkg/time	"2026-02-05T22:39:29Z"^^<http://www.w3.org/2001/XMLSchema#dateTime>
http://example.org/stkg/id/obs_rel_BTR80_T90_20260205T223929Z_178_c_e	http://www.w3.org/1999/02/22-rdf-syntax-ns#type	http://example.org/stkg/id/SpatialRelationObservation
http://example.org/stkg/id/obs_rel_BTR80_T90_20260205T223929Z_178_c_e	http://example.org/stkg/subjectEntity	http://example.org/stkg/id/platform_BTR80
http://example.org/stkg/id/obs_rel_BTR80_T90_20260205T223929Z_178_c_e	http://example.org/stkg/objectEntity	http://example.org/stkg/id/platform_T90
http://example.org/stkg/id/obs_rel_BTR80_T90_20260205T223929Z_178_c_e	http://example.org/stkg/relationType	http://example.org/stkg/id/relation_behind_of
http://example.org/stkg/id/obs_rel_BTR80_T90_20260205T223929Z_178_c_e	http://example.org/stkg/time	"2026-02-05T22:39:29Z"^^<http://www.w3.org/2001/XMLSchema#dateTime>
http://example.org/stkg/id/obs_rel_T90_BTR80_20260205T223929Z_178_e_c	http://www.w3.org/1999/02/22-rdf-syntax-ns#type	http://example.org/stkg/id/SpatialRelationObservation
http://example.org/stkg/id/obs_rel_T90_BTR80_20260205T223929Z_178_e_c	http://example.org/stkg/subjectEntity	http://example.org/stkg/id/platform_T90
http://example.org/stkg/id/obs_rel_T90_BTR80_20260205T223929Z_178_e_c	http://example.org/stkg/objectEntity	http://example.org/stkg/id/platform_BTR80
http://example.org/stkg/id/obs_rel_T90_BTR80_20260205T223929Z_178_e_c	http://example.org/stkg/relationType	http://example.org/stkg/id/relation_ahead_of
http://example.org/stkg/id/obs_rel_T90_BTR80_20260205T223929Z_178_e_c	http://example.org/stkg/time	"2026-02-05T22:39:29Z"^^<http://www.w3.org/2001/XMLSchema#dateTime>
http://example.org/stkg/id/obs_rel_BTR80_K2BlackPanther_20260205T223930Z_179_c_d	http://www.w3.org/1999/02/22-rdf-syntax-ns#type	http://example.org/stkg/id/SpatialRelationObservation
http://example.org/stkg/id/obs_rel_BTR80_K2BlackPanther_20260205T223930Z_179_c_d	http://example.org/stkg/subjectEntity	http://example.org/stkg/id/platform_BTR80
http://example.org/stkg/id/obs_rel_BTR80_K2BlackPanther_20260205T223930Z_179_c_d	http://example.org/stkg/objectEntity	http://example.org/stkg/id/platform_K2BlackPanther
http://example.org/stkg/id/obs_rel_BTR80_K2BlackPanther_20260205T223930Z_179_c_d	http://example.org/stkg/relationType	http://example.org/stkg/id/relation_behind_of
http://example.org/stkg/id/obs_rel_BTR80_K2BlackPanther_20260205T223930Z_179_c_d	http://example.org/stkg/time	"2026-02-05T22:39:30Z"^^<http://www.w3.org/2001/XMLSchema#dateTime>
http://example.org/stkg/id/obs_rel_K2BlackPanther_BTR80_20260205T223930Z_179_d_c	http://www.w3.org/1999/02/22-rdf-syntax-ns#type	http://example.org/stkg/id/SpatialRelationObservation
http://example.org/stkg/id/obs_rel_K2BlackPanther_BTR80_20260205T223930Z_179_d_c	http://example.org/stkg/subjectEntity	http://example.org/stkg/id/platform_K2BlackPanther
http://example.org/stkg/id/obs_rel_K2BlackPanther_BTR80_20260205T223930Z_179_d_c	http://example.org/stkg/objectEntity	http://example.org/stkg/id/platform_BTR80
http://example.org/stkg/id/obs_rel_K2BlackPanther_BTR80_20260205T223930Z_179_d_c	http://example.org/stkg/relationType	http://example.org/stkg/id/relation_ahead_of
http://example.org/stkg/id/obs_rel_K2BlackPanther_BTR80_20260205T223930Z_179_d_c	http://example.org/stkg/time	"2026-02-05T22:39:30Z"^^<http://www.w3.org/2001/XMLSchema#dateTime>
http://example.org/stkg/id/obs_rel_K2BlackPanther_T90_20260205T223930Z_179_d_e	http://www.w3.org/1999/02/22-rdf-syntax-ns#type	http://example.org/stkg/id/SpatialRelationObservation
http://example.org/stkg/id/obs_rel_K2BlackPanther_T90_20260205T223930Z_179_d_e	http://example.org/stkg/subjectEntity	http://example.org/stkg/id/platform_K2BlackPanther
http://example.org/stkg/id/obs_rel_K2BlackPanther_T90_20260205T223930Z_179_d_e	http://example.org/stkg/objectEntity	http://example.org/stkg/id/platform_T90
http://example.org/stkg/id/obs_rel_K2BlackPanther_T90_20260205T223930Z_179_d_e	http://example.org/stkg/relationType	http://example.org/stkg/id/relation_behind_of
http://example.org/stkg/id/obs_rel_K2BlackPanther_T90_20260205T223930Z_179_d_e	http://example.org/stkg/time	"2026-02-05T22:39:30Z"^^<http://www.w3.org/2001/XMLSchema#dateTime>
http://example.org/stkg/id/obs_rel_T90_K2BlackPanther_20260205T223930Z_179_e_d	http://www.w3.org/1999/02/22-rdf-syntax-ns#type	http://example.org/stkg/id/SpatialRelationObservation
http://example.org/stkg/id/obs_rel_T90_K2BlackPanther_20260205T223930Z_179_e_d	http://example.org/stkg/subjectEntity	http://example.org/stkg/id/platform_T90
http://example.org/stkg/id/obs_rel_T90_K2BlackPanther_20260205T223930Z_179_e_d	http://example.org/stkg/objectEntity	http://example.org/stkg/id/platform_K2BlackPanther
http://example.org/stkg/id/obs_rel_T90_K2BlackPanther_20260205T223930Z_179_e_d	http://example.org/stkg/relationType	http://example.org/stkg/id/relation_ahead_of
http://example.org/stkg/id/obs_rel_T90_K2BlackPanther_20260205T223930Z_179_e_d	http://example.org/stkg/time	"2026-02-05T22:39:30Z"^^<http://www.w3.org/2001/XMLSchema#dateTime>
http://example.org/stkg/id/obs_rel_BTR80_T90_20260205T223930Z_179_c_e	http://www.w3.org/1999/02/22-rdf-syntax-ns#type	http://example.org/stkg/id/SpatialRelationObservation
http://example.org/stkg/id/obs_rel_BTR80_T90_20260205T223930Z_179_c_e	http://example.org/stkg/subjectEntity	http://example.org/stkg/id/platform_BTR80
http://example.org/stkg/id/obs_rel_BTR80_T90_20260205T223930Z_179_c_e	http://example.org/stkg/objectEntity	http://example.org/stkg/id/platform_T90
http://example.org/stkg/id/obs_rel_BTR80_T90_20260205T223930Z_179_c_e	http://example.org/stkg/relationType	http://example.org/stkg/id/relation_behind_of
http://example.org/stkg/id/obs_rel_BTR80_T90_20260205T223930Z_179_c_e	http://example.org/stkg/time	"2026-02-05T22:39:30Z"^^<http://www.w3.org/2001/XMLSchema#dateTime>
http://example.org/stkg/id/obs_rel_T90_BTR80_20260205T223930Z_179_e_c	http://www.w3.org/1999/02/22-rdf-syntax-ns#type	http://example.org/stkg/id/SpatialRelationObservation
http://example.org/stkg/id/obs_rel_T90_BTR80_20260205T223930Z_179_e_c	http://example.org/stkg/subjectEntity	http://example.org/stkg/id/platform_T90
http://example.org/stkg/id/obs_rel_T90_BTR80_20260205T223930Z_179_e_c	http://example.org/stkg/objectEntity	http://example.org/stkg/id/platform_BTR80
http://example.org/stkg/id/obs_rel_T90_BTR80_20260205T223930Z_179_e_c	http://example.org/stkg/relationType	http://example.org/stkg/id/relation_ahead_of
http://example.org/stkg/id/obs_rel_T90_BTR80_20260205T223930Z_179_e_c	http://example.org/stkg/time	"2026-02-05T22:39:30Z"^^<http://www.w3.org/2001/XMLSchema#dateTime>
http://example.org/stkg/id/obs_rel_BTR80_K2BlackPanther_20260205T223931Z_180_c_d	http://www.w3.org/1999/02/22-rdf-syntax-ns#type	http://example.org/stkg/id/SpatialRelationObservation
http://example.org/stkg/id/obs_rel_BTR80_K2BlackPanther_20260205T223931Z_180_c_d	http://example.org/stkg/subjectEntity	http://example.org/stkg/id/platform_BTR80
http://example.org/stkg/id/obs_rel_BTR80_K2BlackPanther_20260205T223931Z_180_c_d	http://example.org/stkg/objectEntity	http://example.org/stkg/id/platform_K2BlackPanther
http://example.org/stkg/id/obs_rel_BTR80_K2BlackPanther_20260205T223931Z_180_c_d	http://example.org/stkg/relationType	http://example.org/stkg/id/relation_behind_of
http://example.org/stkg/id/obs_rel_BTR80_K2BlackPanther_20260205T223931Z_180_c_d	http://example.org/stkg/time	"2026-02-05T22:39:31Z"^^<http://www.w3.org/2001/XMLSchema#dateTime>
http://example.org/stkg/id/obs_rel_K2BlackPanther_BTR80_20260205T223931Z_180_d_c	http://www.w3.org/1999/02/22-rdf-syntax-ns#type	http://example.org/stkg/id/SpatialRelationObservation
http://example.org/stkg/id/obs_rel_K2BlackPanther_BTR80_20260205T223931Z_180_d_c	http://example.org/stkg/subjectEntity	http://example.org/stkg/id/platform_K2BlackPanther
http://example.org/stkg/id/obs_rel_K2BlackPanther_BTR80_20260205T223931Z_180_d_c	http://example.org/stkg/objectEntity	http://example.org/stkg/id/platform_BTR80
http://example.org/stkg/id/obs_rel_K2BlackPanther_BTR80_20260205T223931Z_180_d_c	http://example.org/stkg/relationType	http://example.org/stkg/id/relation_ahead_of
http://example.org/stkg/id/obs_rel_K2BlackPanther_BTR80_20260205T223931Z_180_d_c	http://example.org/stkg/time	"2026-02-05T22:39:31Z"^^<http://www.w3.org/2001/XMLSchema#dateTime>
http://example.org/stkg/id/obs_rel_K2BlackPanther_T90_20260205T223931Z_180_d_e	http://www.w3.org/1999/02/22-rdf-syntax-ns#type	http://example.org/stkg/id/SpatialRelationObservation
http://example.org/stkg/id/obs_rel_K2BlackPanther_T90_20260205T223931Z_180_d_e	http://example.org/stkg/subjectEntity	http://example.org/stkg/id/platform_K2BlackPanther
http://example.org/stkg/id/obs_rel_K2BlackPanther_T90_20260205T223931Z_180_d_e	http://example.org/stkg/objectEntity	http://example.org/stkg/id/platform_T90
http://example.org/stkg/id/obs_rel_K2BlackPanther_T90_20260205T223931Z_180_d_e	http://example.org/stkg/relationType	http://example.org/stkg/id/relation_behind_of
http://example.org/stkg/id/obs_rel_K2BlackPanther_T90_20260205T223931Z_180_d_e	http://example.org/stkg/time	"2026-02-05T22:39:31Z"^^<http://www.w3.org/2001/XMLSchema#dateTime>
http://example.org/stkg/id/obs_rel_T90_K2BlackPanther_20260205T223931Z_180_e_d	http://www.w3.org/1999/02/22-rdf-syntax-ns#type	http://example.org/stkg/id/SpatialRelationObservation
http://example.org/stkg/id/obs_rel_T90_K2BlackPanther_20260205T223931Z_180_e_d	http://example.org/stkg/subjectEntity	http://example.org/stkg/id/platform_T90
http://example.org/stkg/id/obs_rel_T90_K2BlackPanther_20260205T223931Z_180_e_d	http://example.org/stkg/objectEntity	http://example.org/stkg/id/platform_K2BlackPanther
http://example.org/stkg/id/obs_rel_T90_K2BlackPanther_20260205T223931Z_180_e_d	http://example.org/stkg/relationType	http://example.org/stkg/id/relation_ahead_of
http://example.org/stkg/id/obs_rel_T90_K2BlackPanther_20260205T223931Z_180_e_d	http://example.org/stkg/time	"2026-02-05T22:39:31Z"^^<http://www.w3.org/2001/XMLSchema#dateTime>
http://example.org/stkg/id/obs_rel_BTR80_T90_20260205T223931Z_180_c_e	http://www.w3.org/1999/02/22-rdf-syntax-ns#type	http://example.org/stkg/id/SpatialRelationObservation
http://example.org/stkg/id/obs_rel_BTR80_T90_20260205T223931Z_180_c_e	http://example.org/stkg/subjectEntity	http://example.org/stkg/id/platform_BTR80
http://example.org/stkg/id/obs_rel_BTR80_T90_20260205T223931Z_180_c_e	http://example.org/stkg/objectEntity	http://example.org/stkg/id/platform_T90
http://example.org/stkg/id/obs_rel_BTR80_T90_20260205T223931Z_180_c_e	http://example.org/stkg/relationType	http://example.org/stkg/id/relation_behind_of
http://example.org/stkg/id/obs_rel_BTR80_T90_20260205T223931Z_180_c_e	http://example.org/stkg/time	"2026-02-05T22:39:31Z"^^<http://www.w3.org/2001/XMLSchema#dateTime>
http://example.org/stkg/id/obs_rel_T90_BTR80_20260205T223931Z_180_e_c	http://www.w3.org/1999/02/22-rdf-syntax-ns#type	http://example.org/stkg/id/SpatialRelationObservation
http://example.org/stkg/id/obs_rel_T90_BTR80_20260205T223931Z_180_e_c	http://example.org/stkg/subjectEntity	http://example.org/stkg/id/platform_T90
http://example.org/stkg/id/obs_rel_T90_BTR80_20260205T223931Z_180_e_c	http://example.org/stkg/objectEntity	http://example.org/stkg/id/platform_BTR80
http://example.org/stkg/id/obs_rel_T90_BTR80_20260205T223931Z_180_e_c	http://example.org/stkg/relationType	http://example.org/stkg/id/relation_ahead_of
http://example.org/stkg/id/obs_rel_T90_BTR80_20260205T223931Z_180_e_c	http://example.org/stkg/time	"2026-02-05T22:39:31Z"^^<http://www.w3.org/2001/XMLSchema#dateTime>
http://example.org/stkg/id/obs_rel_BTR80_K2BlackPanther_20260205T223932Z_181_c_d	http://www.w3.org/1999/02/22-rdf-syntax-ns#type	http://example.org/stkg/id/SpatialRelationObservation
http://example.org/stkg/id/obs_rel_BTR80_K2BlackPanther_20260205T223932Z_181_c_d	http://example.org/stkg/subjectEntity	http://example.org/stkg/id/platform_BTR80
http://example.org/stkg/id/obs_rel_BTR80_K2BlackPanther_20260205T223932Z_181_c_d	http://example.org/stkg/objectEntity	http://example.org/stkg/id/platform_K2BlackPanther
http://example.org/stkg/id/obs_rel_BTR80_K2BlackPanther_20260205T223932Z_181_c_d	http://example.org/stkg/relationType	http://example.org/stkg/id/relation_behind_of
http://example.org/stkg/id/obs_rel_BTR80_K2BlackPanther_20260205T223932Z_181_c_d	http://example.org/stkg/time	"2026-02-05T22:39:32Z"^^<http://www.w3.org/2001/XMLSchema#dateTime>
http://example.org/stkg/id/obs_rel_K2BlackPanther_BTR80_20260205T223932Z_181_d_c	http://www.w3.org/1999/02/22-rdf-syntax-ns#type	http://example.org/stkg/id/SpatialRelationObservation
http://example.org/stkg/id/obs_rel_K2BlackPanther_BTR80_20260205T223932Z_181_d_c	http://example.org/stkg/subjectEntity	http://example.org/stkg/id/platform_K2BlackPanther
http://example.org/stkg/id/obs_rel_K2BlackPanther_BTR80_20260205T223932Z_181_d_c	http://example.org/stkg/objectEntity	http://example.org/stkg/id/platform_BTR80
http://example.org/stkg/id/obs_rel_K2BlackPanther_BTR80_20260205T223932Z_181_d_c	http://example.org/stkg/relationType	http://example.org/stkg/id/relation_ahead_of
http://example.org/stkg/id/obs_rel_K2BlackPanther_BTR80_20260205T223932Z_181_d_c	http://example.org/stkg/time	"2026-02-05T22:39:32Z"^^<http://www.w3.org/2001/XMLSchema#dateTime>
http://example.org/stkg/id/obs_rel_K2BlackPanther_T90_20260205T223932Z_181_d_e	http://www.w3.org/1999/02/22-rdf-syntax-ns#type	http://example.org/stkg/id/SpatialRelationObservation
http://example.org/stkg/id/obs_rel_K2BlackPanther_T90_20260205T223932Z_181_d_e	http://example.org/stkg/subjectEntity	http://example.org/stkg/id/platform_K2BlackPanther
http://example.org/stkg/id/obs_rel_K2BlackPanther_T90_20260205T223932Z_181_d_e	http://example.org/stkg/objectEntity	http://example.org/stkg/id/platform_T90
http://example.org/stkg/id/obs_rel_K2BlackPanther_T90_20260205T223932Z_181_d_e	http://example.org/stkg/relationType	http://example.org/stkg/id/relation_behind_of
http://example.org/stkg/id/obs_rel_K2BlackPanther_T90_20260205T223932Z_181_d_e	http://example.org/stkg/time	"2026-02-05T22:39:32Z"^^<http://www.w3.org/2001/XMLSchema#dateTime>
http://example.org/stkg/id/obs_rel_T90_K2BlackPanther_20260205T223932Z_181_e_d	http://www.w3.org/1999/02/22-rdf-syntax-ns#type	http://example.org/stkg/id/SpatialRelationObservation
http://example.org/stkg/id/obs_rel_T90_K2BlackPanther_20260205T223932Z_181_e_d	http://example.org/stkg/subjectEntity	http://example.org/stkg/id/platform_T90
http://example.org/stkg/id/obs_rel_T90_K2BlackPanther_20260205T223932Z_181_e_d	http://example.org/stkg/objectEntity	http://example.org/stkg/id/platform_K2BlackPanther
http://example.org/stkg/id/obs_rel_T90_K2BlackPanther_20260205T223932Z_181_e_d	http://example.org/stkg/relationType	http://example.org/stkg/id/relation_ahead_of
http://example.org/stkg/id/obs_rel_T90_K2BlackPanther_20260205T223932Z_181_e_d	http://example.org/stkg/time	"2026-02-05T22:39:32Z"^^<http://www.w3.org/2001/XMLSchema#dateTime>
http://example.org/stkg/id/obs_rel_BTR80_T90_20260205T223932Z_181_c_e	http://www.w3.org/1999/02/22-rdf-syntax-ns#type	http://example.org/stkg/id/SpatialRelationObservation
http://example.org/stkg/id/obs_rel_BTR80_T90_20260205T223932Z_181_c_e	http://example.org/stkg/subjectEntity	http://example.org/stkg/id/platform_BTR80
http://example.org/stkg/id/obs_rel_BTR80_T90_20260205T223932Z_181_c_e	http://example.org/stkg/objectEntity	http://example.org/stkg/id/platform_T90
http://example.org/stkg/id/obs_rel_BTR80_T90_20260205T223932Z_181_c_e	http://example.org/stkg/relationType	http://example.org/stkg/id/relation_behind_of
http://example.org/stkg/id/obs_rel_BTR80_T90_20260205T223932Z_181_c_e	http://example.org/stkg/time	"2026-02-05T22:39:32Z"^^<http://www.w3.org/2001/XMLSchema#dateTime>
http://example.org/stkg/id/obs_rel_T90_BTR80_20260205T223932Z_181_e_c	http://www.w3.org/1999/02/22-rdf-syntax-ns#type	http://example.org/stkg/id/SpatialRelationObservation
http://example.org/stkg/id/obs_rel_T90_BTR80_20260205T223932Z_181_e_c	http://example.org/stkg/subjectEntity	http://example.org/stkg/id/platform_T90
http://example.org/stkg/id/obs_rel_T90_BTR80_20260205T223932Z_181_e_c	http://example.org/stkg/objectEntity	http://example.org/stkg/id/platform_BTR80
http://example.org/stkg/id/obs_rel_T90_BTR80_20260205T223932Z_181_e_c	http://example.org/stkg/relationType	http://example.org/stkg/id/relation_ahead_of
http://example.org/stkg/id/obs_rel_T90_BTR80_20260205T223932Z_181_e_c	http://example.org/stkg/time	"2026-02-05T22:39:32Z"^^<http://www.w3.org/2001/XMLSchema#dateTime>
http://example.org/stkg/id/obs_rel_BTR80_K2BlackPanther_20260205T223933Z_182_c_d	http://www.w3.org/1999/02/22-rdf-syntax-ns#type	http://example.org/stkg/id/SpatialRelationObservation
http://example.org/stkg/id/obs_rel_BTR80_K2BlackPanther_20260205T223933Z_182_c_d	http://example.org/stkg/subjectEntity	http://example.org/stkg/id/platform_BTR80
http://example.org/stkg/id/obs_rel_BTR80_K2BlackPanther_20260205T223933Z_182_c_d	http://example.org/stkg/objectEntity	http://example.org/stkg/id/platform_K2BlackPanther
http://example.org/stkg/id/obs_rel_BTR80_K2BlackPanther_20260205T223933Z_182_c_d	http://example.org/stkg/relationType	http://example.org/stkg/id/relation_behind_of
http://example.org/stkg/id/obs_rel_BTR80_K2BlackPanther_20260205T223933Z_182_c_d	http://example.org/stkg/time	"2026-02-05T22:39:33Z"^^<http://www.w3.org/2001/XMLSchema#dateTime>
http://example.org/stkg/id/obs_rel_K2BlackPanther_BTR80_20260205T223933Z_182_d_c	http://www.w3.org/1999/02/22-rdf-syntax-ns#type	http://example.org/stkg/id/SpatialRelationObservation
http://example.org/stkg/id/obs_rel_K2BlackPanther_BTR80_20260205T223933Z_182_d_c	http://example.org/stkg/subjectEntity	http://example.org/stkg/id/platform_K2BlackPanther
http://example.org/stkg/id/obs_rel_K2BlackPanther_BTR80_20260205T223933Z_182_d_c	http://example.org/stkg/objectEntity	http://example.org/stkg/id/platform_BTR80
http://example.org/stkg/id/obs_rel_K2BlackPanther_BTR80_20260205T223933Z_182_d_c	http://example.org/stkg/relationType	http://example.org/stkg/id/relation_ahead_of
http://example.org/stkg/id/obs_rel_K2BlackPanther_BTR80_20260205T223933Z_182_d_c	http://example.org/stkg/time	"2026-02-05T22:39:33Z"^^<http://www.w3.org/2001/XMLSchema#dateTime>
http://example.org/stkg/id/obs_rel_K2BlackPanther_T90_20260205T223933Z_182_d_e	http://www.w3.org/1999/02/22-rdf-syntax-ns#type	http://example.org/stkg/id/SpatialRelationObservation
http://example.org/stkg/id/obs_rel_K2BlackPanther_T90_20260205T223933Z_182_d_e	http://example.org/stkg/subjectEntity	http://example.org/stkg/id/platform_K2BlackPanther
http://example.org/stkg/id/obs_rel_K2BlackPanther_T90_20260205T223933Z_182_d_e	http://example.org/stkg/objectEntity	http://example.org/stkg/id/platform_T90
http://example.org/stkg/id/obs_rel_K2BlackPanther_T90_20260205T223933Z_182_d_e	http://example.org/stkg/relationType	http://example.org/stkg/id/relation_behind_of
http://example.org/stkg/id/obs_rel_K2BlackPanther_T90_20260205T223933Z_182_d_e	http://example.org/stkg/time	"2026-02-05T22:39:33Z"^^<http://www.w3.org/2001/XMLSchema#dateTime>
http://example.org/stkg/id/obs_rel_T90_K2BlackPanther_20260205T223933Z_182_e_d	http://www.w3.org/1999/02/22-rdf-syntax-ns#type	http://example.org/stkg/id/SpatialRelationObservation
http://example.org/stkg/id/obs_rel_T90_K2BlackPanther_20260205T223933Z_182_e_d	http://example.org/stkg/subjectEntity	http://example.org/stkg/id/platform_T90
http://example.org/stkg/id/obs_rel_T90_K2BlackPanther_20260205T223933Z_182_e_d	http://example.org/stkg/objectEntity	http://example.org/stkg/id/platform_K2BlackPanther
http://example.org/stkg/id/obs_rel_T90_K2BlackPanther_20260205T223933Z_182_e_d	http://example.org/stkg/relationType	http://example.org/stkg/id/relation_ahead_of
http://example.org/stkg/id/obs_rel_T90_K2BlackPanther_20260205T223933Z_182_e_d	http://example.org/stkg/time	"2026-02-05T22:39:33Z"^^<http://www.w3.org/2001/XMLSchema#dateTime>
http://example.org/stkg/id/obs_rel_BTR80_T90_20260205T223933Z_182_c_e	http://www.w3.org/1999/02/22-rdf-syntax-ns#type	http://example.org/stkg/id/SpatialRelationObservation
http://example.org/stkg/id/obs_rel_BTR80_T90_20260205T223933Z_182_c_e	http://example.org/stkg/subjectEntity	http://example.org/stkg/id/platform_BTR80
http://example.org/stkg/id/obs_rel_BTR80_T90_20260205T223933Z_182_c_e	http://example.org/stkg/objectEntity	http://example.org/stkg/id/platform_T90
http://example.org/stkg/id/obs_rel_BTR80_T90_20260205T223933Z_182_c_e	http://example.org/stkg/relationType	http://example.org/stkg/id/relation_behind_of
http://example.org/stkg/id/obs_rel_BTR80_T90_20260205T223933Z_182_c_e	http://example.org/stkg/time	"2026-02-05T22:39:33Z"^^<http://www.w3.org/2001/XMLSchema#dateTime>
http://example.org/stkg/id/obs_rel_T90_BTR80_20260205T223933Z_182_e_c	http://www.w3.org/1999/02/22-rdf-syntax-ns#type	http://example.org/stkg/id/SpatialRelationObservation
http://example.org/stkg/id/obs_rel_T90_BTR80_20260205T223933Z_182_e_c	http://example.org/stkg/subjectEntity	http://example.org/stkg/id/platform_T90
http://example.org/stkg/id/obs_rel_T90_BTR80_20260205T223933Z_182_e_c	http://example.org/stkg/objectEntity	http://example.org/stkg/id/platform_BTR80
http://example.org/stkg/id/obs_rel_T90_BTR80_20260205T223933Z_182_e_c	http://example.org/stkg/relationType	http://example.org/stkg/id/relation_ahead_of
http://example.org/stkg/id/obs_rel_T90_BTR80_20260205T223933Z_182_e_c	http://example.org/stkg/time	"2026-02-05T22:39:33Z"^^<http://www.w3.org/2001/XMLSchema#dateTime>
http://example.org/stkg/id/obs_rel_BTR80_K2BlackPanther_20260205T223934Z_183_c_d	http://www.w3.org/1999/02/22-rdf-syntax-ns#type	http://example.org/stkg/id/SpatialRelationObservation
http://example.org/stkg/id/obs_rel_BTR80_K2BlackPanther_20260205T223934Z_183_c_d	http://example.org/stkg/subjectEntity	http://example.org/stkg/id/platform_BTR80
http://example.org/stkg/id/obs_rel_BTR80_K2BlackPanther_20260205T223934Z_183_c_d	http://example.org/stkg/objectEntity	http://example.org/stkg/id/platform_K2BlackPanther
http://example.org/stkg/id/obs_rel_BTR80_K2BlackPanther_20260205T223934Z_183_c_d	http://example.org/stkg/relationType	http://example.org/stkg/id/relation_behind_of
http://example.org/stkg/id/obs_rel_BTR80_K2BlackPanther_20260205T223934Z_183_c_d	http://example.org/stkg/time	"2026-02-05T22:39:34Z"^^<http://www.w3.org/2001/XMLSchema#dateTime>
http://example.org/stkg/id/obs_rel_K2BlackPanther_BTR80_20260205T223934Z_183_d_c	http://www.w3.org/1999/02/22-rdf-syntax-ns#type	http://example.org/stkg/id/SpatialRelationObservation
http://example.org/stkg/id/obs_rel_K2BlackPanther_BTR80_20260205T223934Z_183_d_c	http://example.org/stkg/subjectEntity	http://example.org/stkg/id/platform_K2BlackPanther
http://example.org/stkg/id/obs_rel_K2BlackPanther_BTR80_20260205T223934Z_183_d_c	http://example.org/stkg/objectEntity	http://example.org/stkg/id/platform_BTR80
http://example.org/stkg/id/obs_rel_K2BlackPanther_BTR80_20260205T223934Z_183_d_c	http://example.org/stkg/relationType	http://example.org/stkg/id/relation_ahead_of
http://example.org/stkg/id/obs_rel_K2BlackPanther_BTR80_20260205T223934Z_183_d_c	http://example.org/stkg/time	"2026-02-05T22:39:34Z"^^<http://www.w3.org/2001/XMLSchema#dateTime>
http://example.org/stkg/id/obs_rel_K2BlackPanther_T90_20260205T223934Z_183_d_e	http://www.w3.org/1999/02/22-rdf-syntax-ns#type	http://example.org/stkg/id/SpatialRelationObservation
http://example.org/stkg/id/obs_rel_K2BlackPanther_T90_20260205T223934Z_183_d_e	http://example.org/stkg/subjectEntity	http://example.org/stkg/id/platform_K2BlackPanther
http://example.org/stkg/id/obs_rel_K2BlackPanther_T90_20260205T223934Z_183_d_e	http://example.org/stkg/objectEntity	http://example.org/stkg/id/platform_T90
http://example.org/stkg/id/obs_rel_K2BlackPanther_T90_20260205T223934Z_183_d_e	http://example.org/stkg/relationType	http://example.org/stkg/id/relation_behind_of
http://example.org/stkg/id/obs_rel_K2BlackPanther_T90_20260205T223934Z_183_d_e	http://example.org/stkg/time	"2026-02-05T22:39:34Z"^^<http://www.w3.org/2001/XMLSchema#dateTime>
http://example.org/stkg/id/obs_rel_T90_K2BlackPanther_20260205T223934Z_183_e_d	http://www.w3.org/1999/02/22-rdf-syntax-ns#type	http://example.org/stkg/id/SpatialRelationObservation
http://example.org/stkg/id/obs_rel_T90_K2BlackPanther_20260205T223934Z_183_e_d	http://example.org/stkg/subjectEntity	http://example.org/stkg/id/platform_T90
http://example.org/stkg/id/obs_rel_T90_K2BlackPanther_20260205T223934Z_183_e_d	http://example.org/stkg/objectEntity	http://example.org/stkg/id/platform_K2BlackPanther
http://example.org/stkg/id/obs_rel_T90_K2BlackPanther_20260205T223934Z_183_e_d	http://example.org/stkg/relationType	http://example.org/stkg/id/relation_ahead_of
http://example.org/stkg/id/obs_rel_T90_K2BlackPanther_20260205T223934Z_183_e_d	http://example.org/stkg/time	"2026-02-05T22:39:34Z"^^<http://www.w3.org/2001/XMLSchema#dateTime>
http://example.org/stkg/id/obs_rel_BTR80_T90_20260205T223934Z_183_c_e	http://www.w3.org/1999/02/22-rdf-syntax-ns#type	http://example.org/stkg/id/SpatialRelationObservation
http://example.org/stkg/id/obs_rel_BTR80_T90_20260205T223934Z_183_c_e	http://example.org/stkg/subjectEntity	http://example.org/stkg/id/platform_BTR80
http://example.org/stkg/id/obs_rel_BTR80_T90_20260205T223934Z_183_c_e	http://example.org/stkg/objectEntity	http://example.org/stkg/id/platform_T90
http://example.org/stkg/id/obs_rel_BTR80_T90_20260205T223934Z_183_c_e	http://example.org/stkg/relationType	http://example.org/stkg/id/relation_behind_of
http://example.org/stkg/id/obs_rel_BTR80_T90_20260205T223934Z_183_c_e	http://example.org/stkg/time	"2026-02-05T22:39:34Z"^^<http://www.w3.org/2001/XMLSchema#dateTime>
http://example.org/stkg/id/obs_rel_T90_BTR80_20260205T223934Z_183_e_c	http://www.w3.org/1999/02/22-rdf-syntax-ns#type	http://example.org/stkg/id/SpatialRelationObservation
http://example.org/stkg/id/obs_rel_T90_BTR80_20260205T223934Z_183_e_c	http://example.org/stkg/subjectEntity	http://example.org/stkg/id/platform_T90
http://example.org/stkg/id/obs_rel_T90_BTR80_20260205T223934Z_183_e_c	http://example.org/stkg/objectEntity	http://example.org/stkg/id/platform_BTR80
http://example.org/stkg/id/obs_rel_T90_BTR80_20260205T223934Z_183_e_c	http://example.org/stkg/relationType	http://example.org/stkg/id/relation_ahead_of
http://example.org/stkg/id/obs_rel_T90_BTR80_20260205T223934Z_183_e_c	http://example.org/stkg/time	"2026-02-05T22:39:34Z"^^<http://www.w3.org/2001/XMLSchema#dateTime>
http://example.org/stkg/id/obs_rel_BTR80_K2BlackPanther_20260205T223935Z_184_c_d	http://www.w3.org/1999/02/22-rdf-syntax-ns#type	http://example.org/stkg/id/SpatialRelationObservation
http://example.org/stkg/id/obs_rel_BTR80_K2BlackPanther_20260205T223935Z_184_c_d	http://example.org/stkg/subjectEntity	http://example.org/stkg/id/platform_BTR80
http://example.org/stkg/id/obs_rel_BTR80_K2BlackPanther_20260205T223935Z_184_c_d	http://example.org/stkg/objectEntity	http://example.org/stkg/id/platform_K2BlackPanther
http://example.org/stkg/id/obs_rel_BTR80_K2BlackPanther_20260205T223935Z_184_c_d	http://example.org/stkg/relationType	http://example.org/stkg/id/relation_behind_of
http://example.org/stkg/id/obs_rel_BTR80_K2BlackPanther_20260205T223935Z_184_c_d	http://example.org/stkg/time	"2026-02-05T22:39:35Z"^^<http://www.w3.org/2001/XMLSchema#dateTime>
http://example.org/stkg/id/obs_rel_K2BlackPanther_BTR80_20260205T223935Z_184_d_c	http://www.w3.org/1999/02/22-rdf-syntax-ns#type	http://example.org/stkg/id/SpatialRelationObservation
http://example.org/stkg/id/obs_rel_K2BlackPanther_BTR80_20260205T223935Z_184_d_c	http://example.org/stkg/subjectEntity	http://example.org/stkg/id/platform_K2BlackPanther
http://example.org/stkg/id/obs_rel_K2BlackPanther_BTR80_20260205T223935Z_184_d_c	http://example.org/stkg/objectEntity	http://example.org/stkg/id/platform_BTR80
http://example.org/stkg/id/obs_rel_K2BlackPanther_BTR80_20260205T223935Z_184_d_c	http://example.org/stkg/relationType	http://example.org/stkg/id/relation_ahead_of
http://example.org/stkg/id/obs_rel_K2BlackPanther_BTR80_20260205T223935Z_184_d_c	http://example.org/stkg/time	"2026-02-05T22:39:35Z"^^<http://www.w3.org/2001/XMLSchema#dateTime>
http://example.org/stkg/id/obs_rel_K2BlackPanther_T90_20260205T223935Z_184_d_e	http://www.w3.org/1999/02/22-rdf-syntax-ns#type	http://example.org/stkg/id/SpatialRelationObservation
http://example.org/stkg/id/obs_rel_K2BlackPanther_T90_20260205T223935Z_184_d_e	http://example.org/stkg/subjectEntity	http://example.org/stkg/id/platform_K2BlackPanther
http://example.org/stkg/id/obs_rel_K2BlackPanther_T90_20260205T223935Z_184_d_e	http://example.org/stkg/objectEntity	http://example.org/stkg/id/platform_T90
http://example.org/stkg/id/obs_rel_K2BlackPanther_T90_20260205T223935Z_184_d_e	http://example.org/stkg/relationType	http://example.org/stkg/id/relation_behind_of
http://example.org/stkg/id/obs_rel_K2BlackPanther_T90_20260205T223935Z_184_d_e	http://example.org/stkg/time	"2026-02-05T22:39:35Z"^^<http://www.w3.org/2001/XMLSchema#dateTime>
http://example.org/stkg/id/obs_rel_T90_K2BlackPanther_20260205T223935Z_184_e_d	http://www.w3.org/1999/02/22-rdf-syntax-ns#type	http://example.org/stkg/id/SpatialRelationObservation
http://example.org/stkg/id/obs_rel_T90_K2BlackPanther_20260205T223935Z_184_e_d	http://example.org/stkg/subjectEntity	http://example.org/stkg/id/platform_T90
http://example.org/stkg/id/obs_rel_T90_K2BlackPanther_20260205T223935Z_184_e_d	http://example.org/stkg/objectEntity	http://example.org/stkg/id/platform_K2BlackPanther
http://example.org/stkg/id/obs_rel_T90_K2BlackPanther_20260205T223935Z_184_e_d	http://example.org/stkg/relationType	http://example.org/stkg/id/relation_ahead_of
http://example.org/stkg/id/obs_rel_T90_K2BlackPanther_20260205T223935Z_184_e_d	http://example.org/stkg/time	"2026-02-05T22:39:35Z"^^<http://www.w3.org/2001/XMLSchema#dateTime>
http://example.org/stkg/id/obs_rel_BTR80_T90_20260205T223935Z_184_c_e	http://www.w3.org/1999/02/22-rdf-syntax-ns#type	http://example.org/stkg/id/SpatialRelationObservation
http://example.org/stkg/id/obs_rel_BTR80_T90_20260205T223935Z_184_c_e	http://example.org/stkg/subjectEntity	http://example.org/stkg/id/platform_BTR80
http://example.org/stkg/id/obs_rel_BTR80_T90_20260205T223935Z_184_c_e	http://example.org/stkg/objectEntity	http://example.org/stkg/id/platform_T90
http://example.org/stkg/id/obs_rel_BTR80_T90_20260205T223935Z_184_c_e	http://example.org/stkg/relationType	http://example.org/stkg/id/relation_behind_of
http://example.org/stkg/id/obs_rel_BTR80_T90_20260205T223935Z_184_c_e	http://example.org/stkg/time	"2026-02-05T22:39:35Z"^^<http://www.w3.org/2001/XMLSchema#dateTime>
http://example.org/stkg/id/obs_rel_T90_BTR80_20260205T223935Z_184_e_c	http://www.w3.org/1999/02/22-rdf-syntax-ns#type	http://example.org/stkg/id/SpatialRelationObservation
http://example.org/stkg/id/obs_rel_T90_BTR80_20260205T223935Z_184_e_c	http://example.org/stkg/subjectEntity	http://example.org/stkg/id/platform_T90
http://example.org/stkg/id/obs_rel_T90_BTR80_20260205T223935Z_184_e_c	http://example.org/stkg/objectEntity	http://example.org/stkg/id/platform_BTR80
http://example.org/stkg/id/obs_rel_T90_BTR80_20260205T223935Z_184_e_c	http://example.org/stkg/relationType	http://example.org/stkg/id/relation_ahead_of
http://example.org/stkg/id/obs_rel_T90_BTR80_20260205T223935Z_184_e_c	http://example.org/stkg/time	"2026-02-05T22:39:35Z"^^<http://www.w3.org/2001/XMLSchema#dateTime>
http://example.org/stkg/id/obs_rel_BTR80_K2BlackPanther_20260205T223936Z_185_c_d	http://www.w3.org/1999/02/22-rdf-syntax-ns#type	http://example.org/stkg/id/SpatialRelationObservation
http://example.org/stkg/id/obs_rel_BTR80_K2BlackPanther_20260205T223936Z_185_c_d	http://example.org/stkg/subjectEntity	http://example.org/stkg/id/platform_BTR80
http://example.org/stkg/id/obs_rel_BTR80_K2BlackPanther_20260205T223936Z_185_c_d	http://example.org/stkg/objectEntity	http://example.org/stkg/id/platform_K2BlackPanther
http://example.org/stkg/id/obs_rel_BTR80_K2BlackPanther_20260205T223936Z_185_c_d	http://example.org/stkg/relationType	http://example.org/stkg/id/relation_behind_of
http://example.org/stkg/id/obs_rel_BTR80_K2BlackPanther_20260205T223936Z_185_c_d	http://example.org/stkg/time	"2026-02-05T22:39:36Z"^^<http://www.w3.org/2001/XMLSchema#dateTime>
http://example.org/stkg/id/obs_rel_K2BlackPanther_BTR80_20260205T223936Z_185_d_c	http://www.w3.org/1999/02/22-rdf-syntax-ns#type	http://example.org/stkg/id/SpatialRelationObservation
http://example.org/stkg/id/obs_rel_K2BlackPanther_BTR80_20260205T223936Z_185_d_c	http://example.org/stkg/subjectEntity	http://example.org/stkg/id/platform_K2BlackPanther
http://example.org/stkg/id/obs_rel_K2BlackPanther_BTR80_20260205T223936Z_185_d_c	http://example.org/stkg/objectEntity	http://example.org/stkg/id/platform_BTR80
http://example.org/stkg/id/obs_rel_K2BlackPanther_BTR80_20260205T223936Z_185_d_c	http://example.org/stkg/relationType	http://example.org/stkg/id/relation_ahead_of
http://example.org/stkg/id/obs_rel_K2BlackPanther_BTR80_20260205T223936Z_185_d_c	http://example.org/stkg/time	"2026-02-05T22:39:36Z"^^<http://www.w3.org/2001/XMLSchema#dateTime>
http://example.org/stkg/id/obs_rel_K2BlackPanther_T90_20260205T223936Z_185_d_e	http://www.w3.org/1999/02/22-rdf-syntax-ns#type	http://example.org/stkg/id/SpatialRelationObservation
http://example.org/stkg/id/obs_rel_K2BlackPanther_T90_20260205T223936Z_185_d_e	http://example.org/stkg/subjectEntity	http://example.org/stkg/id/platform_K2BlackPanther
http://example.org/stkg/id/obs_rel_K2BlackPanther_T90_20260205T223936Z_185_d_e	http://example.org/stkg/objectEntity	http://example.org/stkg/id/platform_T90
http://example.org/stkg/id/obs_rel_K2BlackPanther_T90_20260205T223936Z_185_d_e	http://example.org/stkg/relationType	http://example.org/stkg/id/relation_behind_of
http://example.org/stkg/id/obs_rel_K2BlackPanther_T90_20260205T223936Z_185_d_e	http://example.org/stkg/time	"2026-02-05T22:39:36Z"^^<http://www.w3.org/2001/XMLSchema#dateTime>
http://example.org/stkg/id/obs_rel_T90_K2BlackPanther_20260205T223936Z_185_e_d	http://www.w3.org/1999/02/22-rdf-syntax-ns#type	http://example.org/stkg/id/SpatialRelationObservation
http://example.org/stkg/id/obs_rel_T90_K2BlackPanther_20260205T223936Z_185_e_d	http://example.org/stkg/subjectEntity	http://example.org/stkg/id/platform_T90
http://example.org/stkg/id/obs_rel_T90_K2BlackPanther_20260205T223936Z_185_e_d	http://example.org/stkg/objectEntity	http://example.org/stkg/id/platform_K2BlackPanther
http://example.org/stkg/id/obs_rel_T90_K2BlackPanther_20260205T223936Z_185_e_d	http://example.org/stkg/relationType	http://example.org/stkg/id/relation_ahead_of
http://example.org/stkg/id/obs_rel_T90_K2BlackPanther_20260205T223936Z_185_e_d	http://example.org/stkg/time	"2026-02-05T22:39:36Z"^^<http://www.w3.org/2001/XMLSchema#dateTime>
http://example.org/stkg/id/obs_rel_BTR80_T90_20260205T223936Z_185_c_e	http://www.w3.org/1999/02/22-rdf-syntax-ns#type	http://example.org/stkg/id/SpatialRelationObservation
http://example.org/stkg/id/obs_rel_BTR80_T90_20260205T223936Z_185_c_e	http://example.org/stkg/subjectEntity	http://example.org/stkg/id/platform_BTR80
http://example.org/stkg/id/obs_rel_BTR80_T90_20260205T223936Z_185_c_e	http://example.org/stkg/objectEntity	http://example.org/stkg/id/platform_T90
http://example.org/stkg/id/obs_rel_BTR80_T90_20260205T223936Z_185_c_e	http://example.org/stkg/relationType	http://example.org/stkg/id/relation_behind_of
http://example.org/stkg/id/obs_rel_BTR80_T90_20260205T223936Z_185_c_e	http://example.org/stkg/time	"2026-02-05T22:39:36Z"^^<http://www.w3.org/2001/XMLSchema#dateTime>
http://example.org/stkg/id/obs_rel_T90_BTR80_20260205T223936Z_185_e_c	http://www.w3.org/1999/02/22-rdf-syntax-ns#type	http://example.org/stkg/id/SpatialRelationObservation
http://example.org/stkg/id/obs_rel_T90_BTR80_20260205T223936Z_185_e_c	http://example.org/stkg/subjectEntity	http://example.org/stkg/id/platform_T90
http://example.org/stkg/id/obs_rel_T90_BTR80_20260205T223936Z_185_e_c	http://example.org/stkg/objectEntity	http://example.org/stkg/id/platform_BTR80
http://example.org/stkg/id/obs_rel_T90_BTR80_20260205T223936Z_185_e_c	http://example.org/stkg/relationType	http://example.org/stkg/id/relation_ahead_of
http://example.org/stkg/id/obs_rel_T90_BTR80_20260205T223936Z_185_e_c	http://example.org/stkg/time	"2026-02-05T22:39:36Z"^^<http://www.w3.org/2001/XMLSchema#dateTime>
http://example.org/stkg/id/obs_rel_BTR80_K2BlackPanther_20260205T223937Z_186_c_d	http://www.w3.org/1999/02/22-rdf-syntax-ns#type	http://example.org/stkg/id/SpatialRelationObservation
http://example.org/stkg/id/obs_rel_BTR80_K2BlackPanther_20260205T223937Z_186_c_d	http://example.org/stkg/subjectEntity	http://example.org/stkg/id/platform_BTR80
http://example.org/stkg/id/obs_rel_BTR80_K2BlackPanther_20260205T223937Z_186_c_d	http://example.org/stkg/objectEntity	http://example.org/stkg/id/platform_K2BlackPanther
http://example.org/stkg/id/obs_rel_BTR80_K2BlackPanther_20260205T223937Z_186_c_d	http://example.org/stkg/relationType	http://example.org/stkg/id/relation_behind_of
http://example.org/stkg/id/obs_rel_BTR80_K2BlackPanther_20260205T223937Z_186_c_d	http://example.org/stkg/time	"2026-02-05T22:39:37Z"^^<http://www.w3.org/2001/XMLSchema#dateTime>
http://example.org/stkg/id/obs_rel_K2BlackPanther_BTR80_20260205T223937Z_186_d_c	http://www.w3.org/1999/02/22-rdf-syntax-ns#type	http://example.org/stkg/id/SpatialRelationObservation
http://example.org/stkg/id/obs_rel_K2BlackPanther_BTR80_20260205T223937Z_186_d_c	http://example.org/stkg/subjectEntity	http://example.org/stkg/id/platform_K2BlackPanther
http://example.org/stkg/id/obs_rel_K2BlackPanther_BTR80_20260205T223937Z_186_d_c	http://example.org/stkg/objectEntity	http://example.org/stkg/id/platform_BTR80
http://example.org/stkg/id/obs_rel_K2BlackPanther_BTR80_20260205T223937Z_186_d_c	http://example.org/stkg/relationType	http://example.org/stkg/id/relation_ahead_of
http://example.org/stkg/id/obs_rel_K2BlackPanther_BTR80_20260205T223937Z_186_d_c	http://example.org/stkg/time	"2026-02-05T22:39:37Z"^^<http://www.w3.org/2001/XMLSchema#dateTime>
http://example.org/stkg/id/obs_rel_K2BlackPanther_T90_20260205T223937Z_186_d_e	http://www.w3.org/1999/02/22-rdf-syntax-ns#type	http://example.org/stkg/id/SpatialRelationObservation
http://example.org/stkg/id/obs_rel_K2BlackPanther_T90_20260205T223937Z_186_d_e	http://example.org/stkg/subjectEntity	http://example.org/stkg/id/platform_K2BlackPanther
http://example.org/stkg/id/obs_rel_K2BlackPanther_T90_20260205T223937Z_186_d_e	http://example.org/stkg/objectEntity	http://example.org/stkg/id/platform_T90
http://example.org/stkg/id/obs_rel_K2BlackPanther_T90_20260205T223937Z_186_d_e	http://example.org/stkg/relationType	http://example.org/stkg/id/relation_behind_of
http://example.org/stkg/id/obs_rel_K2BlackPanther_T90_20260205T223937Z_186_d_e	http://example.org/stkg/time	"2026-02-05T22:39:37Z"^^<http://www.w3.org/2001/XMLSchema#dateTime>
http://example.org/stkg/id/obs_rel_T90_K2BlackPanther_20260205T223937Z_186_e_d	http://www.w3.org/1999/02/22-rdf-syntax-ns#type	http://example.org/stkg/id/SpatialRelationObservation
http://example.org/stkg/id/obs_rel_T90_K2BlackPanther_20260205T223937Z_186_e_d	http://example.org/stkg/subjectEntity	http://example.org/stkg/id/platform_T90
http://example.org/stkg/id/obs_rel_T90_K2BlackPanther_20260205T223937Z_186_e_d	http://example.org/stkg/objectEntity	http://example.org/stkg/id/platform_K2BlackPanther
http://example.org/stkg/id/obs_rel_T90_K2BlackPanther_20260205T223937Z_186_e_d	http://example.org/stkg/relationType	http://example.org/stkg/id/relation_ahead_of
http://example.org/stkg/id/obs_rel_T90_K2BlackPanther_20260205T223937Z_186_e_d	http://example.org/stkg/time	"2026-02-05T22:39:37Z"^^<http://www.w3.org/2001/XMLSchema#dateTime>
http://example.org/stkg/id/obs_rel_BTR80_T90_20260205T223937Z_186_c_e	http://www.w3.org/1999/02/22-rdf-syntax-ns#type	http://example.org/stkg/id/SpatialRelationObservation
http://example.org/stkg/id/obs_rel_BTR80_T90_20260205T223937Z_186_c_e	http://example.org/stkg/subjectEntity	http://example.org/stkg/id/platform_BTR80
http://example.org/stkg/id/obs_rel_BTR80_T90_20260205T223937Z_186_c_e	http://example.org/stkg/objectEntity	http://example.org/stkg/id/platform_T90
http://example.org/stkg/id/obs_rel_BTR80_T90_20260205T223937Z_186_c_e	http://example.org/stkg/relationType	http://example.org/stkg/id/relation_behind_of
http://example.org/stkg/id/obs_rel_BTR80_T90_20260205T223937Z_186_c_e	http://example.org/stkg/time	"2026-02-05T22:39:37Z"^^<http://www.w3.org/2001/XMLSchema#dateTime>
http://example.org/stkg/id/obs_rel_T90_BTR80_20260205T223937Z_186_e_c	http://www.w3.org/1999/02/22-rdf-syntax-ns#type	http://example.org/stkg/id/SpatialRelationObservation
http://example.org/stkg/id/obs_rel_T90_BTR80_20260205T223937Z_186_e_c	http://example.org/stkg/subjectEntity	http://example.org/stkg/id/platform_T90
http://example.org/stkg/id/obs_rel_T90_BTR80_20260205T223937Z_186_e_c	http://example.org/stkg/objectEntity	http://example.org/stkg/id/platform_BTR80
http://example.org/stkg/id/obs_rel_T90_BTR80_20260205T223937Z_186_e_c	http://example.org/stkg/relationType	http://example.org/stkg/id/relation_ahead_of
http://example.org/stkg/id/obs_rel_T90_BTR80_20260205T223937Z_186_e_c	http://example.org/stkg/time	"2026-02-05T22:39:37Z"^^<http://www.w3.org/2001/XMLSchema#dateTime>
http://example.org/stkg/id/obs_rel_BTR80_K2BlackPanther_20260205T223938Z_187_c_d	http://www.w3.org/1999/02/22-rdf-syntax-ns#type	http://example.org/stkg/id/SpatialRelationObservation
http://example.org/stkg/id/obs_rel_BTR80_K2BlackPanther_20260205T223938Z_187_c_d	http://example.org/stkg/subjectEntity	http://example.org/stkg/id/platform_BTR80
http://example.org/stkg/id/obs_rel_BTR80_K2BlackPanther_20260205T223938Z_187_c_d	http://example.org/stkg/objectEntity	http://example.org/stkg/id/platform_K2BlackPanther
http://example.org/stkg/id/obs_rel_BTR80_K2BlackPanther_20260205T223938Z_187_c_d	http://example.org/stkg/relationType	http://example.org/stkg/id/relation_behind_of
http://example.org/stkg/id/obs_rel_BTR80_K2BlackPanther_20260205T223938Z_187_c_d	http://example.org/stkg/time	"2026-02-05T22:39:38Z"^^<http://www.w3.org/2001/XMLSchema#dateTime>
http://example.org/stkg/id/obs_rel_K2BlackPanther_BTR80_20260205T223938Z_187_d_c	http://www.w3.org/1999/02/22-rdf-syntax-ns#type	http://example.org/stkg/id/SpatialRelationObservation
http://example.org/stkg/id/obs_rel_K2BlackPanther_BTR80_20260205T223938Z_187_d_c	http://example.org/stkg/subjectEntity	http://example.org/stkg/id/platform_K2BlackPanther
http://example.org/stkg/id/obs_rel_K2BlackPanther_BTR80_20260205T223938Z_187_d_c	http://example.org/stkg/objectEntity	http://example.org/stkg/id/platform_BTR80
http://example.org/stkg/id/obs_rel_K2BlackPanther_BTR80_20260205T223938Z_187_d_c	http://example.org/stkg/relationType	http://example.org/stkg/id/relation_ahead_of
http://example.org/stkg/id/obs_rel_K2BlackPanther_BTR80_20260205T223938Z_187_d_c	http://example.org/stkg/time	"2026-02-05T22:39:38Z"^^<http://www.w3.org/2001/XMLSchema#dateTime>
http://example.org/stkg/id/obs_rel_K2BlackPanther_T90_20260205T223938Z_187_d_e	http://www.w3.org/1999/02/22-rdf-syntax-ns#type	http://example.org/stkg/id/SpatialRelationObservation
http://example.org/stkg/id/obs_rel_K2BlackPanther_T90_20260205T223938Z_187_d_e	http://example.org/stkg/subjectEntity	http://example.org/stkg/id/platform_K2BlackPanther
http://example.org/stkg/id/obs_rel_K2BlackPanther_T90_20260205T223938Z_187_d_e	http://example.org/stkg/objectEntity	http://example.org/stkg/id/platform_T90
http://example.org/stkg/id/obs_rel_K2BlackPanther_T90_20260205T223938Z_187_d_e	http://example.org/stkg/relationType	http://example.org/stkg/id/relation_behind_of
http://example.org/stkg/id/obs_rel_K2BlackPanther_T90_20260205T223938Z_187_d_e	http://example.org/stkg/time	"2026-02-05T22:39:38Z"^^<http://www.w3.org/2001/XMLSchema#dateTime>
http://example.org/stkg/id/obs_rel_T90_K2BlackPanther_20260205T223938Z_187_e_d	http://www.w3.org/1999/02/22-rdf-syntax-ns#type	http://example.org/stkg/id/SpatialRelationObservation
http://example.org/stkg/id/obs_rel_T90_K2BlackPanther_20260205T223938Z_187_e_d	http://example.org/stkg/subjectEntity	http://example.org/stkg/id/platform_T90
http://example.org/stkg/id/obs_rel_T90_K2BlackPanther_20260205T223938Z_187_e_d	http://example.org/stkg/objectEntity	http://example.org/stkg/id/platform_K2BlackPanther
http://example.org/stkg/id/obs_rel_T90_K2BlackPanther_20260205T223938Z_187_e_d	http://example.org/stkg/relationType	http://example.org/stkg/id/relation_ahead_of
http://example.org/stkg/id/obs_rel_T90_K2BlackPanther_20260205T223938Z_187_e_d	http://example.org/stkg/time	"2026-02-05T22:39:38Z"^^<http://www.w3.org/2001/XMLSchema#dateTime>
http://example.org/stkg/id/obs_rel_BTR80_T90_20260205T223938Z_187_c_e	http://www.w3.org/1999/02/22-rdf-syntax-ns#type	http://example.org/stkg/id/SpatialRelationObservation
http://example.org/stkg/id/obs_rel_BTR80_T90_20260205T223938Z_187_c_e	http://example.org/stkg/subjectEntity	http://example.org/stkg/id/platform_BTR80
http://example.org/stkg/id/obs_rel_BTR80_T90_20260205T223938Z_187_c_e	http://example.org/stkg/objectEntity	http://example.org/stkg/id/platform_T90
http://example.org/stkg/id/obs_rel_BTR80_T90_20260205T223938Z_187_c_e	http://example.org/stkg/relationType	http://example.org/stkg/id/relation_behind_of
http://example.org/stkg/id/obs_rel_BTR80_T90_20260205T223938Z_187_c_e	http://example.org/stkg/time	"2026-02-05T22:39:38Z"^^<http://www.w3.org/2001/XMLSchema#dateTime>
http://example.org/stkg/id/obs_rel_T90_BTR80_20260205T223938Z_187_e_c	http://www.w3.org/1999/02/22-rdf-syntax-ns#type	http://example.org/stkg/id/SpatialRelationObservation
http://example.org/stkg/id/obs_rel_T90_BTR80_20260205T223938Z_187_e_c	http://example.org/stkg/subjectEntity	http://example.org/stkg/id/platform_T90
http://example.org/stkg/id/obs_rel_T90_BTR80_20260205T223938Z_187_e_c	http://example.org/stkg/objectEntity	http://example.org/stkg/id/platform_BTR80
http://example.org/stkg/id/obs_rel_T90_BTR80_20260205T223938Z_187_e_c	http://example.org/stkg/relationType	http://example.org/stkg/id/relation_ahead_of
http://example.org/stkg/id/obs_rel_T90_BTR80_20260205T223938Z_187_e_c	http://example.org/stkg/time	"2026-02-05T22:39:38Z"^^<http://www.w3.org/2001/XMLSchema#dateTime>
http://example.org/stkg/id/obs_rel_BTR80_K2BlackPanther_20260205T223939Z_188_c_d	http://www.w3.org/1999/02/22-rdf-syntax-ns#type	http://example.org/stkg/id/SpatialRelationObservation
http://example.org/stkg/id/obs_rel_BTR80_K2BlackPanther_20260205T223939Z_188_c_d	http://example.org/stkg/subjectEntity	http://example.org/stkg/id/platform_BTR80
http://example.org/stkg/id/obs_rel_BTR80_K2BlackPanther_20260205T223939Z_188_c_d	http://example.org/stkg/objectEntity	http://example.org/stkg/id/platform_K2BlackPanther
http://example.org/stkg/id/obs_rel_BTR80_K2BlackPanther_20260205T223939Z_188_c_d	http://example.org/stkg/relationType	http://example.org/stkg/id/relation_behind_of
http://example.org/stkg/id/obs_rel_BTR80_K2BlackPanther_20260205T223939Z_188_c_d	http://example.org/stkg/time	"2026-02-05T22:39:39Z"^^<http://www.w3.org/2001/XMLSchema#dateTime>
http://example.org/stkg/id/obs_rel_K2BlackPanther_BTR80_20260205T223939Z_188_d_c	http://www.w3.org/1999/02/22-rdf-syntax-ns#type	http://example.org/stkg/id/SpatialRelationObservation
http://example.org/stkg/id/obs_rel_K2BlackPanther_BTR80_20260205T223939Z_188_d_c	http://example.org/stkg/subjectEntity	http://example.org/stkg/id/platform_K2BlackPanther
http://example.org/stkg/id/obs_rel_K2BlackPanther_BTR80_20260205T223939Z_188_d_c	http://example.org/stkg/objectEntity	http://example.org/stkg/id/platform_BTR80
http://example.org/stkg/id/obs_rel_K2BlackPanther_BTR80_20260205T223939Z_188_d_c	http://example.org/stkg/relationType	http://example.org/stkg/id/relation_ahead_of
http://example.org/stkg/id/obs_rel_K2BlackPanther_BTR80_20260205T223939Z_188_d_c	http://example.org/stkg/time	"2026-02-05T22:39:39Z"^^<http://www.w3.org/2001/XMLSchema#dateTime>
http://example.org/stkg/id/obs_rel_K2BlackPanther_T90_20260205T223939Z_188_d_e	http://www.w3.org/1999/02/22-rdf-syntax-ns#type	http://example.org/stkg/id/SpatialRelationObservation
http://example.org/stkg/id/obs_rel_K2BlackPanther_T90_20260205T223939Z_188_d_e	http://example.org/stkg/subjectEntity	http://example.org/stkg/id/platform_K2BlackPanther
http://example.org/stkg/id/obs_rel_K2BlackPanther_T90_20260205T223939Z_188_d_e	http://example.org/stkg/objectEntity	http://example.org/stkg/id/platform_T90
http://example.org/stkg/id/obs_rel_K2BlackPanther_T90_20260205T223939Z_188_d_e	http://example.org/stkg/relationType	http://example.org/stkg/id/relation_behind_of
http://example.org/stkg/id/obs_rel_K2BlackPanther_T90_20260205T223939Z_188_d_e	http://example.org/stkg/time	"2026-02-05T22:39:39Z"^^<http://www.w3.org/2001/XMLSchema#dateTime>
http://example.org/stkg/id/obs_rel_T90_K2BlackPanther_20260205T223939Z_188_e_d	http://www.w3.org/1999/02/22-rdf-syntax-ns#type	http://example.org/stkg/id/SpatialRelationObservation
http://example.org/stkg/id/obs_rel_T90_K2BlackPanther_20260205T223939Z_188_e_d	http://example.org/stkg/subjectEntity	http://example.org/stkg/id/platform_T90
http://example.org/stkg/id/obs_rel_T90_K2BlackPanther_20260205T223939Z_188_e_d	http://example.org/stkg/objectEntity	http://example.org/stkg/id/platform_K2BlackPanther
http://example.org/stkg/id/obs_rel_T90_K2BlackPanther_20260205T223939Z_188_e_d	http://example.org/stkg/relationType	http://example.org/stkg/id/relation_ahead_of
http://example.org/stkg/id/obs_rel_T90_K2BlackPanther_20260205T223939Z_188_e_d	http://example.org/stkg/time	"2026-02-05T22:39:39Z"^^<http://www.w3.org/2001/XMLSchema#dateTime>
http://example.org/stkg/id/obs_rel_BTR80_T90_20260205T223939Z_188_c_e	http://www.w3.org/1999/02/22-rdf-syntax-ns#type	http://example.org/stkg/id/SpatialRelationObservation
http://example.org/stkg/id/obs_rel_BTR80_T90_20260205T223939Z_188_c_e	http://example.org/stkg/subjectEntity	http://example.org/stkg/id/platform_BTR80
http://example.org/stkg/id/obs_rel_BTR80_T90_20260205T223939Z_188_c_e	http://example.org/stkg/objectEntity	http://example.org/stkg/id/platform_T90
http://example.org/stkg/id/obs_rel_BTR80_T90_20260205T223939Z_188_c_e	http://example.org/stkg/relationType	http://example.org/stkg/id/relation_behind_of
http://example.org/stkg/id/obs_rel_BTR80_T90_20260205T223939Z_188_c_e	http://example.org/stkg/time	"2026-02-05T22:39:39Z"^^<http://www.w3.org/2001/XMLSchema#dateTime>
http://example.org/stkg/id/obs_rel_T90_BTR80_20260205T223939Z_188_e_c	http://www.w3.org/1999/02/22-rdf-syntax-ns#type	http://example.org/stkg/id/SpatialRelationObservation
http://example.org/stkg/id/obs_rel_T90_BTR80_20260205T223939Z_188_e_c	http://example.org/stkg/subjectEntity	http://example.org/stkg/id/platform_T90
http://example.org/stkg/id/obs_rel_T90_BTR80_20260205T223939Z_188_e_c	http://example.org/stkg/objectEntity	http://example.org/stkg/id/platform_BTR80
http://example.org/stkg/id/obs_rel_T90_BTR80_20260205T223939Z_188_e_c	http://example.org/stkg/relationType	http://example.org/stkg/id/relation_ahead_of
http://example.org/stkg/id/obs_rel_T90_BTR80_20260205T223939Z_188_e_c	http://example.org/stkg/time	"2026-02-05T22:39:39Z"^^<http://www.w3.org/2001/XMLSchema#dateTime>
http://example.org/stkg/id/obs_rel_BTR80_K2BlackPanther_20260205T223940Z_189_c_d	http://www.w3.org/1999/02/22-rdf-syntax-ns#type	http://example.org/stkg/id/SpatialRelationObservation
http://example.org/stkg/id/obs_rel_BTR80_K2BlackPanther_20260205T223940Z_189_c_d	http://example.org/stkg/subjectEntity	http://example.org/stkg/id/platform_BTR80
http://example.org/stkg/id/obs_rel_BTR80_K2BlackPanther_20260205T223940Z_189_c_d	http://example.org/stkg/objectEntity	http://example.org/stkg/id/platform_K2BlackPanther
http://example.org/stkg/id/obs_rel_BTR80_K2BlackPanther_20260205T223940Z_189_c_d	http://example.org/stkg/relationType	http://example.org/stkg/id/relation_behind_of
http://example.org/stkg/id/obs_rel_BTR80_K2BlackPanther_20260205T223940Z_189_c_d	http://example.org/stkg/time	"2026-02-05T22:39:40Z"^^<http://www.w3.org/2001/XMLSchema#dateTime>
http://example.org/stkg/id/obs_rel_K2BlackPanther_BTR80_20260205T223940Z_189_d_c	http://www.w3.org/1999/02/22-rdf-syntax-ns#type	http://example.org/stkg/id/SpatialRelationObservation
http://example.org/stkg/id/obs_rel_K2BlackPanther_BTR80_20260205T223940Z_189_d_c	http://example.org/stkg/subjectEntity	http://example.org/stkg/id/platform_K2BlackPanther
http://example.org/stkg/id/obs_rel_K2BlackPanther_BTR80_20260205T223940Z_189_d_c	http://example.org/stkg/objectEntity	http://example.org/stkg/id/platform_BTR80
http://example.org/stkg/id/obs_rel_K2BlackPanther_BTR80_20260205T223940Z_189_d_c	http://example.org/stkg/relationType	http://example.org/stkg/id/relation_ahead_of
http://example.org/stkg/id/obs_rel_K2BlackPanther_BTR80_20260205T223940Z_189_d_c	http://example.org/stkg/time	"2026-02-05T22:39:40Z"^^<http://www.w3.org/2001/XMLSchema#dateTime>
http://example.org/stkg/id/obs_rel_K2BlackPanther_T90_20260205T223940Z_189_d_e	http://www.w3.org/1999/02/22-rdf-syntax-ns#type	http://example.org/stkg/id/SpatialRelationObservation
http://example.org/stkg/id/obs_rel_K2BlackPanther_T90_20260205T223940Z_189_d_e	http://example.org/stkg/subjectEntity	http://example.org/stkg/id/platform_K2BlackPanther
http://example.org/stkg/id/obs_rel_K2BlackPanther_T90_20260205T223940Z_189_d_e	http://example.org/stkg/objectEntity	http://example.org/stkg/id/platform_T90
http://example.org/stkg/id/obs_rel_K2BlackPanther_T90_20260205T223940Z_189_d_e	http://example.org/stkg/relationType	http://example.org/stkg/id/relation_behind_of
http://example.org/stkg/id/obs_rel_K2BlackPanther_T90_20260205T223940Z_189_d_e	http://example.org/stkg/time	"2026-02-05T22:39:40Z"^^<http://www.w3.org/2001/XMLSchema#dateTime>
http://example.org/stkg/id/obs_rel_T90_K2BlackPanther_20260205T223940Z_189_e_d	http://www.w3.org/1999/02/22-rdf-syntax-ns#type	http://example.org/stkg/id/SpatialRelationObservation
http://example.org/stkg/id/obs_rel_T90_K2BlackPanther_20260205T223940Z_189_e_d	http://example.org/stkg/subjectEntity	http://example.org/stkg/id/platform_T90
http://example.org/stkg/id/obs_rel_T90_K2BlackPanther_20260205T223940Z_189_e_d	http://example.org/stkg/objectEntity	http://example.org/stkg/id/platform_K2BlackPanther
http://example.org/stkg/id/obs_rel_T90_K2BlackPanther_20260205T223940Z_189_e_d	http://example.org/stkg/relationType	http://example.org/stkg/id/relation_ahead_of
http://example.org/stkg/id/obs_rel_T90_K2BlackPanther_20260205T223940Z_189_e_d	http://example.org/stkg/time	"2026-02-05T22:39:40Z"^^<http://www.w3.org/2001/XMLSchema#dateTime>
http://example.org/stkg/id/obs_rel_BTR80_T90_20260205T223940Z_189_c_e	http://www.w3.org/1999/02/22-rdf-syntax-ns#type	http://example.org/stkg/id/SpatialRelationObservation
http://example.org/stkg/id/obs_rel_BTR80_T90_20260205T223940Z_189_c_e	http://example.org/stkg/subjectEntity	http://example.org/stkg/id/platform_BTR80
http://example.org/stkg/id/obs_rel_BTR80_T90_20260205T223940Z_189_c_e	http://example.org/stkg/objectEntity	http://example.org/stkg/id/platform_T90
http://example.org/stkg/id/obs_rel_BTR80_T90_20260205T223940Z_189_c_e	http://example.org/stkg/relationType	http://example.org/stkg/id/relation_behind_of
http://example.org/stkg/id/obs_rel_BTR80_T90_20260205T223940Z_189_c_e	http://example.org/stkg/time	"2026-02-05T22:39:40Z"^^<http://www.w3.org/2001/XMLSchema#dateTime>
http://example.org/stkg/id/obs_rel_T90_BTR80_20260205T223940Z_189_e_c	http://www.w3.org/1999/02/22-rdf-syntax-ns#type	http://example.org/stkg/id/SpatialRelationObservation
http://example.org/stkg/id/obs_rel_T90_BTR80_20260205T223940Z_189_e_c	http://example.org/stkg/subjectEntity	http://example.org/stkg/id/platform_T90
http://example.org/stkg/id/obs_rel_T90_BTR80_20260205T223940Z_189_e_c	http://example.org/stkg/objectEntity	http://example.org/stkg/id/platform_BTR80
http://example.org/stkg/id/obs_rel_T90_BTR80_20260205T223940Z_189_e_c	http://example.org/stkg/relationType	http://example.org/stkg/id/relation_ahead_of
http://example.org/stkg/id/obs_rel_T90_BTR80_20260205T223940Z_189_e_c	http://example.org/stkg/time	"2026-02-05T22:39:40Z"^^<http://www.w3.org/2001/XMLSchema#dateTime>
http://example.org/stkg/id/obs_rel_BTR80_K2BlackPanther_20260205T223941Z_190_c_d	http://www.w3.org/1999/02/22-rdf-syntax-ns#type	http://example.org/stkg/id/SpatialRelationObservation
http://example.org/stkg/id/obs_rel_BTR80_K2BlackPanther_20260205T223941Z_190_c_d	http://example.org/stkg/subjectEntity	http://example.org/stkg/id/platform_BTR80
http://example.org/stkg/id/obs_rel_BTR80_K2BlackPanther_20260205T223941Z_190_c_d	http://example.org/stkg/objectEntity	http://example.org/stkg/id/platform_K2BlackPanther
http://example.org/stkg/id/obs_rel_BTR80_K2BlackPanther_20260205T223941Z_190_c_d	http://example.org/stkg/relationType	http://example.org/stkg/id/relation_behind_of
http://example.org/stkg/id/obs_rel_BTR80_K2BlackPanther_20260205T223941Z_190_c_d	http://example.org/stkg/time	"2026-02-05T22:39:41Z"^^<http://www.w3.org/2001/XMLSchema#dateTime>
http://example.org/stkg/id/obs_rel_K2BlackPanther_BTR80_20260205T223941Z_190_d_c	http://www.w3.org/1999/02/22-rdf-syntax-ns#type	http://example.org/stkg/id/SpatialRelationObservation
http://example.org/stkg/id/obs_rel_K2BlackPanther_BTR80_20260205T223941Z_190_d_c	http://example.org/stkg/subjectEntity	http://example.org/stkg/id/platform_K2BlackPanther
http://example.org/stkg/id/obs_rel_K2BlackPanther_BTR80_20260205T223941Z_190_d_c	http://example.org/stkg/objectEntity	http://example.org/stkg/id/platform_BTR80
http://example.org/stkg/id/obs_rel_K2BlackPanther_BTR80_20260205T223941Z_190_d_c	http://example.org/stkg/relationType	http://example.org/stkg/id/relation_ahead_of
http://example.org/stkg/id/obs_rel_K2BlackPanther_BTR80_20260205T223941Z_190_d_c	http://example.org/stkg/time	"2026-02-05T22:39:41Z"^^<http://www.w3.org/2001/XMLSchema#dateTime>
http://example.org/stkg/id/obs_rel_K2BlackPanther_T90_20260205T223941Z_190_d_e	http://www.w3.org/1999/02/22-rdf-syntax-ns#type	http://example.org/stkg/id/SpatialRelationObservation
http://example.org/stkg/id/obs_rel_K2BlackPanther_T90_20260205T223941Z_190_d_e	http://example.org/stkg/subjectEntity	http://example.org/stkg/id/platform_K2BlackPanther
http://example.org/stkg/id/obs_rel_K2BlackPanther_T90_20260205T223941Z_190_d_e	http://example.org/stkg/objectEntity	http://example.org/stkg/id/platform_T90
http://example.org/stkg/id/obs_rel_K2BlackPanther_T90_20260205T223941Z_190_d_e	http://example.org/stkg/relationType	http://example.org/stkg/id/relation_behind_of
http://example.org/stkg/id/obs_rel_K2BlackPanther_T90_20260205T223941Z_190_d_e	http://example.org/stkg/time	"2026-02-05T22:39:41Z"^^<http://www.w3.org/2001/XMLSchema#dateTime>
http://example.org/stkg/id/obs_rel_T90_K2BlackPanther_20260205T223941Z_190_e_d	http://www.w3.org/1999/02/22-rdf-syntax-ns#type	http://example.org/stkg/id/SpatialRelationObservation
http://example.org/stkg/id/obs_rel_T90_K2BlackPanther_20260205T223941Z_190_e_d	http://example.org/stkg/subjectEntity	http://example.org/stkg/id/platform_T90
http://example.org/stkg/id/obs_rel_T90_K2BlackPanther_20260205T223941Z_190_e_d	http://example.org/stkg/objectEntity	http://example.org/stkg/id/platform_K2BlackPanther
http://example.org/stkg/id/obs_rel_T90_K2BlackPanther_20260205T223941Z_190_e_d	http://example.org/stkg/relationType	http://example.org/stkg/id/relation_ahead_of
http://example.org/stkg/id/obs_rel_T90_K2BlackPanther_20260205T223941Z_190_e_d	http://example.org/stkg/time	"2026-02-05T22:39:41Z"^^<http://www.w3.org/2001/XMLSchema#dateTime>
http://example.org/stkg/id/obs_rel_BTR80_T90_20260205T223941Z_190_c_e	http://www.w3.org/1999/02/22-rdf-syntax-ns#type	http://example.org/stkg/id/SpatialRelationObservation
http://example.org/stkg/id/obs_rel_BTR80_T90_20260205T223941Z_190_c_e	http://example.org/stkg/subjectEntity	http://example.org/stkg/id/platform_BTR80
http://example.org/stkg/id/obs_rel_BTR80_T90_20260205T223941Z_190_c_e	http://example.org/stkg/objectEntity	http://example.org/stkg/id/platform_T90
http://example.org/stkg/id/obs_rel_BTR80_T90_20260205T223941Z_190_c_e	http://example.org/stkg/relationType	http://example.org/stkg/id/relation_behind_of
http://example.org/stkg/id/obs_rel_BTR80_T90_20260205T223941Z_190_c_e	http://example.org/stkg/time	"2026-02-05T22:39:41Z"^^<http://www.w3.org/2001/XMLSchema#dateTime>
http://example.org/stkg/id/obs_rel_T90_BTR80_20260205T223941Z_190_e_c	http://www.w3.org/1999/02/22-rdf-syntax-ns#type	http://example.org/stkg/id/SpatialRelationObservation
http://example.org/stkg/id/obs_rel_T90_BTR80_20260205T223941Z_190_e_c	http://example.org/stkg/subjectEntity	http://example.org/stkg/id/platform_T90
http://example.org/stkg/id/obs_rel_T90_BTR80_20260205T223941Z_190_e_c	http://example.org/stkg/objectEntity	http://example.org/stkg/id/platform_BTR80
http://example.org/stkg/id/obs_rel_T90_BTR80_20260205T223941Z_190_e_c	http://example.org/stkg/relationType	http://example.org/stkg/id/relation_ahead_of
http://example.org/stkg/id/obs_rel_T90_BTR80_20260205T223941Z_190_e_c	http://example.org/stkg/time	"2026-02-05T22:39:41Z"^^<http://www.w3.org/2001/XMLSchema#dateTime>
http://example.org/stkg/id/obs_rel_BTR80_K2BlackPanther_20260205T223942Z_191_c_d	http://www.w3.org/1999/02/22-rdf-syntax-ns#type	http://example.org/stkg/id/SpatialRelationObservation
http://example.org/stkg/id/obs_rel_BTR80_K2BlackPanther_20260205T223942Z_191_c_d	http://example.org/stkg/subjectEntity	http://example.org/stkg/id/platform_BTR80
http://example.org/stkg/id/obs_rel_BTR80_K2BlackPanther_20260205T223942Z_191_c_d	http://example.org/stkg/objectEntity	http://example.org/stkg/id/platform_K2BlackPanther
http://example.org/stkg/id/obs_rel_BTR80_K2BlackPanther_20260205T223942Z_191_c_d	http://example.org/stkg/relationType	http://example.org/stkg/id/relation_behind_of
http://example.org/stkg/id/obs_rel_BTR80_K2BlackPanther_20260205T223942Z_191_c_d	http://example.org/stkg/time	"2026-02-05T22:39:42Z"^^<http://www.w3.org/2001/XMLSchema#dateTime>
http://example.org/stkg/id/obs_rel_K2BlackPanther_BTR80_20260205T223942Z_191_d_c	http://www.w3.org/1999/02/22-rdf-syntax-ns#type	http://example.org/stkg/id/SpatialRelationObservation
http://example.org/stkg/id/obs_rel_K2BlackPanther_BTR80_20260205T223942Z_191_d_c	http://example.org/stkg/subjectEntity	http://example.org/stkg/id/platform_K2BlackPanther
http://example.org/stkg/id/obs_rel_K2BlackPanther_BTR80_20260205T223942Z_191_d_c	http://example.org/stkg/objectEntity	http://example.org/stkg/id/platform_BTR80
http://example.org/stkg/id/obs_rel_K2BlackPanther_BTR80_20260205T223942Z_191_d_c	http://example.org/stkg/relationType	http://example.org/stkg/id/relation_ahead_of
http://example.org/stkg/id/obs_rel_K2BlackPanther_BTR80_20260205T223942Z_191_d_c	http://example.org/stkg/time	"2026-02-05T22:39:42Z"^^<http://www.w3.org/2001/XMLSchema#dateTime>
http://example.org/stkg/id/obs_rel_K2BlackPanther_T90_20260205T223942Z_191_d_e	http://www.w3.org/1999/02/22-rdf-syntax-ns#type	http://example.org/stkg/id/SpatialRelationObservation
http://example.org/stkg/id/obs_rel_K2BlackPanther_T90_20260205T223942Z_191_d_e	http://example.org/stkg/subjectEntity	http://example.org/stkg/id/platform_K2BlackPanther
http://example.org/stkg/id/obs_rel_K2BlackPanther_T90_20260205T223942Z_191_d_e	http://example.org/stkg/objectEntity	http://example.org/stkg/id/platform_T90
http://example.org/stkg/id/obs_rel_K2BlackPanther_T90_20260205T223942Z_191_d_e	http://example.org/stkg/relationType	http://example.org/stkg/id/relation_behind_of
http://example.org/stkg/id/obs_rel_K2BlackPanther_T90_20260205T223942Z_191_d_e	http://example.org/stkg/time	"2026-02-05T22:39:42Z"^^<http://www.w3.org/2001/XMLSchema#dateTime>
http://example.org/stkg/id/obs_rel_T90_K2BlackPanther_20260205T223942Z_191_e_d	http://www.w3.org/1999/02/22-rdf-syntax-ns#type	http://example.org/stkg/id/SpatialRelationObservation
http://example.org/stkg/id/obs_rel_T90_K2BlackPanther_20260205T223942Z_191_e_d	http://example.org/stkg/subjectEntity	http://example.org/stkg/id/platform_T90
http://example.org/stkg/id/obs_rel_T90_K2BlackPanther_20260205T223942Z_191_e_d	http://example.org/stkg/objectEntity	http://example.org/stkg/id/platform_K2BlackPanther
http://example.org/stkg/id/obs_rel_T90_K2BlackPanther_20260205T223942Z_191_e_d	http://example.org/stkg/relationType	http://example.org/stkg/id/relation_ahead_of
http://example.org/stkg/id/obs_rel_T90_K2BlackPanther_20260205T223942Z_191_e_d	http://example.org/stkg/time	"2026-02-05T22:39:42Z"^^<http://www.w3.org/2001/XMLSchema#dateTime>
http://example.org/stkg/id/obs_rel_BTR80_T90_20260205T223942Z_191_c_e	http://www.w3.org/1999/02/22-rdf-syntax-ns#type	http://example.org/stkg/id/SpatialRelationObservation
http://example.org/stkg/id/obs_rel_BTR80_T90_20260205T223942Z_191_c_e	http://example.org/stkg/subjectEntity	http://example.org/stkg/id/platform_BTR80
http://example.org/stkg/id/obs_rel_BTR80_T90_20260205T223942Z_191_c_e	http://example.org/stkg/objectEntity	http://example.org/stkg/id/platform_T90
http://example.org/stkg/id/obs_rel_BTR80_T90_20260205T223942Z_191_c_e	http://example.org/stkg/relationType	http://example.org/stkg/id/relation_behind_of
http://example.org/stkg/id/obs_rel_BTR80_T90_20260205T223942Z_191_c_e	http://example.org/stkg/time	"2026-02-05T22:39:42Z"^^<http://www.w3.org/2001/XMLSchema#dateTime>
http://example.org/stkg/id/obs_rel_T90_BTR80_20260205T223942Z_191_e_c	http://www.w3.org/1999/02/22-rdf-syntax-ns#type	http://example.org/stkg/id/SpatialRelationObservation
http://example.org/stkg/id/obs_rel_T90_BTR80_20260205T223942Z_191_e_c	http://example.org/stkg/subjectEntity	http://example.org/stkg/id/platform_T90
http://example.org/stkg/id/obs_rel_T90_BTR80_20260205T223942Z_191_e_c	http://example.org/stkg/objectEntity	http://example.org/stkg/id/platform_BTR80
http://example.org/stkg/id/obs_rel_T90_BTR80_20260205T223942Z_191_e_c	http://example.org/stkg/relationType	http://example.org/stkg/id/relation_ahead_of
http://example.org/stkg/id/obs_rel_T90_BTR80_20260205T223942Z_191_e_c	http://example.org/stkg/time	"2026-02-05T22:39:42Z"^^<http://www.w3.org/2001/XMLSchema#dateTime>
http://example.org/stkg/id/obs_rel_BTR80_K2BlackPanther_20260205T223943Z_192_c_d	http://www.w3.org/1999/02/22-rdf-syntax-ns#type	http://example.org/stkg/id/SpatialRelationObservation
http://example.org/stkg/id/obs_rel_BTR80_K2BlackPanther_20260205T223943Z_192_c_d	http://example.org/stkg/subjectEntity	http://example.org/stkg/id/platform_BTR80
http://example.org/stkg/id/obs_rel_BTR80_K2BlackPanther_20260205T223943Z_192_c_d	http://example.org/stkg/objectEntity	http://example.org/stkg/id/platform_K2BlackPanther
http://example.org/stkg/id/obs_rel_BTR80_K2BlackPanther_20260205T223943Z_192_c_d	http://example.org/stkg/relationType	http://example.org/stkg/id/relation_behind_of
http://example.org/stkg/id/obs_rel_BTR80_K2BlackPanther_20260205T223943Z_192_c_d	http://example.org/stkg/time	"2026-02-05T22:39:43Z"^^<http://www.w3.org/2001/XMLSchema#dateTime>
http://example.org/stkg/id/obs_rel_K2BlackPanther_BTR80_20260205T223943Z_192_d_c	http://www.w3.org/1999/02/22-rdf-syntax-ns#type	http://example.org/stkg/id/SpatialRelationObservation
http://example.org/stkg/id/obs_rel_K2BlackPanther_BTR80_20260205T223943Z_192_d_c	http://example.org/stkg/subjectEntity	http://example.org/stkg/id/platform_K2BlackPanther
http://example.org/stkg/id/obs_rel_K2BlackPanther_BTR80_20260205T223943Z_192_d_c	http://example.org/stkg/objectEntity	http://example.org/stkg/id/platform_BTR80
http://example.org/stkg/id/obs_rel_K2BlackPanther_BTR80_20260205T223943Z_192_d_c	http://example.org/stkg/relationType	http://example.org/stkg/id/relation_ahead_of
http://example.org/stkg/id/obs_rel_K2BlackPanther_BTR80_20260205T223943Z_192_d_c	http://example.org/stkg/time	"2026-02-05T22:39:43Z"^^<http://www.w3.org/2001/XMLSchema#dateTime>
http://example.org/stkg/id/obs_rel_K2BlackPanther_T90_20260205T223943Z_192_d_e	http://www.w3.org/1999/02/22-rdf-syntax-ns#type	http://example.org/stkg/id/SpatialRelationObservation
http://example.org/stkg/id/obs_rel_K2BlackPanther_T90_20260205T223943Z_192_d_e	http://example.org/stkg/subjectEntity	http://example.org/stkg/id/platform_K2BlackPanther
http://example.org/stkg/id/obs_rel_K2BlackPanther_T90_20260205T223943Z_192_d_e	http://example.org/stkg/objectEntity	http://example.org/stkg/id/platform_T90
http://example.org/stkg/id/obs_rel_K2BlackPanther_T90_20260205T223943Z_192_d_e	http://example.org/stkg/relationType	http://example.org/stkg/id/relation_behind_of
http://example.org/stkg/id/obs_rel_K2BlackPanther_T90_20260205T223943Z_192_d_e	http://example.org/stkg/time	"2026-02-05T22:39:43Z"^^<http://www.w3.org/2001/XMLSchema#dateTime>
http://example.org/stkg/id/obs_rel_T90_K2BlackPanther_20260205T223943Z_192_e_d	http://www.w3.org/1999/02/22-rdf-syntax-ns#type	http://example.org/stkg/id/SpatialRelationObservation
http://example.org/stkg/id/obs_rel_T90_K2BlackPanther_20260205T223943Z_192_e_d	http://example.org/stkg/subjectEntity	http://example.org/stkg/id/platform_T90
http://example.org/stkg/id/obs_rel_T90_K2BlackPanther_20260205T223943Z_192_e_d	http://example.org/stkg/objectEntity	http://example.org/stkg/id/platform_K2BlackPanther
http://example.org/stkg/id/obs_rel_T90_K2BlackPanther_20260205T223943Z_192_e_d	http://example.org/stkg/relationType	http://example.org/stkg/id/relation_ahead_of
http://example.org/stkg/id/obs_rel_T90_K2BlackPanther_20260205T223943Z_192_e_d	http://example.org/stkg/time	"2026-02-05T22:39:43Z"^^<http://www.w3.org/2001/XMLSchema#dateTime>
http://example.org/stkg/id/obs_rel_BTR80_T90_20260205T223943Z_192_c_e	http://www.w3.org/1999/02/22-rdf-syntax-ns#type	http://example.org/stkg/id/SpatialRelationObservation
http://example.org/stkg/id/obs_rel_BTR80_T90_20260205T223943Z_192_c_e	http://example.org/stkg/subjectEntity	http://example.org/stkg/id/platform_BTR80
http://example.org/stkg/id/obs_rel_BTR80_T90_20260205T223943Z_192_c_e	http://example.org/stkg/objectEntity	http://example.org/stkg/id/platform_T90
http://example.org/stkg/id/obs_rel_BTR80_T90_20260205T223943Z_192_c_e	http://example.org/stkg/relationType	http://example.org/stkg/id/relation_behind_of
http://example.org/stkg/id/obs_rel_BTR80_T90_20260205T223943Z_192_c_e	http://example.org/stkg/time	"2026-02-05T22:39:43Z"^^<http://www.w3.org/2001/XMLSchema#dateTime>
http://example.org/stkg/id/obs_rel_T90_BTR80_20260205T223943Z_192_e_c	http://www.w3.org/1999/02/22-rdf-syntax-ns#type	http://example.org/stkg/id/SpatialRelationObservation
http://example.org/stkg/id/obs_rel_T90_BTR80_20260205T223943Z_192_e_c	http://example.org/stkg/subjectEntity	http://example.org/stkg/id/platform_T90
http://example.org/stkg/id/obs_rel_T90_BTR80_20260205T223943Z_192_e_c	http://example.org/stkg/objectEntity	http://example.org/stkg/id/platform_BTR80
http://example.org/stkg/id/obs_rel_T90_BTR80_20260205T223943Z_192_e_c	http://example.org/stkg/relationType	http://example.org/stkg/id/relation_ahead_of
http://example.org/stkg/id/obs_rel_T90_BTR80_20260205T223943Z_192_e_c	http://example.org/stkg/time	"2026-02-05T22:39:43Z"^^<http://www.w3.org/2001/XMLSchema#dateTime>
http://example.org/stkg/id/obs_rel_BTR80_K2BlackPanther_20260205T223944Z_193_c_d	http://www.w3.org/1999/02/22-rdf-syntax-ns#type	http://example.org/stkg/id/SpatialRelationObservation
http://example.org/stkg/id/obs_rel_BTR80_K2BlackPanther_20260205T223944Z_193_c_d	http://example.org/stkg/subjectEntity	http://example.org/stkg/id/platform_BTR80
http://example.org/stkg/id/obs_rel_BTR80_K2BlackPanther_20260205T223944Z_193_c_d	http://example.org/stkg/objectEntity	http://example.org/stkg/id/platform_K2BlackPanther
http://example.org/stkg/id/obs_rel_BTR80_K2BlackPanther_20260205T223944Z_193_c_d	http://example.org/stkg/relationType	http://example.org/stkg/id/relation_behind_of
http://example.org/stkg/id/obs_rel_BTR80_K2BlackPanther_20260205T223944Z_193_c_d	http://example.org/stkg/time	"2026-02-05T22:39:44Z"^^<http://www.w3.org/2001/XMLSchema#dateTime>
http://example.org/stkg/id/obs_rel_K2BlackPanther_BTR80_20260205T223944Z_193_d_c	http://www.w3.org/1999/02/22-rdf-syntax-ns#type	http://example.org/stkg/id/SpatialRelationObservation
http://example.org/stkg/id/obs_rel_K2BlackPanther_BTR80_20260205T223944Z_193_d_c	http://example.org/stkg/subjectEntity	http://example.org/stkg/id/platform_K2BlackPanther
http://example.org/stkg/id/obs_rel_K2BlackPanther_BTR80_20260205T223944Z_193_d_c	http://example.org/stkg/objectEntity	http://example.org/stkg/id/platform_BTR80
http://example.org/stkg/id/obs_rel_K2BlackPanther_BTR80_20260205T223944Z_193_d_c	http://example.org/stkg/relationType	http://example.org/stkg/id/relation_ahead_of
http://example.org/stkg/id/obs_rel_K2BlackPanther_BTR80_20260205T223944Z_193_d_c	http://example.org/stkg/time	"2026-02-05T22:39:44Z"^^<http://www.w3.org/2001/XMLSchema#dateTime>
http://example.org/stkg/id/obs_rel_K2BlackPanther_T90_20260205T223944Z_193_d_e	http://www.w3.org/1999/02/22-rdf-syntax-ns#type	http://example.org/stkg/id/SpatialRelationObservation
http://example.org/stkg/id/obs_rel_K2BlackPanther_T90_20260205T223944Z_193_d_e	http://example.org/stkg/subjectEntity	http://example.org/stkg/id/platform_K2BlackPanther
http://example.org/stkg/id/obs_rel_K2BlackPanther_T90_20260205T223944Z_193_d_e	http://example.org/stkg/objectEntity	http://example.org/stkg/id/platform_T90
http://example.org/stkg/id/obs_rel_K2BlackPanther_T90_20260205T223944Z_193_d_e	http://example.org/stkg/relationType	http://example.org/stkg/id/relation_behind_of
http://example.org/stkg/id/obs_rel_K2BlackPanther_T90_20260205T223944Z_193_d_e	http://example.org/stkg/time	"2026-02-05T22:39:44Z"^^<http://www.w3.org/2001/XMLSchema#dateTime>
http://example.org/stkg/id/obs_rel_T90_K2BlackPanther_20260205T223944Z_193_e_d	http://www.w3.org/1999/02/22-rdf-syntax-ns#type	http://example.org/stkg/id/SpatialRelationObservation
http://example.org/stkg/id/obs_rel_T90_K2BlackPanther_20260205T223944Z_193_e_d	http://example.org/stkg/subjectEntity	http://example.org/stkg/id/platform_T90
http://example.org/stkg/id/obs_rel_T90_K2BlackPanther_20260205T223944Z_193_e_d	http://example.org/stkg/objectEntity	http://example.org/stkg/id/platform_K2BlackPanther
http://example.org/stkg/id/obs_rel_T90_K2BlackPanther_20260205T223944Z_193_e_d	http://example.org/stkg/relationType	http://example.org/stkg/id/relation_ahead_of
http://example.org/stkg/id/obs_rel_T90_K2BlackPanther_20260205T223944Z_193_e_d	http://example.org/stkg/time	"2026-02-05T22:39:44Z"^^<http://www.w3.org/2001/XMLSchema#dateTime>
http://example.org/stkg/id/obs_rel_BTR80_T90_20260205T223944Z_193_c_e	http://www.w3.org/1999/02/22-rdf-syntax-ns#type	http://example.org/stkg/id/SpatialRelationObservation
http://example.org/stkg/id/obs_rel_BTR80_T90_20260205T223944Z_193_c_e	http://example.org/stkg/subjectEntity	http://example.org/stkg/id/platform_BTR80
http://example.org/stkg/id/obs_rel_BTR80_T90_20260205T223944Z_193_c_e	http://example.org/stkg/objectEntity	http://example.org/stkg/id/platform_T90
http://example.org/stkg/id/obs_rel_BTR80_T90_20260205T223944Z_193_c_e	http://example.org/stkg/relationType	http://example.org/stkg/id/relation_behind_of
http://example.org/stkg/id/obs_rel_BTR80_T90_20260205T223944Z_193_c_e	http://example.org/stkg/time	"2026-02-05T22:39:44Z"^^<http://www.w3.org/2001/XMLSchema#dateTime>
http://example.org/stkg/id/obs_rel_T90_BTR80_20260205T223944Z_193_e_c	http://www.w3.org/1999/02/22-rdf-syntax-ns#type	http://example.org/stkg/id/SpatialRelationObservation
http://example.org/stkg/id/obs_rel_T90_BTR80_20260205T223944Z_193_e_c	http://example.org/stkg/subjectEntity	http://example.org/stkg/id/platform_T90
http://example.org/stkg/id/obs_rel_T90_BTR80_20260205T223944Z_193_e_c	http://example.org/stkg/objectEntity	http://example.org/stkg/id/platform_BTR80
http://example.org/stkg/id/obs_rel_T90_BTR80_20260205T223944Z_193_e_c	http://example.org/stkg/relationType	http://example.org/stkg/id/relation_ahead_of
http://example.org/stkg/id/obs_rel_T90_BTR80_20260205T223944Z_193_e_c	http://example.org/stkg/time	"2026-02-05T22:39:44Z"^^<http://www.w3.org/2001/XMLSchema#dateTime>
http://example.org/stkg/id/obs_rel_BTR80_K2BlackPanther_20260205T223945Z_194_c_d	http://www.w3.org/1999/02/22-rdf-syntax-ns#type	http://example.org/stkg/id/SpatialRelationObservation
http://example.org/stkg/id/obs_rel_BTR80_K2BlackPanther_20260205T223945Z_194_c_d	http://example.org/stkg/subjectEntity	http://example.org/stkg/id/platform_BTR80
http://example.org/stkg/id/obs_rel_BTR80_K2BlackPanther_20260205T223945Z_194_c_d	http://example.org/stkg/objectEntity	http://example.org/stkg/id/platform_K2BlackPanther
http://example.org/stkg/id/obs_rel_BTR80_K2BlackPanther_20260205T223945Z_194_c_d	http://example.org/stkg/relationType	http://example.org/stkg/id/relation_behind_of
http://example.org/stkg/id/obs_rel_BTR80_K2BlackPanther_20260205T223945Z_194_c_d	http://example.org/stkg/time	"2026-02-05T22:39:45Z"^^<http://www.w3.org/2001/XMLSchema#dateTime>
http://example.org/stkg/id/obs_rel_K2BlackPanther_BTR80_20260205T223945Z_194_d_c	http://www.w3.org/1999/02/22-rdf-syntax-ns#type	http://example.org/stkg/id/SpatialRelationObservation
http://example.org/stkg/id/obs_rel_K2BlackPanther_BTR80_20260205T223945Z_194_d_c	http://example.org/stkg/subjectEntity	http://example.org/stkg/id/platform_K2BlackPanther
http://example.org/stkg/id/obs_rel_K2BlackPanther_BTR80_20260205T223945Z_194_d_c	http://example.org/stkg/objectEntity	http://example.org/stkg/id/platform_BTR80
http://example.org/stkg/id/obs_rel_K2BlackPanther_BTR80_20260205T223945Z_194_d_c	http://example.org/stkg/relationType	http://example.org/stkg/id/relation_ahead_of
http://example.org/stkg/id/obs_rel_K2BlackPanther_BTR80_20260205T223945Z_194_d_c	http://example.org/stkg/time	"2026-02-05T22:39:45Z"^^<http://www.w3.org/2001/XMLSchema#dateTime>
http://example.org/stkg/id/obs_rel_K2BlackPanther_T90_20260205T223945Z_194_d_e	http://www.w3.org/1999/02/22-rdf-syntax-ns#type	http://example.org/stkg/id/SpatialRelationObservation
http://example.org/stkg/id/obs_rel_K2BlackPanther_T90_20260205T223945Z_194_d_e	http://example.org/stkg/subjectEntity	http://example.org/stkg/id/platform_K2BlackPanther
http://example.org/stkg/id/obs_rel_K2BlackPanther_T90_20260205T223945Z_194_d_e	http://example.org/stkg/objectEntity	http://example.org/stkg/id/platform_T90
http://example.org/stkg/id/obs_rel_K2BlackPanther_T90_20260205T223945Z_194_d_e	http://example.org/stkg/relationType	http://example.org/stkg/id/relation_behind_of
http://example.org/stkg/id/obs_rel_K2BlackPanther_T90_20260205T223945Z_194_d_e	http://example.org/stkg/time	"2026-02-05T22:39:45Z"^^<http://www.w3.org/2001/XMLSchema#dateTime>
http://example.org/stkg/id/obs_rel_T90_K2BlackPanther_20260205T223945Z_194_e_d	http://www.w3.org/1999/02/22-rdf-syntax-ns#type	http://example.org/stkg/id/SpatialRelationObservation
http://example.org/stkg/id/obs_rel_T90_K2BlackPanther_20260205T223945Z_194_e_d	http://example.org/stkg/subjectEntity	http://example.org/stkg/id/platform_T90
http://example.org/stkg/id/obs_rel_T90_K2BlackPanther_20260205T223945Z_194_e_d	http://example.org/stkg/objectEntity	http://example.org/stkg/id/platform_K2BlackPanther
http://example.org/stkg/id/obs_rel_T90_K2BlackPanther_20260205T223945Z_194_e_d	http://example.org/stkg/relationType	http://example.org/stkg/id/relation_ahead_of
http://example.org/stkg/id/obs_rel_T90_K2BlackPanther_20260205T223945Z_194_e_d	http://example.org/stkg/time	"2026-02-05T22:39:45Z"^^<http://www.w3.org/2001/XMLSchema#dateTime>
http://example.org/stkg/id/obs_rel_BTR80_T90_20260205T223945Z_194_c_e	http://www.w3.org/1999/02/22-rdf-syntax-ns#type	http://example.org/stkg/id/SpatialRelationObservation
http://example.org/stkg/id/obs_rel_BTR80_T90_20260205T223945Z_194_c_e	http://example.org/stkg/subjectEntity	http://example.org/stkg/id/platform_BTR80
http://example.org/stkg/id/obs_rel_BTR80_T90_20260205T223945Z_194_c_e	http://example.org/stkg/objectEntity	http://example.org/stkg/id/platform_T90
http://example.org/stkg/id/obs_rel_BTR80_T90_20260205T223945Z_194_c_e	http://example.org/stkg/relationType	http://example.org/stkg/id/relation_behind_of
http://example.org/stkg/id/obs_rel_BTR80_T90_20260205T223945Z_194_c_e	http://example.org/stkg/time	"2026-02-05T22:39:45Z"^^<http://www.w3.org/2001/XMLSchema#dateTime>
http://example.org/stkg/id/obs_rel_T90_BTR80_20260205T223945Z_194_e_c	http://www.w3.org/1999/02/22-rdf-syntax-ns#type	http://example.org/stkg/id/SpatialRelationObservation
http://example.org/stkg/id/obs_rel_T90_BTR80_20260205T223945Z_194_e_c	http://example.org/stkg/subjectEntity	http://example.org/stkg/id/platform_T90
http://example.org/stkg/id/obs_rel_T90_BTR80_20260205T223945Z_194_e_c	http://example.org/stkg/objectEntity	http://example.org/stkg/id/platform_BTR80
http://example.org/stkg/id/obs_rel_T90_BTR80_20260205T223945Z_194_e_c	http://example.org/stkg/relationType	http://example.org/stkg/id/relation_ahead_of
http://example.org/stkg/id/obs_rel_T90_BTR80_20260205T223945Z_194_e_c	http://example.org/stkg/time	"2026-02-05T22:39:45Z"^^<http://www.w3.org/2001/XMLSchema#dateTime>
http://example.org/stkg/id/obs_rel_BTR80_K2BlackPanther_20260205T223946Z_195_c_d	http://www.w3.org/1999/02/22-rdf-syntax-ns#type	http://example.org/stkg/id/SpatialRelationObservation
http://example.org/stkg/id/obs_rel_BTR80_K2BlackPanther_20260205T223946Z_195_c_d	http://example.org/stkg/subjectEntity	http://example.org/stkg/id/platform_BTR80
http://example.org/stkg/id/obs_rel_BTR80_K2BlackPanther_20260205T223946Z_195_c_d	http://example.org/stkg/objectEntity	http://example.org/stkg/id/platform_K2BlackPanther
http://example.org/stkg/id/obs_rel_BTR80_K2BlackPanther_20260205T223946Z_195_c_d	http://example.org/stkg/relationType	http://example.org/stkg/id/relation_behind_of
http://example.org/stkg/id/obs_rel_BTR80_K2BlackPanther_20260205T223946Z_195_c_d	http://example.org/stkg/time	"2026-02-05T22:39:46Z"^^<http://www.w3.org/2001/XMLSchema#dateTime>
http://example.org/stkg/id/obs_rel_K2BlackPanther_BTR80_20260205T223946Z_195_d_c	http://www.w3.org/1999/02/22-rdf-syntax-ns#type	http://example.org/stkg/id/SpatialRelationObservation
http://example.org/stkg/id/obs_rel_K2BlackPanther_BTR80_20260205T223946Z_195_d_c	http://example.org/stkg/subjectEntity	http://example.org/stkg/id/platform_K2BlackPanther
http://example.org/stkg/id/obs_rel_K2BlackPanther_BTR80_20260205T223946Z_195_d_c	http://example.org/stkg/objectEntity	http://example.org/stkg/id/platform_BTR80
http://example.org/stkg/id/obs_rel_K2BlackPanther_BTR80_20260205T223946Z_195_d_c	http://example.org/stkg/relationType	http://example.org/stkg/id/relation_ahead_of
http://example.org/stkg/id/obs_rel_K2BlackPanther_BTR80_20260205T223946Z_195_d_c	http://example.org/stkg/time	"2026-02-05T22:39:46Z"^^<http://www.w3.org/2001/XMLSchema#dateTime>
http://example.org/stkg/id/obs_rel_K2BlackPanther_T90_20260205T223946Z_195_d_e	http://www.w3.org/1999/02/22-rdf-syntax-ns#type	http://example.org/stkg/id/SpatialRelationObservation
http://example.org/stkg/id/obs_rel_K2BlackPanther_T90_20260205T223946Z_195_d_e	http://example.org/stkg/subjectEntity	http://example.org/stkg/id/platform_K2BlackPanther
http://example.org/stkg/id/obs_rel_K2BlackPanther_T90_20260205T223946Z_195_d_e	http://example.org/stkg/objectEntity	http://example.org/stkg/id/platform_T90
http://example.org/stkg/id/obs_rel_K2BlackPanther_T90_20260205T223946Z_195_d_e	http://example.org/stkg/relationType	http://example.org/stkg/id/relation_beside
http://example.org/stkg/id/obs_rel_K2BlackPanther_T90_20260205T223946Z_195_d_e	http://example.org/stkg/time	"2026-02-05T22:39:46Z"^^<http://www.w3.org/2001/XMLSchema#dateTime>
http://example.org/stkg/id/obs_rel_T90_K2BlackPanther_20260205T223946Z_195_e_d	http://www.w3.org/1999/02/22-rdf-syntax-ns#type	http://example.org/stkg/id/SpatialRelationObservation
http://example.org/stkg/id/obs_rel_T90_K2BlackPanther_20260205T223946Z_195_e_d	http://example.org/stkg/subjectEntity	http://example.org/stkg/id/platform_T90
http://example.org/stkg/id/obs_rel_T90_K2BlackPanther_20260205T223946Z_195_e_d	http://example.org/stkg/objectEntity	http://example.org/stkg/id/platform_K2BlackPanther
http://example.org/stkg/id/obs_rel_T90_K2BlackPanther_20260205T223946Z_195_e_d	http://example.org/stkg/relationType	http://example.org/stkg/id/relation_beside
http://example.org/stkg/id/obs_rel_T90_K2BlackPanther_20260205T223946Z_195_e_d	http://example.org/stkg/time	"2026-02-05T22:39:46Z"^^<http://www.w3.org/2001/XMLSchema#dateTime>
http://example.org/stkg/id/obs_rel_BTR80_T90_20260205T223946Z_195_c_e	http://www.w3.org/1999/02/22-rdf-syntax-ns#type	http://example.org/stkg/id/SpatialRelationObservation
http://example.org/stkg/id/obs_rel_BTR80_T90_20260205T223946Z_195_c_e	http://example.org/stkg/subjectEntity	http://example.org/stkg/id/platform_BTR80
http://example.org/stkg/id/obs_rel_BTR80_T90_20260205T223946Z_195_c_e	http://example.org/stkg/objectEntity	http://example.org/stkg/id/platform_T90
http://example.org/stkg/id/obs_rel_BTR80_T90_20260205T223946Z_195_c_e	http://example.org/stkg/relationType	http://example.org/stkg/id/relation_behind_of
http://example.org/stkg/id/obs_rel_BTR80_T90_20260205T223946Z_195_c_e	http://example.org/stkg/time	"2026-02-05T22:39:46Z"^^<http://www.w3.org/2001/XMLSchema#dateTime>
http://example.org/stkg/id/obs_rel_T90_BTR80_20260205T223946Z_195_e_c	http://www.w3.org/1999/02/22-rdf-syntax-ns#type	http://example.org/stkg/id/SpatialRelationObservation
http://example.org/stkg/id/obs_rel_T90_BTR80_20260205T223946Z_195_e_c	http://example.org/stkg/subjectEntity	http://example.org/stkg/id/platform_T90
http://example.org/stkg/id/obs_rel_T90_BTR80_20260205T223946Z_195_e_c	http://example.org/stkg/objectEntity	http://example.org/stkg/id/platform_BTR80
http://example.org/stkg/id/obs_rel_T90_BTR80_20260205T223946Z_195_e_c	http://example.org/stkg/relationType	http://example.org/stkg/id/relation_ahead_of
http://example.org/stkg/id/obs_rel_T90_BTR80_20260205T223946Z_195_e_c	http://example.org/stkg/time	"2026-02-05T22:39:46Z"^^<http://www.w3.org/2001/XMLSchema#dateTime>
http://example.org/stkg/id/obs_rel_BTR80_K2BlackPanther_20260205T223947Z_196_c_d	http://www.w3.org/1999/02/22-rdf-syntax-ns#type	http://example.org/stkg/id/SpatialRelationObservation
http://example.org/stkg/id/obs_rel_BTR80_K2BlackPanther_20260205T223947Z_196_c_d	http://example.org/stkg/subjectEntity	http://example.org/stkg/id/platform_BTR80
http://example.org/stkg/id/obs_rel_BTR80_K2BlackPanther_20260205T223947Z_196_c_d	http://example.org/stkg/objectEntity	http://example.org/stkg/id/platform_K2BlackPanther
http://example.org/stkg/id/obs_rel_BTR80_K2BlackPanther_20260205T223947Z_196_c_d	http://example.org/stkg/relationType	http://example.org/stkg/id/relation_behind_of
http://example.org/stkg/id/obs_rel_BTR80_K2BlackPanther_20260205T223947Z_196_c_d	http://example.org/stkg/time	"2026-02-05T22:39:47Z"^^<http://www.w3.org/2001/XMLSchema#dateTime>
http://example.org/stkg/id/obs_rel_K2BlackPanther_BTR80_20260205T223947Z_196_d_c	http://www.w3.org/1999/02/22-rdf-syntax-ns#type	http://example.org/stkg/id/SpatialRelationObservation
http://example.org/stkg/id/obs_rel_K2BlackPanther_BTR80_20260205T223947Z_196_d_c	http://example.org/stkg/subjectEntity	http://example.org/stkg/id/platform_K2BlackPanther
http://example.org/stkg/id/obs_rel_K2BlackPanther_BTR80_20260205T223947Z_196_d_c	http://example.org/stkg/objectEntity	http://example.org/stkg/id/platform_BTR80
http://example.org/stkg/id/obs_rel_K2BlackPanther_BTR80_20260205T223947Z_196_d_c	http://example.org/stkg/relationType	http://example.org/stkg/id/relation_ahead_of
http://example.org/stkg/id/obs_rel_K2BlackPanther_BTR80_20260205T223947Z_196_d_c	http://example.org/stkg/time	"2026-02-05T22:39:47Z"^^<http://www.w3.org/2001/XMLSchema#dateTime>
http://example.org/stkg/id/obs_rel_K2BlackPanther_T90_20260205T223947Z_196_d_e	http://www.w3.org/1999/02/22-rdf-syntax-ns#type	http://example.org/stkg/id/SpatialRelationObservation
http://example.org/stkg/id/obs_rel_K2BlackPanther_T90_20260205T223947Z_196_d_e	http://example.org/stkg/subjectEntity	http://example.org/stkg/id/platform_K2BlackPanther
http://example.org/stkg/id/obs_rel_K2BlackPanther_T90_20260205T223947Z_196_d_e	http://example.org/stkg/objectEntity	http://example.org/stkg/id/platform_T90
http://example.org/stkg/id/obs_rel_K2BlackPanther_T90_20260205T223947Z_196_d_e	http://example.org/stkg/relationType	http://example.org/stkg/id/relation_ahead_of
http://example.org/stkg/id/obs_rel_K2BlackPanther_T90_20260205T223947Z_196_d_e	http://example.org/stkg/time	"2026-02-05T22:39:47Z"^^<http://www.w3.org/2001/XMLSchema#dateTime>
http://example.org/stkg/id/obs_rel_T90_K2BlackPanther_20260205T223947Z_196_e_d	http://www.w3.org/1999/02/22-rdf-syntax-ns#type	http://example.org/stkg/id/SpatialRelationObservation
http://example.org/stkg/id/obs_rel_T90_K2BlackPanther_20260205T223947Z_196_e_d	http://example.org/stkg/subjectEntity	http://example.org/stkg/id/platform_T90
http://example.org/stkg/id/obs_rel_T90_K2BlackPanther_20260205T223947Z_196_e_d	http://example.org/stkg/objectEntity	http://example.org/stkg/id/platform_K2BlackPanther
http://example.org/stkg/id/obs_rel_T90_K2BlackPanther_20260205T223947Z_196_e_d	http://example.org/stkg/relationType	http://example.org/stkg/id/relation_behind_of
http://example.org/stkg/id/obs_rel_T90_K2BlackPanther_20260205T223947Z_196_e_d	http://example.org/stkg/time	"2026-02-05T22:39:47Z"^^<http://www.w3.org/2001/XMLSchema#dateTime>
http://example.org/stkg/id/obs_rel_BTR80_T90_20260205T223947Z_196_c_e	http://www.w3.org/1999/02/22-rdf-syntax-ns#type	http://example.org/stkg/id/SpatialRelationObservation
http://example.org/stkg/id/obs_rel_BTR80_T90_20260205T223947Z_196_c_e	http://example.org/stkg/subjectEntity	http://example.org/stkg/id/platform_BTR80
http://example.org/stkg/id/obs_rel_BTR80_T90_20260205T223947Z_196_c_e	http://example.org/stkg/objectEntity	http://example.org/stkg/id/platform_T90
http://example.org/stkg/id/obs_rel_BTR80_T90_20260205T223947Z_196_c_e	http://example.org/stkg/relationType	http://example.org/stkg/id/relation_behind_of
http://example.org/stkg/id/obs_rel_BTR80_T90_20260205T223947Z_196_c_e	http://example.org/stkg/time	"2026-02-05T22:39:47Z"^^<http://www.w3.org/2001/XMLSchema#dateTime>
http://example.org/stkg/id/obs_rel_T90_BTR80_20260205T223947Z_196_e_c	http://www.w3.org/1999/02/22-rdf-syntax-ns#type	http://example.org/stkg/id/SpatialRelationObservation
http://example.org/stkg/id/obs_rel_T90_BTR80_20260205T223947Z_196_e_c	http://example.org/stkg/subjectEntity	http://example.org/stkg/id/platform_T90
http://example.org/stkg/id/obs_rel_T90_BTR80_20260205T223947Z_196_e_c	http://example.org/stkg/objectEntity	http://example.org/stkg/id/platform_BTR80
http://example.org/stkg/id/obs_rel_T90_BTR80_20260205T223947Z_196_e_c	http://example.org/stkg/relationType	http://example.org/stkg/id/relation_ahead_of
http://example.org/stkg/id/obs_rel_T90_BTR80_20260205T223947Z_196_e_c	http://example.org/stkg/time	"2026-02-05T22:39:47Z"^^<http://www.w3.org/2001/XMLSchema#dateTime>
http://example.org/stkg/id/obs_rel_BTR80_K2BlackPanther_20260205T223948Z_197_c_d	http://www.w3.org/1999/02/22-rdf-syntax-ns#type	http://example.org/stkg/id/SpatialRelationObservation
http://example.org/stkg/id/obs_rel_BTR80_K2BlackPanther_20260205T223948Z_197_c_d	http://example.org/stkg/subjectEntity	http://example.org/stkg/id/platform_BTR80
http://example.org/stkg/id/obs_rel_BTR80_K2BlackPanther_20260205T223948Z_197_c_d	http://example.org/stkg/objectEntity	http://example.org/stkg/id/platform_K2BlackPanther
http://example.org/stkg/id/obs_rel_BTR80_K2BlackPanther_20260205T223948Z_197_c_d	http://example.org/stkg/relationType	http://example.org/stkg/id/relation_behind_of
http://example.org/stkg/id/obs_rel_BTR80_K2BlackPanther_20260205T223948Z_197_c_d	http://example.org/stkg/time	"2026-02-05T22:39:48Z"^^<http://www.w3.org/2001/XMLSchema#dateTime>
http://example.org/stkg/id/obs_rel_K2BlackPanther_BTR80_20260205T223948Z_197_d_c	http://www.w3.org/1999/02/22-rdf-syntax-ns#type	http://example.org/stkg/id/SpatialRelationObservation
http://example.org/stkg/id/obs_rel_K2BlackPanther_BTR80_20260205T223948Z_197_d_c	http://example.org/stkg/subjectEntity	http://example.org/stkg/id/platform_K2BlackPanther
http://example.org/stkg/id/obs_rel_K2BlackPanther_BTR80_20260205T223948Z_197_d_c	http://example.org/stkg/objectEntity	http://example.org/stkg/id/platform_BTR80
http://example.org/stkg/id/obs_rel_K2BlackPanther_BTR80_20260205T223948Z_197_d_c	http://example.org/stkg/relationType	http://example.org/stkg/id/relation_ahead_of
http://example.org/stkg/id/obs_rel_K2BlackPanther_BTR80_20260205T223948Z_197_d_c	http://example.org/stkg/time	"2026-02-05T22:39:48Z"^^<http://www.w3.org/2001/XMLSchema#dateTime>
http://example.org/stkg/id/obs_rel_K2BlackPanther_T90_20260205T223948Z_197_d_e	http://www.w3.org/1999/02/22-rdf-syntax-ns#type	http://example.org/stkg/id/SpatialRelationObservation
http://example.org/stkg/id/obs_rel_K2BlackPanther_T90_20260205T223948Z_197_d_e	http://example.org/stkg/subjectEntity	http://example.org/stkg/id/platform_K2BlackPanther
http://example.org/stkg/id/obs_rel_K2BlackPanther_T90_20260205T223948Z_197_d_e	http://example.org/stkg/objectEntity	http://example.org/stkg/id/platform_T90
http://example.org/stkg/id/obs_rel_K2BlackPanther_T90_20260205T223948Z_197_d_e	http://example.org/stkg/relationType	http://example.org/stkg/id/relation_ahead_of
http://example.org/stkg/id/obs_rel_K2BlackPanther_T90_20260205T223948Z_197_d_e	http://example.org/stkg/time	"2026-02-05T22:39:48Z"^^<http://www.w3.org/2001/XMLSchema#dateTime>
http://example.org/stkg/id/obs_rel_T90_K2BlackPanther_20260205T223948Z_197_e_d	http://www.w3.org/1999/02/22-rdf-syntax-ns#type	http://example.org/stkg/id/SpatialRelationObservation
http://example.org/stkg/id/obs_rel_T90_K2BlackPanther_20260205T223948Z_197_e_d	http://example.org/stkg/subjectEntity	http://example.org/stkg/id/platform_T90
http://example.org/stkg/id/obs_rel_T90_K2BlackPanther_20260205T223948Z_197_e_d	http://example.org/stkg/objectEntity	http://example.org/stkg/id/platform_K2BlackPanther
http://example.org/stkg/id/obs_rel_T90_K2BlackPanther_20260205T223948Z_197_e_d	http://example.org/stkg/relationType	http://example.org/stkg/id/relation_behind_of
http://example.org/stkg/id/obs_rel_T90_K2BlackPanther_20260205T223948Z_197_e_d	http://example.org/stkg/time	"2026-02-05T22:39:48Z"^^<http://www.w3.org/2001/XMLSchema#dateTime>
http://example.org/stkg/id/obs_rel_BTR80_T90_20260205T223948Z_197_c_e	http://www.w3.org/1999/02/22-rdf-syntax-ns#type	http://example.org/stkg/id/SpatialRelationObservation
http://example.org/stkg/id/obs_rel_BTR80_T90_20260205T223948Z_197_c_e	http://example.org/stkg/subjectEntity	http://example.org/stkg/id/platform_BTR80
http://example.org/stkg/id/obs_rel_BTR80_T90_20260205T223948Z_197_c_e	http://example.org/stkg/objectEntity	http://example.org/stkg/id/platform_T90
http://example.org/stkg/id/obs_rel_BTR80_T90_20260205T223948Z_197_c_e	http://example.org/stkg/relationType	http://example.org/stkg/id/relation_behind_of
http://example.org/stkg/id/obs_rel_BTR80_T90_20260205T223948Z_197_c_e	http://example.org/stkg/time	"2026-02-05T22:39:48Z"^^<http://www.w3.org/2001/XMLSchema#dateTime>
http://example.org/stkg/id/obs_rel_T90_BTR80_20260205T223948Z_197_e_c	http://www.w3.org/1999/02/22-rdf-syntax-ns#type	http://example.org/stkg/id/SpatialRelationObservation
http://example.org/stkg/id/obs_rel_T90_BTR80_20260205T223948Z_197_e_c	http://example.org/stkg/subjectEntity	http://example.org/stkg/id/platform_T90
http://example.org/stkg/id/obs_rel_T90_BTR80_20260205T223948Z_197_e_c	http://example.org/stkg/objectEntity	http://example.org/stkg/id/platform_BTR80
http://example.org/stkg/id/obs_rel_T90_BTR80_20260205T223948Z_197_e_c	http://example.org/stkg/relationType	http://example.org/stkg/id/relation_ahead_of
http://example.org/stkg/id/obs_rel_T90_BTR80_20260205T223948Z_197_e_c	http://example.org/stkg/time	"2026-02-05T22:39:48Z"^^<http://www.w3.org/2001/XMLSchema#dateTime>
http://example.org/stkg/id/obs_rel_BTR80_K2BlackPanther_20260205T223949Z_198_c_d	http://www.w3.org/1999/02/22-rdf-syntax-ns#type	http://example.org/stkg/id/SpatialRelationObservation
http://example.org/stkg/id/obs_rel_BTR80_K2BlackPanther_20260205T223949Z_198_c_d	http://example.org/stkg/subjectEntity	http://example.org/stkg/id/platform_BTR80
http://example.org/stkg/id/obs_rel_BTR80_K2BlackPanther_20260205T223949Z_198_c_d	http://example.org/stkg/objectEntity	http://example.org/stkg/id/platform_K2BlackPanther
http://example.org/stkg/id/obs_rel_BTR80_K2BlackPanther_20260205T223949Z_198_c_d	http://example.org/stkg/relationType	http://example.org/stkg/id/relation_behind_of
http://example.org/stkg/id/obs_rel_BTR80_K2BlackPanther_20260205T223949Z_198_c_d	http://example.org/stkg/time	"2026-02-05T22:39:49Z"^^<http://www.w3.org/2001/XMLSchema#dateTime>
http://example.org/stkg/id/obs_rel_K2BlackPanther_BTR80_20260205T223949Z_198_d_c	http://www.w3.org/1999/02/22-rdf-syntax-ns#type	http://example.org/stkg/id/SpatialRelationObservation
http://example.org/stkg/id/obs_rel_K2BlackPanther_BTR80_20260205T223949Z_198_d_c	http://example.org/stkg/subjectEntity	http://example.org/stkg/id/platform_K2BlackPanther
http://example.org/stkg/id/obs_rel_K2BlackPanther_BTR80_20260205T223949Z_198_d_c	http://example.org/stkg/objectEntity	http://example.org/stkg/id/platform_BTR80
http://example.org/stkg/id/obs_rel_K2BlackPanther_BTR80_20260205T223949Z_198_d_c	http://example.org/stkg/relationType	http://example.org/stkg/id/relation_ahead_of
http://example.org/stkg/id/obs_rel_K2BlackPanther_BTR80_20260205T223949Z_198_d_c	http://example.org/stkg/time	"2026-02-05T22:39:49Z"^^<http://www.w3.org/2001/XMLSchema#dateTime>
http://example.org/stkg/id/obs_rel_K2BlackPanther_T90_20260205T223949Z_198_d_e	http://www.w3.org/1999/02/22-rdf-syntax-ns#type	http://example.org/stkg/id/SpatialRelationObservation
http://example.org/stkg/id/obs_rel_K2BlackPanther_T90_20260205T223949Z_198_d_e	http://example.org/stkg/subjectEntity	http://example.org/stkg/id/platform_K2BlackPanther
http://example.org/stkg/id/obs_rel_K2BlackPanther_T90_20260205T223949Z_198_d_e	http://example.org/stkg/objectEntity	http://example.org/stkg/id/platform_T90
http://example.org/stkg/id/obs_rel_K2BlackPanther_T90_20260205T223949Z_198_d_e	http://example.org/stkg/relationType	http://example.org/stkg/id/relation_ahead_of
http://example.org/stkg/id/obs_rel_K2BlackPanther_T90_20260205T223949Z_198_d_e	http://example.org/stkg/time	"2026-02-05T22:39:49Z"^^<http://www.w3.org/2001/XMLSchema#dateTime>
http://example.org/stkg/id/obs_rel_T90_K2BlackPanther_20260205T223949Z_198_e_d	http://www.w3.org/1999/02/22-rdf-syntax-ns#type	http://example.org/stkg/id/SpatialRelationObservation
http://example.org/stkg/id/obs_rel_T90_K2BlackPanther_20260205T223949Z_198_e_d	http://example.org/stkg/subjectEntity	http://example.org/stkg/id/platform_T90
http://example.org/stkg/id/obs_rel_T90_K2BlackPanther_20260205T223949Z_198_e_d	http://example.org/stkg/objectEntity	http://example.org/stkg/id/platform_K2BlackPanther
http://example.org/stkg/id/obs_rel_T90_K2BlackPanther_20260205T223949Z_198_e_d	http://example.org/stkg/relationType	http://example.org/stkg/id/relation_behind_of
http://example.org/stkg/id/obs_rel_T90_K2BlackPanther_20260205T223949Z_198_e_d	http://example.org/stkg/time	"2026-02-05T22:39:49Z"^^<http://www.w3.org/2001/XMLSchema#dateTime>
http://example.org/stkg/id/obs_rel_BTR80_T90_20260205T223949Z_198_c_e	http://www.w3.org/1999/02/22-rdf-syntax-ns#type	http://example.org/stkg/id/SpatialRelationObservation
http://example.org/stkg/id/obs_rel_BTR80_T90_20260205T223949Z_198_c_e	http://example.org/stkg/subjectEntity	http://example.org/stkg/id/platform_BTR80
http://example.org/stkg/id/obs_rel_BTR80_T90_20260205T223949Z_198_c_e	http://example.org/stkg/objectEntity	http://example.org/stkg/id/platform_T90
http://example.org/stkg/id/obs_rel_BTR80_T90_20260205T223949Z_198_c_e	http://example.org/stkg/relationType	http://example.org/stkg/id/relation_behind_of
http://example.org/stkg/id/obs_rel_BTR80_T90_20260205T223949Z_198_c_e	http://example.org/stkg/time	"2026-02-05T22:39:49Z"^^<http://www.w3.org/2001/XMLSchema#dateTime>
http://example.org/stkg/id/obs_rel_T90_BTR80_20260205T223949Z_198_e_c	http://www.w3.org/1999/02/22-rdf-syntax-ns#type	http://example.org/stkg/id/SpatialRelationObservation
http://example.org/stkg/id/obs_rel_T90_BTR80_20260205T223949Z_198_e_c	http://example.org/stkg/subjectEntity	http://example.org/stkg/id/platform_T90
http://example.org/stkg/id/obs_rel_T90_BTR80_20260205T223949Z_198_e_c	http://example.org/stkg/objectEntity	http://example.org/stkg/id/platform_BTR80
http://example.org/stkg/id/obs_rel_T90_BTR80_20260205T223949Z_198_e_c	http://example.org/stkg/relationType	http://example.org/stkg/id/relation_ahead_of
http://example.org/stkg/id/obs_rel_T90_BTR80_20260205T223949Z_198_e_c	http://example.org/stkg/time	"2026-02-05T22:39:49Z"^^<http://www.w3.org/2001/XMLSchema#dateTime>
http://example.org/stkg/id/obs_rel_BTR80_K2BlackPanther_20260205T223950Z_199_c_d	http://www.w3.org/1999/02/22-rdf-syntax-ns#type	http://example.org/stkg/id/SpatialRelationObservation
http://example.org/stkg/id/obs_rel_BTR80_K2BlackPanther_20260205T223950Z_199_c_d	http://example.org/stkg/subjectEntity	http://example.org/stkg/id/platform_BTR80
http://example.org/stkg/id/obs_rel_BTR80_K2BlackPanther_20260205T223950Z_199_c_d	http://example.org/stkg/objectEntity	http://example.org/stkg/id/platform_K2BlackPanther
http://example.org/stkg/id/obs_rel_BTR80_K2BlackPanther_20260205T223950Z_199_c_d	http://example.org/stkg/relationType	http://example.org/stkg/id/relation_behind_of
http://example.org/stkg/id/obs_rel_BTR80_K2BlackPanther_20260205T223950Z_199_c_d	http://example.org/stkg/time	"2026-02-05T22:39:50Z"^^<http://www.w3.org/2001/XMLSchema#dateTime>
http://example.org/stkg/id/obs_rel_K2BlackPanther_BTR80_20260205T223950Z_199_d_c	http://www.w3.org/1999/02/22-rdf-syntax-ns#type	http://example.org/stkg/id/SpatialRelationObservation
http://example.org/stkg/id/obs_rel_K2BlackPanther_BTR80_20260205T223950Z_199_d_c	http://example.org/stkg/subjectEntity	http://example.org/stkg/id/platform_K2BlackPanther
http://example.org/stkg/id/obs_rel_K2BlackPanther_BTR80_20260205T223950Z_199_d_c	http://example.org/stkg/objectEntity	http://example.org/stkg/id/platform_BTR80
http://example.org/stkg/id/obs_rel_K2BlackPanther_BTR80_20260205T223950Z_199_d_c	http://example.org/stkg/relationType	http://example.org/stkg/id/relation_ahead_of
http://example.org/stkg/id/obs_rel_K2BlackPanther_BTR80_20260205T223950Z_199_d_c	http://example.org/stkg/time	"2026-02-05T22:39:50Z"^^<http://www.w3.org/2001/XMLSchema#dateTime>
http://example.org/stkg/id/obs_rel_K2BlackPanther_T90_20260205T223950Z_199_d_e	http://www.w3.org/1999/02/22-rdf-syntax-ns#type	http://example.org/stkg/id/SpatialRelationObservation
http://example.org/stkg/id/obs_rel_K2BlackPanther_T90_20260205T223950Z_199_d_e	http://example.org/stkg/subjectEntity	http://example.org/stkg/id/platform_K2BlackPanther
http://example.org/stkg/id/obs_rel_K2BlackPanther_T90_20260205T223950Z_199_d_e	http://example.org/stkg/objectEntity	http://example.org/stkg/id/platform_T90
http://example.org/stkg/id/obs_rel_K2BlackPanther_T90_20260205T223950Z_199_d_e	http://example.org/stkg/relationType	http://example.org/stkg/id/relation_ahead_of
http://example.org/stkg/id/obs_rel_K2BlackPanther_T90_20260205T223950Z_199_d_e	http://example.org/stkg/time	"2026-02-05T22:39:50Z"^^<http://www.w3.org/2001/XMLSchema#dateTime>
http://example.org/stkg/id/obs_rel_T90_K2BlackPanther_20260205T223950Z_199_e_d	http://www.w3.org/1999/02/22-rdf-syntax-ns#type	http://example.org/stkg/id/SpatialRelationObservation
http://example.org/stkg/id/obs_rel_T90_K2BlackPanther_20260205T223950Z_199_e_d	http://example.org/stkg/subjectEntity	http://example.org/stkg/id/platform_T90
http://example.org/stkg/id/obs_rel_T90_K2BlackPanther_20260205T223950Z_199_e_d	http://example.org/stkg/objectEntity	http://example.org/stkg/id/platform_K2BlackPanther
http://example.org/stkg/id/obs_rel_T90_K2BlackPanther_20260205T223950Z_199_e_d	http://example.org/stkg/relationType	http://example.org/stkg/id/relation_behind_of
http://example.org/stkg/id/obs_rel_T90_K2BlackPanther_20260205T223950Z_199_e_d	http://example.org/stkg/time	"2026-02-05T22:39:50Z"^^<http://www.w3.org/2001/XMLSchema#dateTime>
http://example.org/stkg/id/obs_rel_BTR80_T90_20260205T223950Z_199_c_e	http://www.w3.org/1999/02/22-rdf-syntax-ns#type	http://example.org/stkg/id/SpatialRelationObservation
http://example.org/stkg/id/obs_rel_BTR80_T90_20260205T223950Z_199_c_e	http://example.org/stkg/subjectEntity	http://example.org/stkg/id/platform_BTR80
http://example.org/stkg/id/obs_rel_BTR80_T90_20260205T223950Z_199_c_e	http://example.org/stkg/objectEntity	http://example.org/stkg/id/platform_T90
http://example.org/stkg/id/obs_rel_BTR80_T90_20260205T223950Z_199_c_e	http://example.org/stkg/relationType	http://example.org/stkg/id/relation_behind_of
http://example.org/stkg/id/obs_rel_BTR80_T90_20260205T223950Z_199_c_e	http://example.org/stkg/time	"2026-02-05T22:39:50Z"^^<http://www.w3.org/2001/XMLSchema#dateTime>
http://example.org/stkg/id/obs_rel_T90_BTR80_20260205T223950Z_199_e_c	http://www.w3.org/1999/02/22-rdf-syntax-ns#type	http://example.org/stkg/id/SpatialRelationObservation
http://example.org/stkg/id/obs_rel_T90_BTR80_20260205T223950Z_199_e_c	http://example.org/stkg/subjectEntity	http://example.org/stkg/id/platform_T90
http://example.org/stkg/id/obs_rel_T90_BTR80_20260205T223950Z_199_e_c	http://example.org/stkg/objectEntity	http://example.org/stkg/id/platform_BTR80
http://example.org/stkg/id/obs_rel_T90_BTR80_20260205T223950Z_199_e_c	http://example.org/stkg/relationType	http://example.org/stkg/id/relation_ahead_of
http://example.org/stkg/id/obs_rel_T90_BTR80_20260205T223950Z_199_e_c	http://example.org/stkg/time	"2026-02-05T22:39:50Z"^^<http://www.w3.org/2001/XMLSchema#dateTime>
http://example.org/stkg/id/obs_rel_BTR80_K2BlackPanther_20260205T223951Z_200_c_d	http://www.w3.org/1999/02/22-rdf-syntax-ns#type	http://example.org/stkg/id/SpatialRelationObservation
http://example.org/stkg/id/obs_rel_BTR80_K2BlackPanther_20260205T223951Z_200_c_d	http://example.org/stkg/subjectEntity	http://example.org/stkg/id/platform_BTR80
http://example.org/stkg/id/obs_rel_BTR80_K2BlackPanther_20260205T223951Z_200_c_d	http://example.org/stkg/objectEntity	http://example.org/stkg/id/platform_K2BlackPanther
http://example.org/stkg/id/obs_rel_BTR80_K2BlackPanther_20260205T223951Z_200_c_d	http://example.org/stkg/relationType	http://example.org/stkg/id/relation_behind_of
http://example.org/stkg/id/obs_rel_BTR80_K2BlackPanther_20260205T223951Z_200_c_d	http://example.org/stkg/time	"2026-02-05T22:39:51Z"^^<http://www.w3.org/2001/XMLSchema#dateTime>
http://example.org/stkg/id/obs_rel_K2BlackPanther_BTR80_20260205T223951Z_200_d_c	http://www.w3.org/1999/02/22-rdf-syntax-ns#type	http://example.org/stkg/id/SpatialRelationObservation
http://example.org/stkg/id/obs_rel_K2BlackPanther_BTR80_20260205T223951Z_200_d_c	http://example.org/stkg/subjectEntity	http://example.org/stkg/id/platform_K2BlackPanther
http://example.org/stkg/id/obs_rel_K2BlackPanther_BTR80_20260205T223951Z_200_d_c	http://example.org/stkg/objectEntity	http://example.org/stkg/id/platform_BTR80
http://example.org/stkg/id/obs_rel_K2BlackPanther_BTR80_20260205T223951Z_200_d_c	http://example.org/stkg/relationType	http://example.org/stkg/id/relation_ahead_of
http://example.org/stkg/id/obs_rel_K2BlackPanther_BTR80_20260205T223951Z_200_d_c	http://example.org/stkg/time	"2026-02-05T22:39:51Z"^^<http://www.w3.org/2001/XMLSchema#dateTime>
http://example.org/stkg/id/obs_rel_K2BlackPanther_T90_20260205T223951Z_200_d_e	http://www.w3.org/1999/02/22-rdf-syntax-ns#type	http://example.org/stkg/id/SpatialRelationObservation
http://example.org/stkg/id/obs_rel_K2BlackPanther_T90_20260205T223951Z_200_d_e	http://example.org/stkg/subjectEntity	http://example.org/stkg/id/platform_K2BlackPanther
http://example.org/stkg/id/obs_rel_K2BlackPanther_T90_20260205T223951Z_200_d_e	http://example.org/stkg/objectEntity	http://example.org/stkg/id/platform_T90
http://example.org/stkg/id/obs_rel_K2BlackPanther_T90_20260205T223951Z_200_d_e	http://example.org/stkg/relationType	http://example.org/stkg/id/relation_ahead_of
http://example.org/stkg/id/obs_rel_K2BlackPanther_T90_20260205T223951Z_200_d_e	http://example.org/stkg/time	"2026-02-05T22:39:51Z"^^<http://www.w3.org/2001/XMLSchema#dateTime>
http://example.org/stkg/id/obs_rel_T90_K2BlackPanther_20260205T223951Z_200_e_d	http://www.w3.org/1999/02/22-rdf-syntax-ns#type	http://example.org/stkg/id/SpatialRelationObservation
http://example.org/stkg/id/obs_rel_T90_K2BlackPanther_20260205T223951Z_200_e_d	http://example.org/stkg/subjectEntity	http://example.org/stkg/id/platform_T90
http://example.org/stkg/id/obs_rel_T90_K2BlackPanther_20260205T223951Z_200_e_d	http://example.org/stkg/objectEntity	http://example.org/stkg/id/platform_K2BlackPanther
http://example.org/stkg/id/obs_rel_T90_K2BlackPanther_20260205T223951Z_200_e_d	http://example.org/stkg/relationType	http://example.org/stkg/id/relation_behind_of
http://example.org/stkg/id/obs_rel_T90_K2BlackPanther_20260205T223951Z_200_e_d	http://example.org/stkg/time	"2026-02-05T22:39:51Z"^^<http://www.w3.org/2001/XMLSchema#dateTime>
http://example.org/stkg/id/obs_rel_BTR80_T90_20260205T223951Z_200_c_e	http://www.w3.org/1999/02/22-rdf-syntax-ns#type	http://example.org/stkg/id/SpatialRelationObservation
http://example.org/stkg/id/obs_rel_BTR80_T90_20260205T223951Z_200_c_e	http://example.org/stkg/subjectEntity	http://example.org/stkg/id/platform_BTR80
http://example.org/stkg/id/obs_rel_BTR80_T90_20260205T223951Z_200_c_e	http://example.org/stkg/objectEntity	http://example.org/stkg/id/platform_T90
http://example.org/stkg/id/obs_rel_BTR80_T90_20260205T223951Z_200_c_e	http://example.org/stkg/relationType	http://example.org/stkg/id/relation_behind_of
http://example.org/stkg/id/obs_rel_BTR80_T90_20260205T223951Z_200_c_e	http://example.org/stkg/time	"2026-02-05T22:39:51Z"^^<http://www.w3.org/2001/XMLSchema#dateTime>
http://example.org/stkg/id/obs_rel_T90_BTR80_20260205T223951Z_200_e_c	http://www.w3.org/1999/02/22-rdf-syntax-ns#type	http://example.org/stkg/id/SpatialRelationObservation
http://example.org/stkg/id/obs_rel_T90_BTR80_20260205T223951Z_200_e_c	http://example.org/stkg/subjectEntity	http://example.org/stkg/id/platform_T90
http://example.org/stkg/id/obs_rel_T90_BTR80_20260205T223951Z_200_e_c	http://example.org/stkg/objectEntity	http://example.org/stkg/id/platform_BTR80
http://example.org/stkg/id/obs_rel_T90_BTR80_20260205T223951Z_200_e_c	http://example.org/stkg/relationType	http://example.org/stkg/id/relation_ahead_of
http://example.org/stkg/id/obs_rel_T90_BTR80_20260205T223951Z_200_e_c	http://example.org/stkg/time	"2026-02-05T22:39:51Z"^^<http://www.w3.org/2001/XMLSchema#dateTime>
http://example.org/stkg/id/obs_rel_BTR80_K2BlackPanther_20260205T223952Z_201_c_d	http://www.w3.org/1999/02/22-rdf-syntax-ns#type	http://example.org/stkg/id/SpatialRelationObservation
http://example.org/stkg/id/obs_rel_BTR80_K2BlackPanther_20260205T223952Z_201_c_d	http://example.org/stkg/subjectEntity	http://example.org/stkg/id/platform_BTR80
http://example.org/stkg/id/obs_rel_BTR80_K2BlackPanther_20260205T223952Z_201_c_d	http://example.org/stkg/objectEntity	http://example.org/stkg/id/platform_K2BlackPanther
http://example.org/stkg/id/obs_rel_BTR80_K2BlackPanther_20260205T223952Z_201_c_d	http://example.org/stkg/relationType	http://example.org/stkg/id/relation_behind_of
http://example.org/stkg/id/obs_rel_BTR80_K2BlackPanther_20260205T223952Z_201_c_d	http://example.org/stkg/time	"2026-02-05T22:39:52Z"^^<http://www.w3.org/2001/XMLSchema#dateTime>
http://example.org/stkg/id/obs_rel_K2BlackPanther_BTR80_20260205T223952Z_201_d_c	http://www.w3.org/1999/02/22-rdf-syntax-ns#type	http://example.org/stkg/id/SpatialRelationObservation
http://example.org/stkg/id/obs_rel_K2BlackPanther_BTR80_20260205T223952Z_201_d_c	http://example.org/stkg/subjectEntity	http://example.org/stkg/id/platform_K2BlackPanther
http://example.org/stkg/id/obs_rel_K2BlackPanther_BTR80_20260205T223952Z_201_d_c	http://example.org/stkg/objectEntity	http://example.org/stkg/id/platform_BTR80
http://example.org/stkg/id/obs_rel_K2BlackPanther_BTR80_20260205T223952Z_201_d_c	http://example.org/stkg/relationType	http://example.org/stkg/id/relation_ahead_of
http://example.org/stkg/id/obs_rel_K2BlackPanther_BTR80_20260205T223952Z_201_d_c	http://example.org/stkg/time	"2026-02-05T22:39:52Z"^^<http://www.w3.org/2001/XMLSchema#dateTime>
http://example.org/stkg/id/obs_rel_K2BlackPanther_T90_20260205T223952Z_201_d_e	http://www.w3.org/1999/02/22-rdf-syntax-ns#type	http://example.org/stkg/id/SpatialRelationObservation
http://example.org/stkg/id/obs_rel_K2BlackPanther_T90_20260205T223952Z_201_d_e	http://example.org/stkg/subjectEntity	http://example.org/stkg/id/platform_K2BlackPanther
http://example.org/stkg/id/obs_rel_K2BlackPanther_T90_20260205T223952Z_201_d_e	http://example.org/stkg/objectEntity	http://example.org/stkg/id/platform_T90
http://example.org/stkg/id/obs_rel_K2BlackPanther_T90_20260205T223952Z_201_d_e	http://example.org/stkg/relationType	http://example.org/stkg/id/relation_ahead_of
http://example.org/stkg/id/obs_rel_K2BlackPanther_T90_20260205T223952Z_201_d_e	http://example.org/stkg/time	"2026-02-05T22:39:52Z"^^<http://www.w3.org/2001/XMLSchema#dateTime>
http://example.org/stkg/id/obs_rel_T90_K2BlackPanther_20260205T223952Z_201_e_d	http://www.w3.org/1999/02/22-rdf-syntax-ns#type	http://example.org/stkg/id/SpatialRelationObservation
http://example.org/stkg/id/obs_rel_T90_K2BlackPanther_20260205T223952Z_201_e_d	http://example.org/stkg/subjectEntity	http://example.org/stkg/id/platform_T90
http://example.org/stkg/id/obs_rel_T90_K2BlackPanther_20260205T223952Z_201_e_d	http://example.org/stkg/objectEntity	http://example.org/stkg/id/platform_K2BlackPanther
http://example.org/stkg/id/obs_rel_T90_K2BlackPanther_20260205T223952Z_201_e_d	http://example.org/stkg/relationType	http://example.org/stkg/id/relation_behind_of
http://example.org/stkg/id/obs_rel_T90_K2BlackPanther_20260205T223952Z_201_e_d	http://example.org/stkg/time	"2026-02-05T22:39:52Z"^^<http://www.w3.org/2001/XMLSchema#dateTime>
http://example.org/stkg/id/obs_rel_BTR80_T90_20260205T223952Z_201_c_e	http://www.w3.org/1999/02/22-rdf-syntax-ns#type	http://example.org/stkg/id/SpatialRelationObservation
http://example.org/stkg/id/obs_rel_BTR80_T90_20260205T223952Z_201_c_e	http://example.org/stkg/subjectEntity	http://example.org/stkg/id/platform_BTR80
http://example.org/stkg/id/obs_rel_BTR80_T90_20260205T223952Z_201_c_e	http://example.org/stkg/objectEntity	http://example.org/stkg/id/platform_T90
http://example.org/stkg/id/obs_rel_BTR80_T90_20260205T223952Z_201_c_e	http://example.org/stkg/relationType	http://example.org/stkg/id/relation_behind_of
http://example.org/stkg/id/obs_rel_BTR80_T90_20260205T223952Z_201_c_e	http://example.org/stkg/time	"2026-02-05T22:39:52Z"^^<http://www.w3.org/2001/XMLSchema#dateTime>
http://example.org/stkg/id/obs_rel_T90_BTR80_20260205T223952Z_201_e_c	http://www.w3.org/1999/02/22-rdf-syntax-ns#type	http://example.org/stkg/id/SpatialRelationObservation
http://example.org/stkg/id/obs_rel_T90_BTR80_20260205T223952Z_201_e_c	http://example.org/stkg/subjectEntity	http://example.org/stkg/id/platform_T90
http://example.org/stkg/id/obs_rel_T90_BTR80_20260205T223952Z_201_e_c	http://example.org/stkg/objectEntity	http://example.org/stkg/id/platform_BTR80
http://example.org/stkg/id/obs_rel_T90_BTR80_20260205T223952Z_201_e_c	http://example.org/stkg/relationType	http://example.org/stkg/id/relation_ahead_of
http://example.org/stkg/id/obs_rel_T90_BTR80_20260205T223952Z_201_e_c	http://example.org/stkg/time	"2026-02-05T22:39:52Z"^^<http://www.w3.org/2001/XMLSchema#dateTime>
http://example.org/stkg/id/obs_rel_BTR80_K2BlackPanther_20260205T223953Z_202_c_d	http://www.w3.org/1999/02/22-rdf-syntax-ns#type	http://example.org/stkg/id/SpatialRelationObservation
http://example.org/stkg/id/obs_rel_BTR80_K2BlackPanther_20260205T223953Z_202_c_d	http://example.org/stkg/subjectEntity	http://example.org/stkg/id/platform_BTR80
http://example.org/stkg/id/obs_rel_BTR80_K2BlackPanther_20260205T223953Z_202_c_d	http://example.org/stkg/objectEntity	http://example.org/stkg/id/platform_K2BlackPanther
http://example.org/stkg/id/obs_rel_BTR80_K2BlackPanther_20260205T223953Z_202_c_d	http://example.org/stkg/relationType	http://example.org/stkg/id/relation_behind_of
http://example.org/stkg/id/obs_rel_BTR80_K2BlackPanther_20260205T223953Z_202_c_d	http://example.org/stkg/time	"2026-02-05T22:39:53Z"^^<http://www.w3.org/2001/XMLSchema#dateTime>
http://example.org/stkg/id/obs_rel_K2BlackPanther_BTR80_20260205T223953Z_202_d_c	http://www.w3.org/1999/02/22-rdf-syntax-ns#type	http://example.org/stkg/id/SpatialRelationObservation
http://example.org/stkg/id/obs_rel_K2BlackPanther_BTR80_20260205T223953Z_202_d_c	http://example.org/stkg/subjectEntity	http://example.org/stkg/id/platform_K2BlackPanther
http://example.org/stkg/id/obs_rel_K2BlackPanther_BTR80_20260205T223953Z_202_d_c	http://example.org/stkg/objectEntity	http://example.org/stkg/id/platform_BTR80
http://example.org/stkg/id/obs_rel_K2BlackPanther_BTR80_20260205T223953Z_202_d_c	http://example.org/stkg/relationType	http://example.org/stkg/id/relation_ahead_of
http://example.org/stkg/id/obs_rel_K2BlackPanther_BTR80_20260205T223953Z_202_d_c	http://example.org/stkg/time	"2026-02-05T22:39:53Z"^^<http://www.w3.org/2001/XMLSchema#dateTime>
http://example.org/stkg/id/obs_rel_K2BlackPanther_T90_20260205T223953Z_202_d_e	http://www.w3.org/1999/02/22-rdf-syntax-ns#type	http://example.org/stkg/id/SpatialRelationObservation
http://example.org/stkg/id/obs_rel_K2BlackPanther_T90_20260205T223953Z_202_d_e	http://example.org/stkg/subjectEntity	http://example.org/stkg/id/platform_K2BlackPanther
http://example.org/stkg/id/obs_rel_K2BlackPanther_T90_20260205T223953Z_202_d_e	http://example.org/stkg/objectEntity	http://example.org/stkg/id/platform_T90
http://example.org/stkg/id/obs_rel_K2BlackPanther_T90_20260205T223953Z_202_d_e	http://example.org/stkg/relationType	http://example.org/stkg/id/relation_ahead_of
http://example.org/stkg/id/obs_rel_K2BlackPanther_T90_20260205T223953Z_202_d_e	http://example.org/stkg/time	"2026-02-05T22:39:53Z"^^<http://www.w3.org/2001/XMLSchema#dateTime>
http://example.org/stkg/id/obs_rel_T90_K2BlackPanther_20260205T223953Z_202_e_d	http://www.w3.org/1999/02/22-rdf-syntax-ns#type	http://example.org/stkg/id/SpatialRelationObservation
http://example.org/stkg/id/obs_rel_T90_K2BlackPanther_20260205T223953Z_202_e_d	http://example.org/stkg/subjectEntity	http://example.org/stkg/id/platform_T90
http://example.org/stkg/id/obs_rel_T90_K2BlackPanther_20260205T223953Z_202_e_d	http://example.org/stkg/objectEntity	http://example.org/stkg/id/platform_K2BlackPanther
http://example.org/stkg/id/obs_rel_T90_K2BlackPanther_20260205T223953Z_202_e_d	http://example.org/stkg/relationType	http://example.org/stkg/id/relation_behind_of
http://example.org/stkg/id/obs_rel_T90_K2BlackPanther_20260205T223953Z_202_e_d	http://example.org/stkg/time	"2026-02-05T22:39:53Z"^^<http://www.w3.org/2001/XMLSchema#dateTime>
http://example.org/stkg/id/obs_rel_BTR80_T90_20260205T223953Z_202_c_e	http://www.w3.org/1999/02/22-rdf-syntax-ns#type	http://example.org/stkg/id/SpatialRelationObservation
http://example.org/stkg/id/obs_rel_BTR80_T90_20260205T223953Z_202_c_e	http://example.org/stkg/subjectEntity	http://example.org/stkg/id/platform_BTR80
http://example.org/stkg/id/obs_rel_BTR80_T90_20260205T223953Z_202_c_e	http://example.org/stkg/objectEntity	http://example.org/stkg/id/platform_T90
http://example.org/stkg/id/obs_rel_BTR80_T90_20260205T223953Z_202_c_e	http://example.org/stkg/relationType	http://example.org/stkg/id/relation_behind_of
http://example.org/stkg/id/obs_rel_BTR80_T90_20260205T223953Z_202_c_e	http://example.org/stkg/time	"2026-02-05T22:39:53Z"^^<http://www.w3.org/2001/XMLSchema#dateTime>
http://example.org/stkg/id/obs_rel_T90_BTR80_20260205T223953Z_202_e_c	http://www.w3.org/1999/02/22-rdf-syntax-ns#type	http://example.org/stkg/id/SpatialRelationObservation
http://example.org/stkg/id/obs_rel_T90_BTR80_20260205T223953Z_202_e_c	http://example.org/stkg/subjectEntity	http://example.org/stkg/id/platform_T90
http://example.org/stkg/id/obs_rel_T90_BTR80_20260205T223953Z_202_e_c	http://example.org/stkg/objectEntity	http://example.org/stkg/id/platform_BTR80
http://example.org/stkg/id/obs_rel_T90_BTR80_20260205T223953Z_202_e_c	http://example.org/stkg/relationType	http://example.org/stkg/id/relation_ahead_of
http://example.org/stkg/id/obs_rel_T90_BTR80_20260205T223953Z_202_e_c	http://example.org/stkg/time	"2026-02-05T22:39:53Z"^^<http://www.w3.org/2001/XMLSchema#dateTime>
http://example.org/stkg/id/obs_rel_BTR80_K2BlackPanther_20260205T223954Z_203_c_d	http://www.w3.org/1999/02/22-rdf-syntax-ns#type	http://example.org/stkg/id/SpatialRelationObservation
http://example.org/stkg/id/obs_rel_BTR80_K2BlackPanther_20260205T223954Z_203_c_d	http://example.org/stkg/subjectEntity	http://example.org/stkg/id/platform_BTR80
http://example.org/stkg/id/obs_rel_BTR80_K2BlackPanther_20260205T223954Z_203_c_d	http://example.org/stkg/objectEntity	http://example.org/stkg/id/platform_K2BlackPanther
http://example.org/stkg/id/obs_rel_BTR80_K2BlackPanther_20260205T223954Z_203_c_d	http://example.org/stkg/relationType	http://example.org/stkg/id/relation_behind_of
http://example.org/stkg/id/obs_rel_BTR80_K2BlackPanther_20260205T223954Z_203_c_d	http://example.org/stkg/time	"2026-02-05T22:39:54Z"^^<http://www.w3.org/2001/XMLSchema#dateTime>
http://example.org/stkg/id/obs_rel_K2BlackPanther_BTR80_20260205T223954Z_203_d_c	http://www.w3.org/1999/02/22-rdf-syntax-ns#type	http://example.org/stkg/id/SpatialRelationObservation
http://example.org/stkg/id/obs_rel_K2BlackPanther_BTR80_20260205T223954Z_203_d_c	http://example.org/stkg/subjectEntity	http://example.org/stkg/id/platform_K2BlackPanther
http://example.org/stkg/id/obs_rel_K2BlackPanther_BTR80_20260205T223954Z_203_d_c	http://example.org/stkg/objectEntity	http://example.org/stkg/id/platform_BTR80
http://example.org/stkg/id/obs_rel_K2BlackPanther_BTR80_20260205T223954Z_203_d_c	http://example.org/stkg/relationType	http://example.org/stkg/id/relation_ahead_of
http://example.org/stkg/id/obs_rel_K2BlackPanther_BTR80_20260205T223954Z_203_d_c	http://example.org/stkg/time	"2026-02-05T22:39:54Z"^^<http://www.w3.org/2001/XMLSchema#dateTime>
http://example.org/stkg/id/obs_rel_K2BlackPanther_T90_20260205T223954Z_203_d_e	http://www.w3.org/1999/02/22-rdf-syntax-ns#type	http://example.org/stkg/id/SpatialRelationObservation
http://example.org/stkg/id/obs_rel_K2BlackPanther_T90_20260205T223954Z_203_d_e	http://example.org/stkg/subjectEntity	http://example.org/stkg/id/platform_K2BlackPanther
http://example.org/stkg/id/obs_rel_K2BlackPanther_T90_20260205T223954Z_203_d_e	http://example.org/stkg/objectEntity	http://example.org/stkg/id/platform_T90
http://example.org/stkg/id/obs_rel_K2BlackPanther_T90_20260205T223954Z_203_d_e	http://example.org/stkg/relationType	http://example.org/stkg/id/relation_ahead_of
http://example.org/stkg/id/obs_rel_K2BlackPanther_T90_20260205T223954Z_203_d_e	http://example.org/stkg/time	"2026-02-05T22:39:54Z"^^<http://www.w3.org/2001/XMLSchema#dateTime>
http://example.org/stkg/id/obs_rel_T90_K2BlackPanther_20260205T223954Z_203_e_d	http://www.w3.org/1999/02/22-rdf-syntax-ns#type	http://example.org/stkg/id/SpatialRelationObservation
http://example.org/stkg/id/obs_rel_T90_K2BlackPanther_20260205T223954Z_203_e_d	http://example.org/stkg/subjectEntity	http://example.org/stkg/id/platform_T90
http://example.org/stkg/id/obs_rel_T90_K2BlackPanther_20260205T223954Z_203_e_d	http://example.org/stkg/objectEntity	http://example.org/stkg/id/platform_K2BlackPanther
http://example.org/stkg/id/obs_rel_T90_K2BlackPanther_20260205T223954Z_203_e_d	http://example.org/stkg/relationType	http://example.org/stkg/id/relation_behind_of
http://example.org/stkg/id/obs_rel_T90_K2BlackPanther_20260205T223954Z_203_e_d	http://example.org/stkg/time	"2026-02-05T22:39:54Z"^^<http://www.w3.org/2001/XMLSchema#dateTime>
http://example.org/stkg/id/obs_rel_BTR80_T90_20260205T223954Z_203_c_e	http://www.w3.org/1999/02/22-rdf-syntax-ns#type	http://example.org/stkg/id/SpatialRelationObservation
http://example.org/stkg/id/obs_rel_BTR80_T90_20260205T223954Z_203_c_e	http://example.org/stkg/subjectEntity	http://example.org/stkg/id/platform_BTR80
http://example.org/stkg/id/obs_rel_BTR80_T90_20260205T223954Z_203_c_e	http://example.org/stkg/objectEntity	http://example.org/stkg/id/platform_T90
http://example.org/stkg/id/obs_rel_BTR80_T90_20260205T223954Z_203_c_e	http://example.org/stkg/relationType	http://example.org/stkg/id/relation_behind_of
http://example.org/stkg/id/obs_rel_BTR80_T90_20260205T223954Z_203_c_e	http://example.org/stkg/time	"2026-02-05T22:39:54Z"^^<http://www.w3.org/2001/XMLSchema#dateTime>
http://example.org/stkg/id/obs_rel_T90_BTR80_20260205T223954Z_203_e_c	http://www.w3.org/1999/02/22-rdf-syntax-ns#type	http://example.org/stkg/id/SpatialRelationObservation
http://example.org/stkg/id/obs_rel_T90_BTR80_20260205T223954Z_203_e_c	http://example.org/stkg/subjectEntity	http://example.org/stkg/id/platform_T90
http://example.org/stkg/id/obs_rel_T90_BTR80_20260205T223954Z_203_e_c	http://example.org/stkg/objectEntity	http://example.org/stkg/id/platform_BTR80
http://example.org/stkg/id/obs_rel_T90_BTR80_20260205T223954Z_203_e_c	http://example.org/stkg/relationType	http://example.org/stkg/id/relation_ahead_of
http://example.org/stkg/id/obs_rel_T90_BTR80_20260205T223954Z_203_e_c	http://example.org/stkg/time	"2026-02-05T22:39:54Z"^^<http://www.w3.org/2001/XMLSchema#dateTime>
http://example.org/stkg/id/obs_rel_BTR80_K2BlackPanther_20260205T223955Z_204_c_d	http://www.w3.org/1999/02/22-rdf-syntax-ns#type	http://example.org/stkg/id/SpatialRelationObservation
http://example.org/stkg/id/obs_rel_BTR80_K2BlackPanther_20260205T223955Z_204_c_d	http://example.org/stkg/subjectEntity	http://example.org/stkg/id/platform_BTR80
http://example.org/stkg/id/obs_rel_BTR80_K2BlackPanther_20260205T223955Z_204_c_d	http://example.org/stkg/objectEntity	http://example.org/stkg/id/platform_K2BlackPanther
http://example.org/stkg/id/obs_rel_BTR80_K2BlackPanther_20260205T223955Z_204_c_d	http://example.org/stkg/relationType	http://example.org/stkg/id/relation_behind_of
http://example.org/stkg/id/obs_rel_BTR80_K2BlackPanther_20260205T223955Z_204_c_d	http://example.org/stkg/time	"2026-02-05T22:39:55Z"^^<http://www.w3.org/2001/XMLSchema#dateTime>
http://example.org/stkg/id/obs_rel_K2BlackPanther_BTR80_20260205T223955Z_204_d_c	http://www.w3.org/1999/02/22-rdf-syntax-ns#type	http://example.org/stkg/id/SpatialRelationObservation
http://example.org/stkg/id/obs_rel_K2BlackPanther_BTR80_20260205T223955Z_204_d_c	http://example.org/stkg/subjectEntity	http://example.org/stkg/id/platform_K2BlackPanther
http://example.org/stkg/id/obs_rel_K2BlackPanther_BTR80_20260205T223955Z_204_d_c	http://example.org/stkg/objectEntity	http://example.org/stkg/id/platform_BTR80
http://example.org/stkg/id/obs_rel_K2BlackPanther_BTR80_20260205T223955Z_204_d_c	http://example.org/stkg/relationType	http://example.org/stkg/id/relation_ahead_of
http://example.org/stkg/id/obs_rel_K2BlackPanther_BTR80_20260205T223955Z_204_d_c	http://example.org/stkg/time	"2026-02-05T22:39:55Z"^^<http://www.w3.org/2001/XMLSchema#dateTime>
http://example.org/stkg/id/obs_rel_K2BlackPanther_T90_20260205T223955Z_204_d_e	http://www.w3.org/1999/02/22-rdf-syntax-ns#type	http://example.org/stkg/id/SpatialRelationObservation
http://example.org/stkg/id/obs_rel_K2BlackPanther_T90_20260205T223955Z_204_d_e	http://example.org/stkg/subjectEntity	http://example.org/stkg/id/platform_K2BlackPanther
http://example.org/stkg/id/obs_rel_K2BlackPanther_T90_20260205T223955Z_204_d_e	http://example.org/stkg/objectEntity	http://example.org/stkg/id/platform_T90
http://example.org/stkg/id/obs_rel_K2BlackPanther_T90_20260205T223955Z_204_d_e	http://example.org/stkg/relationType	http://example.org/stkg/id/relation_ahead_of
http://example.org/stkg/id/obs_rel_K2BlackPanther_T90_20260205T223955Z_204_d_e	http://example.org/stkg/time	"2026-02-05T22:39:55Z"^^<http://www.w3.org/2001/XMLSchema#dateTime>
http://example.org/stkg/id/obs_rel_T90_K2BlackPanther_20260205T223955Z_204_e_d	http://www.w3.org/1999/02/22-rdf-syntax-ns#type	http://example.org/stkg/id/SpatialRelationObservation
http://example.org/stkg/id/obs_rel_T90_K2BlackPanther_20260205T223955Z_204_e_d	http://example.org/stkg/subjectEntity	http://example.org/stkg/id/platform_T90
http://example.org/stkg/id/obs_rel_T90_K2BlackPanther_20260205T223955Z_204_e_d	http://example.org/stkg/objectEntity	http://example.org/stkg/id/platform_K2BlackPanther
http://example.org/stkg/id/obs_rel_T90_K2BlackPanther_20260205T223955Z_204_e_d	http://example.org/stkg/relationType	http://example.org/stkg/id/relation_behind_of
http://example.org/stkg/id/obs_rel_T90_K2BlackPanther_20260205T223955Z_204_e_d	http://example.org/stkg/time	"2026-02-05T22:39:55Z"^^<http://www.w3.org/2001/XMLSchema#dateTime>
http://example.org/stkg/id/obs_rel_BTR80_T90_20260205T223955Z_204_c_e	http://www.w3.org/1999/02/22-rdf-syntax-ns#type	http://example.org/stkg/id/SpatialRelationObservation
http://example.org/stkg/id/obs_rel_BTR80_T90_20260205T223955Z_204_c_e	http://example.org/stkg/subjectEntity	http://example.org/stkg/id/platform_BTR80
http://example.org/stkg/id/obs_rel_BTR80_T90_20260205T223955Z_204_c_e	http://example.org/stkg/objectEntity	http://example.org/stkg/id/platform_T90
http://example.org/stkg/id/obs_rel_BTR80_T90_20260205T223955Z_204_c_e	http://example.org/stkg/relationType	http://example.org/stkg/id/relation_behind_of
http://example.org/stkg/id/obs_rel_BTR80_T90_20260205T223955Z_204_c_e	http://example.org/stkg/time	"2026-02-05T22:39:55Z"^^<http://www.w3.org/2001/XMLSchema#dateTime>
http://example.org/stkg/id/obs_rel_T90_BTR80_20260205T223955Z_204_e_c	http://www.w3.org/1999/02/22-rdf-syntax-ns#type	http://example.org/stkg/id/SpatialRelationObservation
http://example.org/stkg/id/obs_rel_T90_BTR80_20260205T223955Z_204_e_c	http://example.org/stkg/subjectEntity	http://example.org/stkg/id/platform_T90
http://example.org/stkg/id/obs_rel_T90_BTR80_20260205T223955Z_204_e_c	http://example.org/stkg/objectEntity	http://example.org/stkg/id/platform_BTR80
http://example.org/stkg/id/obs_rel_T90_BTR80_20260205T223955Z_204_e_c	http://example.org/stkg/relationType	http://example.org/stkg/id/relation_ahead_of
http://example.org/stkg/id/obs_rel_T90_BTR80_20260205T223955Z_204_e_c	http://example.org/stkg/time	"2026-02-05T22:39:55Z"^^<http://www.w3.org/2001/XMLSchema#dateTime>
http://example.org/stkg/id/obs_rel_BTR80_K2BlackPanther_20260205T223956Z_205_c_d	http://www.w3.org/1999/02/22-rdf-syntax-ns#type	http://example.org/stkg/id/SpatialRelationObservation
http://example.org/stkg/id/obs_rel_BTR80_K2BlackPanther_20260205T223956Z_205_c_d	http://example.org/stkg/subjectEntity	http://example.org/stkg/id/platform_BTR80
http://example.org/stkg/id/obs_rel_BTR80_K2BlackPanther_20260205T223956Z_205_c_d	http://example.org/stkg/objectEntity	http://example.org/stkg/id/platform_K2BlackPanther
http://example.org/stkg/id/obs_rel_BTR80_K2BlackPanther_20260205T223956Z_205_c_d	http://example.org/stkg/relationType	http://example.org/stkg/id/relation_behind_of
http://example.org/stkg/id/obs_rel_BTR80_K2BlackPanther_20260205T223956Z_205_c_d	http://example.org/stkg/time	"2026-02-05T22:39:56Z"^^<http://www.w3.org/2001/XMLSchema#dateTime>
http://example.org/stkg/id/obs_rel_K2BlackPanther_BTR80_20260205T223956Z_205_d_c	http://www.w3.org/1999/02/22-rdf-syntax-ns#type	http://example.org/stkg/id/SpatialRelationObservation
http://example.org/stkg/id/obs_rel_K2BlackPanther_BTR80_20260205T223956Z_205_d_c	http://example.org/stkg/subjectEntity	http://example.org/stkg/id/platform_K2BlackPanther
http://example.org/stkg/id/obs_rel_K2BlackPanther_BTR80_20260205T223956Z_205_d_c	http://example.org/stkg/objectEntity	http://example.org/stkg/id/platform_BTR80
http://example.org/stkg/id/obs_rel_K2BlackPanther_BTR80_20260205T223956Z_205_d_c	http://example.org/stkg/relationType	http://example.org/stkg/id/relation_ahead_of
http://example.org/stkg/id/obs_rel_K2BlackPanther_BTR80_20260205T223956Z_205_d_c	http://example.org/stkg/time	"2026-02-05T22:39:56Z"^^<http://www.w3.org/2001/XMLSchema#dateTime>
http://example.org/stkg/id/obs_rel_K2BlackPanther_T90_20260205T223956Z_205_d_e	http://www.w3.org/1999/02/22-rdf-syntax-ns#type	http://example.org/stkg/id/SpatialRelationObservation
http://example.org/stkg/id/obs_rel_K2BlackPanther_T90_20260205T223956Z_205_d_e	http://example.org/stkg/subjectEntity	http://example.org/stkg/id/platform_K2BlackPanther
http://example.org/stkg/id/obs_rel_K2BlackPanther_T90_20260205T223956Z_205_d_e	http://example.org/stkg/objectEntity	http://example.org/stkg/id/platform_T90
http://example.org/stkg/id/obs_rel_K2BlackPanther_T90_20260205T223956Z_205_d_e	http://example.org/stkg/relationType	http://example.org/stkg/id/relation_ahead_of
http://example.org/stkg/id/obs_rel_K2BlackPanther_T90_20260205T223956Z_205_d_e	http://example.org/stkg/time	"2026-02-05T22:39:56Z"^^<http://www.w3.org/2001/XMLSchema#dateTime>
http://example.org/stkg/id/obs_rel_T90_K2BlackPanther_20260205T223956Z_205_e_d	http://www.w3.org/1999/02/22-rdf-syntax-ns#type	http://example.org/stkg/id/SpatialRelationObservation
http://example.org/stkg/id/obs_rel_T90_K2BlackPanther_20260205T223956Z_205_e_d	http://example.org/stkg/subjectEntity	http://example.org/stkg/id/platform_T90
http://example.org/stkg/id/obs_rel_T90_K2BlackPanther_20260205T223956Z_205_e_d	http://example.org/stkg/objectEntity	http://example.org/stkg/id/platform_K2BlackPanther
http://example.org/stkg/id/obs_rel_T90_K2BlackPanther_20260205T223956Z_205_e_d	http://example.org/stkg/relationType	http://example.org/stkg/id/relation_behind_of
http://example.org/stkg/id/obs_rel_T90_K2BlackPanther_20260205T223956Z_205_e_d	http://example.org/stkg/time	"2026-02-05T22:39:56Z"^^<http://www.w3.org/2001/XMLSchema#dateTime>
http://example.org/stkg/id/obs_rel_BTR80_T90_20260205T223956Z_205_c_e	http://www.w3.org/1999/02/22-rdf-syntax-ns#type	http://example.org/stkg/id/SpatialRelationObservation
http://example.org/stkg/id/obs_rel_BTR80_T90_20260205T223956Z_205_c_e	http://example.org/stkg/subjectEntity	http://example.org/stkg/id/platform_BTR80
http://example.org/stkg/id/obs_rel_BTR80_T90_20260205T223956Z_205_c_e	http://example.org/stkg/objectEntity	http://example.org/stkg/id/platform_T90
http://example.org/stkg/id/obs_rel_BTR80_T90_20260205T223956Z_205_c_e	http://example.org/stkg/relationType	http://example.org/stkg/id/relation_behind_of
http://example.org/stkg/id/obs_rel_BTR80_T90_20260205T223956Z_205_c_e	http://example.org/stkg/time	"2026-02-05T22:39:56Z"^^<http://www.w3.org/2001/XMLSchema#dateTime>
http://example.org/stkg/id/obs_rel_T90_BTR80_20260205T223956Z_205_e_c	http://www.w3.org/1999/02/22-rdf-syntax-ns#type	http://example.org/stkg/id/SpatialRelationObservation
http://example.org/stkg/id/obs_rel_T90_BTR80_20260205T223956Z_205_e_c	http://example.org/stkg/subjectEntity	http://example.org/stkg/id/platform_T90
http://example.org/stkg/id/obs_rel_T90_BTR80_20260205T223956Z_205_e_c	http://example.org/stkg/objectEntity	http://example.org/stkg/id/platform_BTR80
http://example.org/stkg/id/obs_rel_T90_BTR80_20260205T223956Z_205_e_c	http://example.org/stkg/relationType	http://example.org/stkg/id/relation_ahead_of
http://example.org/stkg/id/obs_rel_T90_BTR80_20260205T223956Z_205_e_c	http://example.org/stkg/time	"2026-02-05T22:39:56Z"^^<http://www.w3.org/2001/XMLSchema#dateTime>
http://example.org/stkg/id/obs_rel_BTR80_K2BlackPanther_20260205T223957Z_206_c_d	http://www.w3.org/1999/02/22-rdf-syntax-ns#type	http://example.org/stkg/id/SpatialRelationObservation
http://example.org/stkg/id/obs_rel_BTR80_K2BlackPanther_20260205T223957Z_206_c_d	http://example.org/stkg/subjectEntity	http://example.org/stkg/id/platform_BTR80
http://example.org/stkg/id/obs_rel_BTR80_K2BlackPanther_20260205T223957Z_206_c_d	http://example.org/stkg/objectEntity	http://example.org/stkg/id/platform_K2BlackPanther
http://example.org/stkg/id/obs_rel_BTR80_K2BlackPanther_20260205T223957Z_206_c_d	http://example.org/stkg/relationType	http://example.org/stkg/id/relation_behind_of
http://example.org/stkg/id/obs_rel_BTR80_K2BlackPanther_20260205T223957Z_206_c_d	http://example.org/stkg/time	"2026-02-05T22:39:57Z"^^<http://www.w3.org/2001/XMLSchema#dateTime>
http://example.org/stkg/id/obs_rel_K2BlackPanther_BTR80_20260205T223957Z_206_d_c	http://www.w3.org/1999/02/22-rdf-syntax-ns#type	http://example.org/stkg/id/SpatialRelationObservation
http://example.org/stkg/id/obs_rel_K2BlackPanther_BTR80_20260205T223957Z_206_d_c	http://example.org/stkg/subjectEntity	http://example.org/stkg/id/platform_K2BlackPanther
http://example.org/stkg/id/obs_rel_K2BlackPanther_BTR80_20260205T223957Z_206_d_c	http://example.org/stkg/objectEntity	http://example.org/stkg/id/platform_BTR80
http://example.org/stkg/id/obs_rel_K2BlackPanther_BTR80_20260205T223957Z_206_d_c	http://example.org/stkg/relationType	http://example.org/stkg/id/relation_ahead_of
http://example.org/stkg/id/obs_rel_K2BlackPanther_BTR80_20260205T223957Z_206_d_c	http://example.org/stkg/time	"2026-02-05T22:39:57Z"^^<http://www.w3.org/2001/XMLSchema#dateTime>
http://example.org/stkg/id/obs_rel_K2BlackPanther_T90_20260205T223957Z_206_d_e	http://www.w3.org/1999/02/22-rdf-syntax-ns#type	http://example.org/stkg/id/SpatialRelationObservation
http://example.org/stkg/id/obs_rel_K2BlackPanther_T90_20260205T223957Z_206_d_e	http://example.org/stkg/subjectEntity	http://example.org/stkg/id/platform_K2BlackPanther
http://example.org/stkg/id/obs_rel_K2BlackPanther_T90_20260205T223957Z_206_d_e	http://example.org/stkg/objectEntity	http://example.org/stkg/id/platform_T90
http://example.org/stkg/id/obs_rel_K2BlackPanther_T90_20260205T223957Z_206_d_e	http://example.org/stkg/relationType	http://example.org/stkg/id/relation_ahead_of
http://example.org/stkg/id/obs_rel_K2BlackPanther_T90_20260205T223957Z_206_d_e	http://example.org/stkg/time	"2026-02-05T22:39:57Z"^^<http://www.w3.org/2001/XMLSchema#dateTime>
http://example.org/stkg/id/obs_rel_T90_K2BlackPanther_20260205T223957Z_206_e_d	http://www.w3.org/1999/02/22-rdf-syntax-ns#type	http://example.org/stkg/id/SpatialRelationObservation
http://example.org/stkg/id/obs_rel_T90_K2BlackPanther_20260205T223957Z_206_e_d	http://example.org/stkg/subjectEntity	http://example.org/stkg/id/platform_T90
http://example.org/stkg/id/obs_rel_T90_K2BlackPanther_20260205T223957Z_206_e_d	http://example.org/stkg/objectEntity	http://example.org/stkg/id/platform_K2BlackPanther
http://example.org/stkg/id/obs_rel_T90_K2BlackPanther_20260205T223957Z_206_e_d	http://example.org/stkg/relationType	http://example.org/stkg/id/relation_behind_of
http://example.org/stkg/id/obs_rel_T90_K2BlackPanther_20260205T223957Z_206_e_d	http://example.org/stkg/time	"2026-02-05T22:39:57Z"^^<http://www.w3.org/2001/XMLSchema#dateTime>
http://example.org/stkg/id/obs_rel_BTR80_T90_20260205T223957Z_206_c_e	http://www.w3.org/1999/02/22-rdf-syntax-ns#type	http://example.org/stkg/id/SpatialRelationObservation
http://example.org/stkg/id/obs_rel_BTR80_T90_20260205T223957Z_206_c_e	http://example.org/stkg/subjectEntity	http://example.org/stkg/id/platform_BTR80
http://example.org/stkg/id/obs_rel_BTR80_T90_20260205T223957Z_206_c_e	http://example.org/stkg/objectEntity	http://example.org/stkg/id/platform_T90
http://example.org/stkg/id/obs_rel_BTR80_T90_20260205T223957Z_206_c_e	http://example.org/stkg/relationType	http://example.org/stkg/id/relation_behind_of
http://example.org/stkg/id/obs_rel_BTR80_T90_20260205T223957Z_206_c_e	http://example.org/stkg/time	"2026-02-05T22:39:57Z"^^<http://www.w3.org/2001/XMLSchema#dateTime>
http://example.org/stkg/id/obs_rel_T90_BTR80_20260205T223957Z_206_e_c	http://www.w3.org/1999/02/22-rdf-syntax-ns#type	http://example.org/stkg/id/SpatialRelationObservation
http://example.org/stkg/id/obs_rel_T90_BTR80_20260205T223957Z_206_e_c	http://example.org/stkg/subjectEntity	http://example.org/stkg/id/platform_T90
http://example.org/stkg/id/obs_rel_T90_BTR80_20260205T223957Z_206_e_c	http://example.org/stkg/objectEntity	http://example.org/stkg/id/platform_BTR80
http://example.org/stkg/id/obs_rel_T90_BTR80_20260205T223957Z_206_e_c	http://example.org/stkg/relationType	http://example.org/stkg/id/relation_ahead_of
http://example.org/stkg/id/obs_rel_T90_BTR80_20260205T223957Z_206_e_c	http://example.org/stkg/time	"2026-02-05T22:39:57Z"^^<http://www.w3.org/2001/XMLSchema#dateTime>
http://example.org/stkg/id/obs_rel_BTR80_K2BlackPanther_20260205T223958Z_207_c_d	http://www.w3.org/1999/02/22-rdf-syntax-ns#type	http://example.org/stkg/id/SpatialRelationObservation
http://example.org/stkg/id/obs_rel_BTR80_K2BlackPanther_20260205T223958Z_207_c_d	http://example.org/stkg/subjectEntity	http://example.org/stkg/id/platform_BTR80
http://example.org/stkg/id/obs_rel_BTR80_K2BlackPanther_20260205T223958Z_207_c_d	http://example.org/stkg/objectEntity	http://example.org/stkg/id/platform_K2BlackPanther
http://example.org/stkg/id/obs_rel_BTR80_K2BlackPanther_20260205T223958Z_207_c_d	http://example.org/stkg/relationType	http://example.org/stkg/id/relation_behind_of
http://example.org/stkg/id/obs_rel_BTR80_K2BlackPanther_20260205T223958Z_207_c_d	http://example.org/stkg/time	"2026-02-05T22:39:58Z"^^<http://www.w3.org/2001/XMLSchema#dateTime>
http://example.org/stkg/id/obs_rel_K2BlackPanther_BTR80_20260205T223958Z_207_d_c	http://www.w3.org/1999/02/22-rdf-syntax-ns#type	http://example.org/stkg/id/SpatialRelationObservation
http://example.org/stkg/id/obs_rel_K2BlackPanther_BTR80_20260205T223958Z_207_d_c	http://example.org/stkg/subjectEntity	http://example.org/stkg/id/platform_K2BlackPanther
http://example.org/stkg/id/obs_rel_K2BlackPanther_BTR80_20260205T223958Z_207_d_c	http://example.org/stkg/objectEntity	http://example.org/stkg/id/platform_BTR80
http://example.org/stkg/id/obs_rel_K2BlackPanther_BTR80_20260205T223958Z_207_d_c	http://example.org/stkg/relationType	http://example.org/stkg/id/relation_ahead_of
http://example.org/stkg/id/obs_rel_K2BlackPanther_BTR80_20260205T223958Z_207_d_c	http://example.org/stkg/time	"2026-02-05T22:39:58Z"^^<http://www.w3.org/2001/XMLSchema#dateTime>
http://example.org/stkg/id/obs_rel_K2BlackPanther_T90_20260205T223958Z_207_d_e	http://www.w3.org/1999/02/22-rdf-syntax-ns#type	http://example.org/stkg/id/SpatialRelationObservation
http://example.org/stkg/id/obs_rel_K2BlackPanther_T90_20260205T223958Z_207_d_e	http://example.org/stkg/subjectEntity	http://example.org/stkg/id/platform_K2BlackPanther
http://example.org/stkg/id/obs_rel_K2BlackPanther_T90_20260205T223958Z_207_d_e	http://example.org/stkg/objectEntity	http://example.org/stkg/id/platform_T90
http://example.org/stkg/id/obs_rel_K2BlackPanther_T90_20260205T223958Z_207_d_e	http://example.org/stkg/relationType	http://example.org/stkg/id/relation_ahead_of
http://example.org/stkg/id/obs_rel_K2BlackPanther_T90_20260205T223958Z_207_d_e	http://example.org/stkg/time	"2026-02-05T22:39:58Z"^^<http://www.w3.org/2001/XMLSchema#dateTime>
http://example.org/stkg/id/obs_rel_T90_K2BlackPanther_20260205T223958Z_207_e_d	http://www.w3.org/1999/02/22-rdf-syntax-ns#type	http://example.org/stkg/id/SpatialRelationObservation
http://example.org/stkg/id/obs_rel_T90_K2BlackPanther_20260205T223958Z_207_e_d	http://example.org/stkg/subjectEntity	http://example.org/stkg/id/platform_T90
http://example.org/stkg/id/obs_rel_T90_K2BlackPanther_20260205T223958Z_207_e_d	http://example.org/stkg/objectEntity	http://example.org/stkg/id/platform_K2BlackPanther
http://example.org/stkg/id/obs_rel_T90_K2BlackPanther_20260205T223958Z_207_e_d	http://example.org/stkg/relationType	http://example.org/stkg/id/relation_behind_of
http://example.org/stkg/id/obs_rel_T90_K2BlackPanther_20260205T223958Z_207_e_d	http://example.org/stkg/time	"2026-02-05T22:39:58Z"^^<http://www.w3.org/2001/XMLSchema#dateTime>
http://example.org/stkg/id/obs_rel_BTR80_T90_20260205T223958Z_207_c_e	http://www.w3.org/1999/02/22-rdf-syntax-ns#type	http://example.org/stkg/id/SpatialRelationObservation
http://example.org/stkg/id/obs_rel_BTR80_T90_20260205T223958Z_207_c_e	http://example.org/stkg/subjectEntity	http://example.org/stkg/id/platform_BTR80
http://example.org/stkg/id/obs_rel_BTR80_T90_20260205T223958Z_207_c_e	http://example.org/stkg/objectEntity	http://example.org/stkg/id/platform_T90
http://example.org/stkg/id/obs_rel_BTR80_T90_20260205T223958Z_207_c_e	http://example.org/stkg/relationType	http://example.org/stkg/id/relation_behind_of
http://example.org/stkg/id/obs_rel_BTR80_T90_20260205T223958Z_207_c_e	http://example.org/stkg/time	"2026-02-05T22:39:58Z"^^<http://www.w3.org/2001/XMLSchema#dateTime>
http://example.org/stkg/id/obs_rel_T90_BTR80_20260205T223958Z_207_e_c	http://www.w3.org/1999/02/22-rdf-syntax-ns#type	http://example.org/stkg/id/SpatialRelationObservation
http://example.org/stkg/id/obs_rel_T90_BTR80_20260205T223958Z_207_e_c	http://example.org/stkg/subjectEntity	http://example.org/stkg/id/platform_T90
http://example.org/stkg/id/obs_rel_T90_BTR80_20260205T223958Z_207_e_c	http://example.org/stkg/objectEntity	http://example.org/stkg/id/platform_BTR80
http://example.org/stkg/id/obs_rel_T90_BTR80_20260205T223958Z_207_e_c	http://example.org/stkg/relationType	http://example.org/stkg/id/relation_ahead_of
http://example.org/stkg/id/obs_rel_T90_BTR80_20260205T223958Z_207_e_c	http://example.org/stkg/time	"2026-02-05T22:39:58Z"^^<http://www.w3.org/2001/XMLSchema#dateTime>
http://example.org/stkg/id/obs_rel_BTR80_K2BlackPanther_20260205T223959Z_208_c_d	http://www.w3.org/1999/02/22-rdf-syntax-ns#type	http://example.org/stkg/id/SpatialRelationObservation
http://example.org/stkg/id/obs_rel_BTR80_K2BlackPanther_20260205T223959Z_208_c_d	http://example.org/stkg/subjectEntity	http://example.org/stkg/id/platform_BTR80
http://example.org/stkg/id/obs_rel_BTR80_K2BlackPanther_20260205T223959Z_208_c_d	http://example.org/stkg/objectEntity	http://example.org/stkg/id/platform_K2BlackPanther
http://example.org/stkg/id/obs_rel_BTR80_K2BlackPanther_20260205T223959Z_208_c_d	http://example.org/stkg/relationType	http://example.org/stkg/id/relation_behind_of
http://example.org/stkg/id/obs_rel_BTR80_K2BlackPanther_20260205T223959Z_208_c_d	http://example.org/stkg/time	"2026-02-05T22:39:59Z"^^<http://www.w3.org/2001/XMLSchema#dateTime>
http://example.org/stkg/id/obs_rel_K2BlackPanther_BTR80_20260205T223959Z_208_d_c	http://www.w3.org/1999/02/22-rdf-syntax-ns#type	http://example.org/stkg/id/SpatialRelationObservation
http://example.org/stkg/id/obs_rel_K2BlackPanther_BTR80_20260205T223959Z_208_d_c	http://example.org/stkg/subjectEntity	http://example.org/stkg/id/platform_K2BlackPanther
http://example.org/stkg/id/obs_rel_K2BlackPanther_BTR80_20260205T223959Z_208_d_c	http://example.org/stkg/objectEntity	http://example.org/stkg/id/platform_BTR80
http://example.org/stkg/id/obs_rel_K2BlackPanther_BTR80_20260205T223959Z_208_d_c	http://example.org/stkg/relationType	http://example.org/stkg/id/relation_ahead_of
http://example.org/stkg/id/obs_rel_K2BlackPanther_BTR80_20260205T223959Z_208_d_c	http://example.org/stkg/time	"2026-02-05T22:39:59Z"^^<http://www.w3.org/2001/XMLSchema#dateTime>
http://example.org/stkg/id/obs_rel_K2BlackPanther_T90_20260205T223959Z_208_d_e	http://www.w3.org/1999/02/22-rdf-syntax-ns#type	http://example.org/stkg/id/SpatialRelationObservation
http://example.org/stkg/id/obs_rel_K2BlackPanther_T90_20260205T223959Z_208_d_e	http://example.org/stkg/subjectEntity	http://example.org/stkg/id/platform_K2BlackPanther
http://example.org/stkg/id/obs_rel_K2BlackPanther_T90_20260205T223959Z_208_d_e	http://example.org/stkg/objectEntity	http://example.org/stkg/id/platform_T90
http://example.org/stkg/id/obs_rel_K2BlackPanther_T90_20260205T223959Z_208_d_e	http://example.org/stkg/relationType	http://example.org/stkg/id/relation_ahead_of
http://example.org/stkg/id/obs_rel_K2BlackPanther_T90_20260205T223959Z_208_d_e	http://example.org/stkg/time	"2026-02-05T22:39:59Z"^^<http://www.w3.org/2001/XMLSchema#dateTime>
http://example.org/stkg/id/obs_rel_T90_K2BlackPanther_20260205T223959Z_208_e_d	http://www.w3.org/1999/02/22-rdf-syntax-ns#type	http://example.org/stkg/id/SpatialRelationObservation
http://example.org/stkg/id/obs_rel_T90_K2BlackPanther_20260205T223959Z_208_e_d	http://example.org/stkg/subjectEntity	http://example.org/stkg/id/platform_T90
http://example.org/stkg/id/obs_rel_T90_K2BlackPanther_20260205T223959Z_208_e_d	http://example.org/stkg/objectEntity	http://example.org/stkg/id/platform_K2BlackPanther
http://example.org/stkg/id/obs_rel_T90_K2BlackPanther_20260205T223959Z_208_e_d	http://example.org/stkg/relationType	http://example.org/stkg/id/relation_behind_of
http://example.org/stkg/id/obs_rel_T90_K2BlackPanther_20260205T223959Z_208_e_d	http://example.org/stkg/time	"2026-02-05T22:39:59Z"^^<http://www.w3.org/2001/XMLSchema#dateTime>
http://example.org/stkg/id/obs_rel_BTR80_T90_20260205T223959Z_208_c_e	http://www.w3.org/1999/02/22-rdf-syntax-ns#type	http://example.org/stkg/id/SpatialRelationObservation
http://example.org/stkg/id/obs_rel_BTR80_T90_20260205T223959Z_208_c_e	http://example.org/stkg/subjectEntity	http://example.org/stkg/id/platform_BTR80
http://example.org/stkg/id/obs_rel_BTR80_T90_20260205T223959Z_208_c_e	http://example.org/stkg/objectEntity	http://example.org/stkg/id/platform_T90
http://example.org/stkg/id/obs_rel_BTR80_T90_20260205T223959Z_208_c_e	http://example.org/stkg/relationType	http://example.org/stkg/id/relation_behind_of
http://example.org/stkg/id/obs_rel_BTR80_T90_20260205T223959Z_208_c_e	http://example.org/stkg/time	"2026-02-05T22:39:59Z"^^<http://www.w3.org/2001/XMLSchema#dateTime>
http://example.org/stkg/id/obs_rel_T90_BTR80_20260205T223959Z_208_e_c	http://www.w3.org/1999/02/22-rdf-syntax-ns#type	http://example.org/stkg/id/SpatialRelationObservation
http://example.org/stkg/id/obs_rel_T90_BTR80_20260205T223959Z_208_e_c	http://example.org/stkg/subjectEntity	http://example.org/stkg/id/platform_T90
http://example.org/stkg/id/obs_rel_T90_BTR80_20260205T223959Z_208_e_c	http://example.org/stkg/objectEntity	http://example.org/stkg/id/platform_BTR80
http://example.org/stkg/id/obs_rel_T90_BTR80_20260205T223959Z_208_e_c	http://example.org/stkg/relationType	http://example.org/stkg/id/relation_ahead_of
http://example.org/stkg/id/obs_rel_T90_BTR80_20260205T223959Z_208_e_c	http://example.org/stkg/time	"2026-02-05T22:39:59Z"^^<http://www.w3.org/2001/XMLSchema#dateTime>
http://example.org/stkg/id/obs_rel_BTR80_K2BlackPanther_20260205T224000Z_209_c_d	http://www.w3.org/1999/02/22-rdf-syntax-ns#type	http://example.org/stkg/id/SpatialRelationObservation
http://example.org/stkg/id/obs_rel_BTR80_K2BlackPanther_20260205T224000Z_209_c_d	http://example.org/stkg/subjectEntity	http://example.org/stkg/id/platform_BTR80
http://example.org/stkg/id/obs_rel_BTR80_K2BlackPanther_20260205T224000Z_209_c_d	http://example.org/stkg/objectEntity	http://example.org/stkg/id/platform_K2BlackPanther
http://example.org/stkg/id/obs_rel_BTR80_K2BlackPanther_20260205T224000Z_209_c_d	http://example.org/stkg/relationType	http://example.org/stkg/id/relation_behind_of
http://example.org/stkg/id/obs_rel_BTR80_K2BlackPanther_20260205T224000Z_209_c_d	http://example.org/stkg/time	"2026-02-05T22:40:00Z"^^<http://www.w3.org/2001/XMLSchema#dateTime>
http://example.org/stkg/id/obs_rel_K2BlackPanther_BTR80_20260205T224000Z_209_d_c	http://www.w3.org/1999/02/22-rdf-syntax-ns#type	http://example.org/stkg/id/SpatialRelationObservation
http://example.org/stkg/id/obs_rel_K2BlackPanther_BTR80_20260205T224000Z_209_d_c	http://example.org/stkg/subjectEntity	http://example.org/stkg/id/platform_K2BlackPanther
http://example.org/stkg/id/obs_rel_K2BlackPanther_BTR80_20260205T224000Z_209_d_c	http://example.org/stkg/objectEntity	http://example.org/stkg/id/platform_BTR80
http://example.org/stkg/id/obs_rel_K2BlackPanther_BTR80_20260205T224000Z_209_d_c	http://example.org/stkg/relationType	http://example.org/stkg/id/relation_ahead_of
http://example.org/stkg/id/obs_rel_K2BlackPanther_BTR80_20260205T224000Z_209_d_c	http://example.org/stkg/time	"2026-02-05T22:40:00Z"^^<http://www.w3.org/2001/XMLSchema#dateTime>
http://example.org/stkg/id/obs_rel_K2BlackPanther_T90_20260205T224000Z_209_d_e	http://www.w3.org/1999/02/22-rdf-syntax-ns#type	http://example.org/stkg/id/SpatialRelationObservation
http://example.org/stkg/id/obs_rel_K2BlackPanther_T90_20260205T224000Z_209_d_e	http://example.org/stkg/subjectEntity	http://example.org/stkg/id/platform_K2BlackPanther
http://example.org/stkg/id/obs_rel_K2BlackPanther_T90_20260205T224000Z_209_d_e	http://example.org/stkg/objectEntity	http://example.org/stkg/id/platform_T90
http://example.org/stkg/id/obs_rel_K2BlackPanther_T90_20260205T224000Z_209_d_e	http://example.org/stkg/relationType	http://example.org/stkg/id/relation_ahead_of
http://example.org/stkg/id/obs_rel_K2BlackPanther_T90_20260205T224000Z_209_d_e	http://example.org/stkg/time	"2026-02-05T22:40:00Z"^^<http://www.w3.org/2001/XMLSchema#dateTime>
http://example.org/stkg/id/obs_rel_T90_K2BlackPanther_20260205T224000Z_209_e_d	http://www.w3.org/1999/02/22-rdf-syntax-ns#type	http://example.org/stkg/id/SpatialRelationObservation
http://example.org/stkg/id/obs_rel_T90_K2BlackPanther_20260205T224000Z_209_e_d	http://example.org/stkg/subjectEntity	http://example.org/stkg/id/platform_T90
http://example.org/stkg/id/obs_rel_T90_K2BlackPanther_20260205T224000Z_209_e_d	http://example.org/stkg/objectEntity	http://example.org/stkg/id/platform_K2BlackPanther
http://example.org/stkg/id/obs_rel_T90_K2BlackPanther_20260205T224000Z_209_e_d	http://example.org/stkg/relationType	http://example.org/stkg/id/relation_behind_of
http://example.org/stkg/id/obs_rel_T90_K2BlackPanther_20260205T224000Z_209_e_d	http://example.org/stkg/time	"2026-02-05T22:40:00Z"^^<http://www.w3.org/2001/XMLSchema#dateTime>
http://example.org/stkg/id/obs_rel_BTR80_T90_20260205T224000Z_209_c_e	http://www.w3.org/1999/02/22-rdf-syntax-ns#type	http://example.org/stkg/id/SpatialRelationObservation
http://example.org/stkg/id/obs_rel_BTR80_T90_20260205T224000Z_209_c_e	http://example.org/stkg/subjectEntity	http://example.org/stkg/id/platform_BTR80
http://example.org/stkg/id/obs_rel_BTR80_T90_20260205T224000Z_209_c_e	http://example.org/stkg/objectEntity	http://example.org/stkg/id/platform_T90
http://example.org/stkg/id/obs_rel_BTR80_T90_20260205T224000Z_209_c_e	http://example.org/stkg/relationType	http://example.org/stkg/id/relation_behind_of
http://example.org/stkg/id/obs_rel_BTR80_T90_20260205T224000Z_209_c_e	http://example.org/stkg/time	"2026-02-05T22:40:00Z"^^<http://www.w3.org/2001/XMLSchema#dateTime>
http://example.org/stkg/id/obs_rel_T90_BTR80_20260205T224000Z_209_e_c	http://www.w3.org/1999/02/22-rdf-syntax-ns#type	http://example.org/stkg/id/SpatialRelationObservation
http://example.org/stkg/id/obs_rel_T90_BTR80_20260205T224000Z_209_e_c	http://example.org/stkg/subjectEntity	http://example.org/stkg/id/platform_T90
http://example.org/stkg/id/obs_rel_T90_BTR80_20260205T224000Z_209_e_c	http://example.org/stkg/objectEntity	http://example.org/stkg/id/platform_BTR80
http://example.org/stkg/id/obs_rel_T90_BTR80_20260205T224000Z_209_e_c	http://example.org/stkg/relationType	http://example.org/stkg/id/relation_ahead_of
http://example.org/stkg/id/obs_rel_T90_BTR80_20260205T224000Z_209_e_c	http://example.org/stkg/time	"2026-02-05T22:40:00Z"^^<http://www.w3.org/2001/XMLSchema#dateTime>
http://example.org/stkg/id/obs_rel_BTR80_K2BlackPanther_20260205T224001Z_210_c_d	http://www.w3.org/1999/02/22-rdf-syntax-ns#type	http://example.org/stkg/id/SpatialRelationObservation
http://example.org/stkg/id/obs_rel_BTR80_K2BlackPanther_20260205T224001Z_210_c_d	http://example.org/stkg/subjectEntity	http://example.org/stkg/id/platform_BTR80
http://example.org/stkg/id/obs_rel_BTR80_K2BlackPanther_20260205T224001Z_210_c_d	http://example.org/stkg/objectEntity	http://example.org/stkg/id/platform_K2BlackPanther
http://example.org/stkg/id/obs_rel_BTR80_K2BlackPanther_20260205T224001Z_210_c_d	http://example.org/stkg/relationType	http://example.org/stkg/id/relation_behind_of
http://example.org/stkg/id/obs_rel_BTR80_K2BlackPanther_20260205T224001Z_210_c_d	http://example.org/stkg/time	"2026-02-05T22:40:01Z"^^<http://www.w3.org/2001/XMLSchema#dateTime>
http://example.org/stkg/id/obs_rel_K2BlackPanther_BTR80_20260205T224001Z_210_d_c	http://www.w3.org/1999/02/22-rdf-syntax-ns#type	http://example.org/stkg/id/SpatialRelationObservation
http://example.org/stkg/id/obs_rel_K2BlackPanther_BTR80_20260205T224001Z_210_d_c	http://example.org/stkg/subjectEntity	http://example.org/stkg/id/platform_K2BlackPanther
http://example.org/stkg/id/obs_rel_K2BlackPanther_BTR80_20260205T224001Z_210_d_c	http://example.org/stkg/objectEntity	http://example.org/stkg/id/platform_BTR80
http://example.org/stkg/id/obs_rel_K2BlackPanther_BTR80_20260205T224001Z_210_d_c	http://example.org/stkg/relationType	http://example.org/stkg/id/relation_ahead_of
http://example.org/stkg/id/obs_rel_K2BlackPanther_BTR80_20260205T224001Z_210_d_c	http://example.org/stkg/time	"2026-02-05T22:40:01Z"^^<http://www.w3.org/2001/XMLSchema#dateTime>
http://example.org/stkg/id/obs_rel_K2BlackPanther_T90_20260205T224001Z_210_d_e	http://www.w3.org/1999/02/22-rdf-syntax-ns#type	http://example.org/stkg/id/SpatialRelationObservation
http://example.org/stkg/id/obs_rel_K2BlackPanther_T90_20260205T224001Z_210_d_e	http://example.org/stkg/subjectEntity	http://example.org/stkg/id/platform_K2BlackPanther
http://example.org/stkg/id/obs_rel_K2BlackPanther_T90_20260205T224001Z_210_d_e	http://example.org/stkg/objectEntity	http://example.org/stkg/id/platform_T90
http://example.org/stkg/id/obs_rel_K2BlackPanther_T90_20260205T224001Z_210_d_e	http://example.org/stkg/relationType	http://example.org/stkg/id/relation_ahead_of
http://example.org/stkg/id/obs_rel_K2BlackPanther_T90_20260205T224001Z_210_d_e	http://example.org/stkg/time	"2026-02-05T22:40:01Z"^^<http://www.w3.org/2001/XMLSchema#dateTime>
http://example.org/stkg/id/obs_rel_T90_K2BlackPanther_20260205T224001Z_210_e_d	http://www.w3.org/1999/02/22-rdf-syntax-ns#type	http://example.org/stkg/id/SpatialRelationObservation
http://example.org/stkg/id/obs_rel_T90_K2BlackPanther_20260205T224001Z_210_e_d	http://example.org/stkg/subjectEntity	http://example.org/stkg/id/platform_T90
http://example.org/stkg/id/obs_rel_T90_K2BlackPanther_20260205T224001Z_210_e_d	http://example.org/stkg/objectEntity	http://example.org/stkg/id/platform_K2BlackPanther
http://example.org/stkg/id/obs_rel_T90_K2BlackPanther_20260205T224001Z_210_e_d	http://example.org/stkg/relationType	http://example.org/stkg/id/relation_behind_of
http://example.org/stkg/id/obs_rel_T90_K2BlackPanther_20260205T224001Z_210_e_d	http://example.org/stkg/time	"2026-02-05T22:40:01Z"^^<http://www.w3.org/2001/XMLSchema#dateTime>
http://example.org/stkg/id/obs_rel_BTR80_T90_20260205T224001Z_210_c_e	http://www.w3.org/1999/02/22-rdf-syntax-ns#type	http://example.org/stkg/id/SpatialRelationObservation
http://example.org/stkg/id/obs_rel_BTR80_T90_20260205T224001Z_210_c_e	http://example.org/stkg/subjectEntity	http://example.org/stkg/id/platform_BTR80
http://example.org/stkg/id/obs_rel_BTR80_T90_20260205T224001Z_210_c_e	http://example.org/stkg/objectEntity	http://example.org/stkg/id/platform_T90
http://example.org/stkg/id/obs_rel_BTR80_T90_20260205T224001Z_210_c_e	http://example.org/stkg/relationType	http://example.org/stkg/id/relation_behind_of
http://example.org/stkg/id/obs_rel_BTR80_T90_20260205T224001Z_210_c_e	http://example.org/stkg/time	"2026-02-05T22:40:01Z"^^<http://www.w3.org/2001/XMLSchema#dateTime>
http://example.org/stkg/id/obs_rel_T90_BTR80_20260205T224001Z_210_e_c	http://www.w3.org/1999/02/22-rdf-syntax-ns#type	http://example.org/stkg/id/SpatialRelationObservation
http://example.org/stkg/id/obs_rel_T90_BTR80_20260205T224001Z_210_e_c	http://example.org/stkg/subjectEntity	http://example.org/stkg/id/platform_T90
http://example.org/stkg/id/obs_rel_T90_BTR80_20260205T224001Z_210_e_c	http://example.org/stkg/objectEntity	http://example.org/stkg/id/platform_BTR80
http://example.org/stkg/id/obs_rel_T90_BTR80_20260205T224001Z_210_e_c	http://example.org/stkg/relationType	http://example.org/stkg/id/relation_ahead_of
http://example.org/stkg/id/obs_rel_T90_BTR80_20260205T224001Z_210_e_c	http://example.org/stkg/time	"2026-02-05T22:40:01Z"^^<http://www.w3.org/2001/XMLSchema#dateTime>
http://example.org/stkg/id/obs_rel_BTR80_K2BlackPanther_20260205T224002Z_211_c_d	http://www.w3.org/1999/02/22-rdf-syntax-ns#type	http://example.org/stkg/id/SpatialRelationObservation
http://example.org/stkg/id/obs_rel_BTR80_K2BlackPanther_20260205T224002Z_211_c_d	http://example.org/stkg/subjectEntity	http://example.org/stkg/id/platform_BTR80
http://example.org/stkg/id/obs_rel_BTR80_K2BlackPanther_20260205T224002Z_211_c_d	http://example.org/stkg/objectEntity	http://example.org/stkg/id/platform_K2BlackPanther
http://example.org/stkg/id/obs_rel_BTR80_K2BlackPanther_20260205T224002Z_211_c_d	http://example.org/stkg/relationType	http://example.org/stkg/id/relation_behind_of
http://example.org/stkg/id/obs_rel_BTR80_K2BlackPanther_20260205T224002Z_211_c_d	http://example.org/stkg/time	"2026-02-05T22:40:02Z"^^<http://www.w3.org/2001/XMLSchema#dateTime>
http://example.org/stkg/id/obs_rel_K2BlackPanther_BTR80_20260205T224002Z_211_d_c	http://www.w3.org/1999/02/22-rdf-syntax-ns#type	http://example.org/stkg/id/SpatialRelationObservation
http://example.org/stkg/id/obs_rel_K2BlackPanther_BTR80_20260205T224002Z_211_d_c	http://example.org/stkg/subjectEntity	http://example.org/stkg/id/platform_K2BlackPanther
http://example.org/stkg/id/obs_rel_K2BlackPanther_BTR80_20260205T224002Z_211_d_c	http://example.org/stkg/objectEntity	http://example.org/stkg/id/platform_BTR80
http://example.org/stkg/id/obs_rel_K2BlackPanther_BTR80_20260205T224002Z_211_d_c	http://example.org/stkg/relationType	http://example.org/stkg/id/relation_ahead_of
http://example.org/stkg/id/obs_rel_K2BlackPanther_BTR80_20260205T224002Z_211_d_c	http://example.org/stkg/time	"2026-02-05T22:40:02Z"^^<http://www.w3.org/2001/XMLSchema#dateTime>
http://example.org/stkg/id/obs_rel_K2BlackPanther_T90_20260205T224002Z_211_d_e	http://www.w3.org/1999/02/22-rdf-syntax-ns#type	http://example.org/stkg/id/SpatialRelationObservation
http://example.org/stkg/id/obs_rel_K2BlackPanther_T90_20260205T224002Z_211_d_e	http://example.org/stkg/subjectEntity	http://example.org/stkg/id/platform_K2BlackPanther
http://example.org/stkg/id/obs_rel_K2BlackPanther_T90_20260205T224002Z_211_d_e	http://example.org/stkg/objectEntity	http://example.org/stkg/id/platform_T90
http://example.org/stkg/id/obs_rel_K2BlackPanther_T90_20260205T224002Z_211_d_e	http://example.org/stkg/relationType	http://example.org/stkg/id/relation_ahead_of
http://example.org/stkg/id/obs_rel_K2BlackPanther_T90_20260205T224002Z_211_d_e	http://example.org/stkg/time	"2026-02-05T22:40:02Z"^^<http://www.w3.org/2001/XMLSchema#dateTime>
http://example.org/stkg/id/obs_rel_T90_K2BlackPanther_20260205T224002Z_211_e_d	http://www.w3.org/1999/02/22-rdf-syntax-ns#type	http://example.org/stkg/id/SpatialRelationObservation
http://example.org/stkg/id/obs_rel_T90_K2BlackPanther_20260205T224002Z_211_e_d	http://example.org/stkg/subjectEntity	http://example.org/stkg/id/platform_T90
http://example.org/stkg/id/obs_rel_T90_K2BlackPanther_20260205T224002Z_211_e_d	http://example.org/stkg/objectEntity	http://example.org/stkg/id/platform_K2BlackPanther
http://example.org/stkg/id/obs_rel_T90_K2BlackPanther_20260205T224002Z_211_e_d	http://example.org/stkg/relationType	http://example.org/stkg/id/relation_behind_of
http://example.org/stkg/id/obs_rel_T90_K2BlackPanther_20260205T224002Z_211_e_d	http://example.org/stkg/time	"2026-02-05T22:40:02Z"^^<http://www.w3.org/2001/XMLSchema#dateTime>
http://example.org/stkg/id/obs_rel_BTR80_T90_20260205T224002Z_211_c_e	http://www.w3.org/1999/02/22-rdf-syntax-ns#type	http://example.org/stkg/id/SpatialRelationObservation
http://example.org/stkg/id/obs_rel_BTR80_T90_20260205T224002Z_211_c_e	http://example.org/stkg/subjectEntity	http://example.org/stkg/id/platform_BTR80
http://example.org/stkg/id/obs_rel_BTR80_T90_20260205T224002Z_211_c_e	http://example.org/stkg/objectEntity	http://example.org/stkg/id/platform_T90
http://example.org/stkg/id/obs_rel_BTR80_T90_20260205T224002Z_211_c_e	http://example.org/stkg/relationType	http://example.org/stkg/id/relation_behind_of
http://example.org/stkg/id/obs_rel_BTR80_T90_20260205T224002Z_211_c_e	http://example.org/stkg/time	"2026-02-05T22:40:02Z"^^<http://www.w3.org/2001/XMLSchema#dateTime>
http://example.org/stkg/id/obs_rel_T90_BTR80_20260205T224002Z_211_e_c	http://www.w3.org/1999/02/22-rdf-syntax-ns#type	http://example.org/stkg/id/SpatialRelationObservation
http://example.org/stkg/id/obs_rel_T90_BTR80_20260205T224002Z_211_e_c	http://example.org/stkg/subjectEntity	http://example.org/stkg/id/platform_T90
http://example.org/stkg/id/obs_rel_T90_BTR80_20260205T224002Z_211_e_c	http://example.org/stkg/objectEntity	http://example.org/stkg/id/platform_BTR80
http://example.org/stkg/id/obs_rel_T90_BTR80_20260205T224002Z_211_e_c	http://example.org/stkg/relationType	http://example.org/stkg/id/relation_ahead_of
http://example.org/stkg/id/obs_rel_T90_BTR80_20260205T224002Z_211_e_c	http://example.org/stkg/time	"2026-02-05T22:40:02Z"^^<http://www.w3.org/2001/XMLSchema#dateTime>
http://example.org/stkg/id/obs_rel_BTR80_K2BlackPanther_20260205T224003Z_212_c_d	http://www.w3.org/1999/02/22-rdf-syntax-ns#type	http://example.org/stkg/id/SpatialRelationObservation
http://example.org/stkg/id/obs_rel_BTR80_K2BlackPanther_20260205T224003Z_212_c_d	http://example.org/stkg/subjectEntity	http://example.org/stkg/id/platform_BTR80
http://example.org/stkg/id/obs_rel_BTR80_K2BlackPanther_20260205T224003Z_212_c_d	http://example.org/stkg/objectEntity	http://example.org/stkg/id/platform_K2BlackPanther
http://example.org/stkg/id/obs_rel_BTR80_K2BlackPanther_20260205T224003Z_212_c_d	http://example.org/stkg/relationType	http://example.org/stkg/id/relation_behind_of
http://example.org/stkg/id/obs_rel_BTR80_K2BlackPanther_20260205T224003Z_212_c_d	http://example.org/stkg/time	"2026-02-05T22:40:03Z"^^<http://www.w3.org/2001/XMLSchema#dateTime>
http://example.org/stkg/id/obs_rel_K2BlackPanther_BTR80_20260205T224003Z_212_d_c	http://www.w3.org/1999/02/22-rdf-syntax-ns#type	http://example.org/stkg/id/SpatialRelationObservation
http://example.org/stkg/id/obs_rel_K2BlackPanther_BTR80_20260205T224003Z_212_d_c	http://example.org/stkg/subjectEntity	http://example.org/stkg/id/platform_K2BlackPanther
http://example.org/stkg/id/obs_rel_K2BlackPanther_BTR80_20260205T224003Z_212_d_c	http://example.org/stkg/objectEntity	http://example.org/stkg/id/platform_BTR80
http://example.org/stkg/id/obs_rel_K2BlackPanther_BTR80_20260205T224003Z_212_d_c	http://example.org/stkg/relationType	http://example.org/stkg/id/relation_ahead_of
http://example.org/stkg/id/obs_rel_K2BlackPanther_BTR80_20260205T224003Z_212_d_c	http://example.org/stkg/time	"2026-02-05T22:40:03Z"^^<http://www.w3.org/2001/XMLSchema#dateTime>
http://example.org/stkg/id/obs_rel_K2BlackPanther_T90_20260205T224003Z_212_d_e	http://www.w3.org/1999/02/22-rdf-syntax-ns#type	http://example.org/stkg/id/SpatialRelationObservation
http://example.org/stkg/id/obs_rel_K2BlackPanther_T90_20260205T224003Z_212_d_e	http://example.org/stkg/subjectEntity	http://example.org/stkg/id/platform_K2BlackPanther
http://example.org/stkg/id/obs_rel_K2BlackPanther_T90_20260205T224003Z_212_d_e	http://example.org/stkg/objectEntity	http://example.org/stkg/id/platform_T90
http://example.org/stkg/id/obs_rel_K2BlackPanther_T90_20260205T224003Z_212_d_e	http://example.org/stkg/relationType	http://example.org/stkg/id/relation_ahead_of
http://example.org/stkg/id/obs_rel_K2BlackPanther_T90_20260205T224003Z_212_d_e	http://example.org/stkg/time	"2026-02-05T22:40:03Z"^^<http://www.w3.org/2001/XMLSchema#dateTime>
http://example.org/stkg/id/obs_rel_T90_K2BlackPanther_20260205T224003Z_212_e_d	http://www.w3.org/1999/02/22-rdf-syntax-ns#type	http://example.org/stkg/id/SpatialRelationObservation
http://example.org/stkg/id/obs_rel_T90_K2BlackPanther_20260205T224003Z_212_e_d	http://example.org/stkg/subjectEntity	http://example.org/stkg/id/platform_T90
http://example.org/stkg/id/obs_rel_T90_K2BlackPanther_20260205T224003Z_212_e_d	http://example.org/stkg/objectEntity	http://example.org/stkg/id/platform_K2BlackPanther
http://example.org/stkg/id/obs_rel_T90_K2BlackPanther_20260205T224003Z_212_e_d	http://example.org/stkg/relationType	http://example.org/stkg/id/relation_behind_of
http://example.org/stkg/id/obs_rel_T90_K2BlackPanther_20260205T224003Z_212_e_d	http://example.org/stkg/time	"2026-02-05T22:40:03Z"^^<http://www.w3.org/2001/XMLSchema#dateTime>
http://example.org/stkg/id/obs_rel_BTR80_T90_20260205T224003Z_212_c_e	http://www.w3.org/1999/02/22-rdf-syntax-ns#type	http://example.org/stkg/id/SpatialRelationObservation
http://example.org/stkg/id/obs_rel_BTR80_T90_20260205T224003Z_212_c_e	http://example.org/stkg/subjectEntity	http://example.org/stkg/id/platform_BTR80
http://example.org/stkg/id/obs_rel_BTR80_T90_20260205T224003Z_212_c_e	http://example.org/stkg/objectEntity	http://example.org/stkg/id/platform_T90
http://example.org/stkg/id/obs_rel_BTR80_T90_20260205T224003Z_212_c_e	http://example.org/stkg/relationType	http://example.org/stkg/id/relation_behind_of
http://example.org/stkg/id/obs_rel_BTR80_T90_20260205T224003Z_212_c_e	http://example.org/stkg/time	"2026-02-05T22:40:03Z"^^<http://www.w3.org/2001/XMLSchema#dateTime>
http://example.org/stkg/id/obs_rel_T90_BTR80_20260205T224003Z_212_e_c	http://www.w3.org/1999/02/22-rdf-syntax-ns#type	http://example.org/stkg/id/SpatialRelationObservation
http://example.org/stkg/id/obs_rel_T90_BTR80_20260205T224003Z_212_e_c	http://example.org/stkg/subjectEntity	http://example.org/stkg/id/platform_T90
http://example.org/stkg/id/obs_rel_T90_BTR80_20260205T224003Z_212_e_c	http://example.org/stkg/objectEntity	http://example.org/stkg/id/platform_BTR80
http://example.org/stkg/id/obs_rel_T90_BTR80_20260205T224003Z_212_e_c	http://example.org/stkg/relationType	http://example.org/stkg/id/relation_ahead_of
http://example.org/stkg/id/obs_rel_T90_BTR80_20260205T224003Z_212_e_c	http://example.org/stkg/time	"2026-02-05T22:40:03Z"^^<http://www.w3.org/2001/XMLSchema#dateTime>
http://example.org/stkg/id/obs_rel_BTR80_K2BlackPanther_20260205T224004Z_213_c_d	http://www.w3.org/1999/02/22-rdf-syntax-ns#type	http://example.org/stkg/id/SpatialRelationObservation
http://example.org/stkg/id/obs_rel_BTR80_K2BlackPanther_20260205T224004Z_213_c_d	http://example.org/stkg/subjectEntity	http://example.org/stkg/id/platform_BTR80
http://example.org/stkg/id/obs_rel_BTR80_K2BlackPanther_20260205T224004Z_213_c_d	http://example.org/stkg/objectEntity	http://example.org/stkg/id/platform_K2BlackPanther
http://example.org/stkg/id/obs_rel_BTR80_K2BlackPanther_20260205T224004Z_213_c_d	http://example.org/stkg/relationType	http://example.org/stkg/id/relation_behind_of
http://example.org/stkg/id/obs_rel_BTR80_K2BlackPanther_20260205T224004Z_213_c_d	http://example.org/stkg/time	"2026-02-05T22:40:04Z"^^<http://www.w3.org/2001/XMLSchema#dateTime>
http://example.org/stkg/id/obs_rel_K2BlackPanther_BTR80_20260205T224004Z_213_d_c	http://www.w3.org/1999/02/22-rdf-syntax-ns#type	http://example.org/stkg/id/SpatialRelationObservation
http://example.org/stkg/id/obs_rel_K2BlackPanther_BTR80_20260205T224004Z_213_d_c	http://example.org/stkg/subjectEntity	http://example.org/stkg/id/platform_K2BlackPanther
http://example.org/stkg/id/obs_rel_K2BlackPanther_BTR80_20260205T224004Z_213_d_c	http://example.org/stkg/objectEntity	http://example.org/stkg/id/platform_BTR80
http://example.org/stkg/id/obs_rel_K2BlackPanther_BTR80_20260205T224004Z_213_d_c	http://example.org/stkg/relationType	http://example.org/stkg/id/relation_ahead_of
http://example.org/stkg/id/obs_rel_K2BlackPanther_BTR80_20260205T224004Z_213_d_c	http://example.org/stkg/time	"2026-02-05T22:40:04Z"^^<http://www.w3.org/2001/XMLSchema#dateTime>
http://example.org/stkg/id/obs_rel_K2BlackPanther_T90_20260205T224004Z_213_d_e	http://www.w3.org/1999/02/22-rdf-syntax-ns#type	http://example.org/stkg/id/SpatialRelationObservation
http://example.org/stkg/id/obs_rel_K2BlackPanther_T90_20260205T224004Z_213_d_e	http://example.org/stkg/subjectEntity	http://example.org/stkg/id/platform_K2BlackPanther
http://example.org/stkg/id/obs_rel_K2BlackPanther_T90_20260205T224004Z_213_d_e	http://example.org/stkg/objectEntity	http://example.org/stkg/id/platform_T90
http://example.org/stkg/id/obs_rel_K2BlackPanther_T90_20260205T224004Z_213_d_e	http://example.org/stkg/relationType	http://example.org/stkg/id/relation_ahead_of
http://example.org/stkg/id/obs_rel_K2BlackPanther_T90_20260205T224004Z_213_d_e	http://example.org/stkg/time	"2026-02-05T22:40:04Z"^^<http://www.w3.org/2001/XMLSchema#dateTime>
http://example.org/stkg/id/obs_rel_T90_K2BlackPanther_20260205T224004Z_213_e_d	http://www.w3.org/1999/02/22-rdf-syntax-ns#type	http://example.org/stkg/id/SpatialRelationObservation
http://example.org/stkg/id/obs_rel_T90_K2BlackPanther_20260205T224004Z_213_e_d	http://example.org/stkg/subjectEntity	http://example.org/stkg/id/platform_T90
http://example.org/stkg/id/obs_rel_T90_K2BlackPanther_20260205T224004Z_213_e_d	http://example.org/stkg/objectEntity	http://example.org/stkg/id/platform_K2BlackPanther
http://example.org/stkg/id/obs_rel_T90_K2BlackPanther_20260205T224004Z_213_e_d	http://example.org/stkg/relationType	http://example.org/stkg/id/relation_behind_of
http://example.org/stkg/id/obs_rel_T90_K2BlackPanther_20260205T224004Z_213_e_d	http://example.org/stkg/time	"2026-02-05T22:40:04Z"^^<http://www.w3.org/2001/XMLSchema#dateTime>
http://example.org/stkg/id/obs_rel_BTR80_T90_20260205T224004Z_213_c_e	http://www.w3.org/1999/02/22-rdf-syntax-ns#type	http://example.org/stkg/id/SpatialRelationObservation
http://example.org/stkg/id/obs_rel_BTR80_T90_20260205T224004Z_213_c_e	http://example.org/stkg/subjectEntity	http://example.org/stkg/id/platform_BTR80
http://example.org/stkg/id/obs_rel_BTR80_T90_20260205T224004Z_213_c_e	http://example.org/stkg/objectEntity	http://example.org/stkg/id/platform_T90
http://example.org/stkg/id/obs_rel_BTR80_T90_20260205T224004Z_213_c_e	http://example.org/stkg/relationType	http://example.org/stkg/id/relation_behind_of
http://example.org/stkg/id/obs_rel_BTR80_T90_20260205T224004Z_213_c_e	http://example.org/stkg/time	"2026-02-05T22:40:04Z"^^<http://www.w3.org/2001/XMLSchema#dateTime>
http://example.org/stkg/id/obs_rel_T90_BTR80_20260205T224004Z_213_e_c	http://www.w3.org/1999/02/22-rdf-syntax-ns#type	http://example.org/stkg/id/SpatialRelationObservation
http://example.org/stkg/id/obs_rel_T90_BTR80_20260205T224004Z_213_e_c	http://example.org/stkg/subjectEntity	http://example.org/stkg/id/platform_T90
http://example.org/stkg/id/obs_rel_T90_BTR80_20260205T224004Z_213_e_c	http://example.org/stkg/objectEntity	http://example.org/stkg/id/platform_BTR80
http://example.org/stkg/id/obs_rel_T90_BTR80_20260205T224004Z_213_e_c	http://example.org/stkg/relationType	http://example.org/stkg/id/relation_ahead_of
http://example.org/stkg/id/obs_rel_T90_BTR80_20260205T224004Z_213_e_c	http://example.org/stkg/time	"2026-02-05T22:40:04Z"^^<http://www.w3.org/2001/XMLSchema#dateTime>
http://example.org/stkg/id/obs_rel_BTR80_K2BlackPanther_20260205T224005Z_214_c_d	http://www.w3.org/1999/02/22-rdf-syntax-ns#type	http://example.org/stkg/id/SpatialRelationObservation
http://example.org/stkg/id/obs_rel_BTR80_K2BlackPanther_20260205T224005Z_214_c_d	http://example.org/stkg/subjectEntity	http://example.org/stkg/id/platform_BTR80
http://example.org/stkg/id/obs_rel_BTR80_K2BlackPanther_20260205T224005Z_214_c_d	http://example.org/stkg/objectEntity	http://example.org/stkg/id/platform_K2BlackPanther
http://example.org/stkg/id/obs_rel_BTR80_K2BlackPanther_20260205T224005Z_214_c_d	http://example.org/stkg/relationType	http://example.org/stkg/id/relation_behind_of
http://example.org/stkg/id/obs_rel_BTR80_K2BlackPanther_20260205T224005Z_214_c_d	http://example.org/stkg/time	"2026-02-05T22:40:05Z"^^<http://www.w3.org/2001/XMLSchema#dateTime>
http://example.org/stkg/id/obs_rel_K2BlackPanther_BTR80_20260205T224005Z_214_d_c	http://www.w3.org/1999/02/22-rdf-syntax-ns#type	http://example.org/stkg/id/SpatialRelationObservation
http://example.org/stkg/id/obs_rel_K2BlackPanther_BTR80_20260205T224005Z_214_d_c	http://example.org/stkg/subjectEntity	http://example.org/stkg/id/platform_K2BlackPanther
http://example.org/stkg/id/obs_rel_K2BlackPanther_BTR80_20260205T224005Z_214_d_c	http://example.org/stkg/objectEntity	http://example.org/stkg/id/platform_BTR80
http://example.org/stkg/id/obs_rel_K2BlackPanther_BTR80_20260205T224005Z_214_d_c	http://example.org/stkg/relationType	http://example.org/stkg/id/relation_ahead_of
http://example.org/stkg/id/obs_rel_K2BlackPanther_BTR80_20260205T224005Z_214_d_c	http://example.org/stkg/time	"2026-02-05T22:40:05Z"^^<http://www.w3.org/2001/XMLSchema#dateTime>
http://example.org/stkg/id/obs_rel_K2BlackPanther_T90_20260205T224005Z_214_d_e	http://www.w3.org/1999/02/22-rdf-syntax-ns#type	http://example.org/stkg/id/SpatialRelationObservation
http://example.org/stkg/id/obs_rel_K2BlackPanther_T90_20260205T224005Z_214_d_e	http://example.org/stkg/subjectEntity	http://example.org/stkg/id/platform_K2BlackPanther
http://example.org/stkg/id/obs_rel_K2BlackPanther_T90_20260205T224005Z_214_d_e	http://example.org/stkg/objectEntity	http://example.org/stkg/id/platform_T90
http://example.org/stkg/id/obs_rel_K2BlackPanther_T90_20260205T224005Z_214_d_e	http://example.org/stkg/relationType	http://example.org/stkg/id/relation_ahead_of
http://example.org/stkg/id/obs_rel_K2BlackPanther_T90_20260205T224005Z_214_d_e	http://example.org/stkg/time	"2026-02-05T22:40:05Z"^^<http://www.w3.org/2001/XMLSchema#dateTime>
http://example.org/stkg/id/obs_rel_T90_K2BlackPanther_20260205T224005Z_214_e_d	http://www.w3.org/1999/02/22-rdf-syntax-ns#type	http://example.org/stkg/id/SpatialRelationObservation
http://example.org/stkg/id/obs_rel_T90_K2BlackPanther_20260205T224005Z_214_e_d	http://example.org/stkg/subjectEntity	http://example.org/stkg/id/platform_T90
http://example.org/stkg/id/obs_rel_T90_K2BlackPanther_20260205T224005Z_214_e_d	http://example.org/stkg/objectEntity	http://example.org/stkg/id/platform_K2BlackPanther
http://example.org/stkg/id/obs_rel_T90_K2BlackPanther_20260205T224005Z_214_e_d	http://example.org/stkg/relationType	http://example.org/stkg/id/relation_behind_of
http://example.org/stkg/id/obs_rel_T90_K2BlackPanther_20260205T224005Z_214_e_d	http://example.org/stkg/time	"2026-02-05T22:40:05Z"^^<http://www.w3.org/2001/XMLSchema#dateTime>
http://example.org/stkg/id/obs_rel_BTR80_T90_20260205T224005Z_214_c_e	http://www.w3.org/1999/02/22-rdf-syntax-ns#type	http://example.org/stkg/id/SpatialRelationObservation
http://example.org/stkg/id/obs_rel_BTR80_T90_20260205T224005Z_214_c_e	http://example.org/stkg/subjectEntity	http://example.org/stkg/id/platform_BTR80
http://example.org/stkg/id/obs_rel_BTR80_T90_20260205T224005Z_214_c_e	http://example.org/stkg/objectEntity	http://example.org/stkg/id/platform_T90
http://example.org/stkg/id/obs_rel_BTR80_T90_20260205T224005Z_214_c_e	http://example.org/stkg/relationType	http://example.org/stkg/id/relation_behind_of
http://example.org/stkg/id/obs_rel_BTR80_T90_20260205T224005Z_214_c_e	http://example.org/stkg/time	"2026-02-05T22:40:05Z"^^<http://www.w3.org/2001/XMLSchema#dateTime>
http://example.org/stkg/id/obs_rel_T90_BTR80_20260205T224005Z_214_e_c	http://www.w3.org/1999/02/22-rdf-syntax-ns#type	http://example.org/stkg/id/SpatialRelationObservation
http://example.org/stkg/id/obs_rel_T90_BTR80_20260205T224005Z_214_e_c	http://example.org/stkg/subjectEntity	http://example.org/stkg/id/platform_T90
http://example.org/stkg/id/obs_rel_T90_BTR80_20260205T224005Z_214_e_c	http://example.org/stkg/objectEntity	http://example.org/stkg/id/platform_BTR80
http://example.org/stkg/id/obs_rel_T90_BTR80_20260205T224005Z_214_e_c	http://example.org/stkg/relationType	http://example.org/stkg/id/relation_ahead_of
http://example.org/stkg/id/obs_rel_T90_BTR80_20260205T224005Z_214_e_c	http://example.org/stkg/time	"2026-02-05T22:40:05Z"^^<http://www.w3.org/2001/XMLSchema#dateTime>
http://example.org/stkg/id/obs_rel_BTR80_K2BlackPanther_20260205T224006Z_215_c_d	http://www.w3.org/1999/02/22-rdf-syntax-ns#type	http://example.org/stkg/id/SpatialRelationObservation
http://example.org/stkg/id/obs_rel_BTR80_K2BlackPanther_20260205T224006Z_215_c_d	http://example.org/stkg/subjectEntity	http://example.org/stkg/id/platform_BTR80
http://example.org/stkg/id/obs_rel_BTR80_K2BlackPanther_20260205T224006Z_215_c_d	http://example.org/stkg/objectEntity	http://example.org/stkg/id/platform_K2BlackPanther
http://example.org/stkg/id/obs_rel_BTR80_K2BlackPanther_20260205T224006Z_215_c_d	http://example.org/stkg/relationType	http://example.org/stkg/id/relation_behind_of
http://example.org/stkg/id/obs_rel_BTR80_K2BlackPanther_20260205T224006Z_215_c_d	http://example.org/stkg/time	"2026-02-05T22:40:06Z"^^<http://www.w3.org/2001/XMLSchema#dateTime>
http://example.org/stkg/id/obs_rel_K2BlackPanther_BTR80_20260205T224006Z_215_d_c	http://www.w3.org/1999/02/22-rdf-syntax-ns#type	http://example.org/stkg/id/SpatialRelationObservation
http://example.org/stkg/id/obs_rel_K2BlackPanther_BTR80_20260205T224006Z_215_d_c	http://example.org/stkg/subjectEntity	http://example.org/stkg/id/platform_K2BlackPanther
http://example.org/stkg/id/obs_rel_K2BlackPanther_BTR80_20260205T224006Z_215_d_c	http://example.org/stkg/objectEntity	http://example.org/stkg/id/platform_BTR80
http://example.org/stkg/id/obs_rel_K2BlackPanther_BTR80_20260205T224006Z_215_d_c	http://example.org/stkg/relationType	http://example.org/stkg/id/relation_ahead_of
http://example.org/stkg/id/obs_rel_K2BlackPanther_BTR80_20260205T224006Z_215_d_c	http://example.org/stkg/time	"2026-02-05T22:40:06Z"^^<http://www.w3.org/2001/XMLSchema#dateTime>
http://example.org/stkg/id/obs_rel_K2BlackPanther_T90_20260205T224006Z_215_d_e	http://www.w3.org/1999/02/22-rdf-syntax-ns#type	http://example.org/stkg/id/SpatialRelationObservation
http://example.org/stkg/id/obs_rel_K2BlackPanther_T90_20260205T224006Z_215_d_e	http://example.org/stkg/subjectEntity	http://example.org/stkg/id/platform_K2BlackPanther
http://example.org/stkg/id/obs_rel_K2BlackPanther_T90_20260205T224006Z_215_d_e	http://example.org/stkg/objectEntity	http://example.org/stkg/id/platform_T90
http://example.org/stkg/id/obs_rel_K2BlackPanther_T90_20260205T224006Z_215_d_e	http://example.org/stkg/relationType	http://example.org/stkg/id/relation_ahead_of
http://example.org/stkg/id/obs_rel_K2BlackPanther_T90_20260205T224006Z_215_d_e	http://example.org/stkg/time	"2026-02-05T22:40:06Z"^^<http://www.w3.org/2001/XMLSchema#dateTime>
http://example.org/stkg/id/obs_rel_T90_K2BlackPanther_20260205T224006Z_215_e_d	http://www.w3.org/1999/02/22-rdf-syntax-ns#type	http://example.org/stkg/id/SpatialRelationObservation
http://example.org/stkg/id/obs_rel_T90_K2BlackPanther_20260205T224006Z_215_e_d	http://example.org/stkg/subjectEntity	http://example.org/stkg/id/platform_T90
http://example.org/stkg/id/obs_rel_T90_K2BlackPanther_20260205T224006Z_215_e_d	http://example.org/stkg/objectEntity	http://example.org/stkg/id/platform_K2BlackPanther
http://example.org/stkg/id/obs_rel_T90_K2BlackPanther_20260205T224006Z_215_e_d	http://example.org/stkg/relationType	http://example.org/stkg/id/relation_behind_of
http://example.org/stkg/id/obs_rel_T90_K2BlackPanther_20260205T224006Z_215_e_d	http://example.org/stkg/time	"2026-02-05T22:40:06Z"^^<http://www.w3.org/2001/XMLSchema#dateTime>
http://example.org/stkg/id/obs_rel_BTR80_T90_20260205T224006Z_215_c_e	http://www.w3.org/1999/02/22-rdf-syntax-ns#type	http://example.org/stkg/id/SpatialRelationObservation
http://example.org/stkg/id/obs_rel_BTR80_T90_20260205T224006Z_215_c_e	http://example.org/stkg/subjectEntity	http://example.org/stkg/id/platform_BTR80
http://example.org/stkg/id/obs_rel_BTR80_T90_20260205T224006Z_215_c_e	http://example.org/stkg/objectEntity	http://example.org/stkg/id/platform_T90
http://example.org/stkg/id/obs_rel_BTR80_T90_20260205T224006Z_215_c_e	http://example.org/stkg/relationType	http://example.org/stkg/id/relation_behind_of
http://example.org/stkg/id/obs_rel_BTR80_T90_20260205T224006Z_215_c_e	http://example.org/stkg/time	"2026-02-05T22:40:06Z"^^<http://www.w3.org/2001/XMLSchema#dateTime>
http://example.org/stkg/id/obs_rel_T90_BTR80_20260205T224006Z_215_e_c	http://www.w3.org/1999/02/22-rdf-syntax-ns#type	http://example.org/stkg/id/SpatialRelationObservation
http://example.org/stkg/id/obs_rel_T90_BTR80_20260205T224006Z_215_e_c	http://example.org/stkg/subjectEntity	http://example.org/stkg/id/platform_T90
http://example.org/stkg/id/obs_rel_T90_BTR80_20260205T224006Z_215_e_c	http://example.org/stkg/objectEntity	http://example.org/stkg/id/platform_BTR80
http://example.org/stkg/id/obs_rel_T90_BTR80_20260205T224006Z_215_e_c	http://example.org/stkg/relationType	http://example.org/stkg/id/relation_ahead_of
http://example.org/stkg/id/obs_rel_T90_BTR80_20260205T224006Z_215_e_c	http://example.org/stkg/time	"2026-02-05T22:40:06Z"^^<http://www.w3.org/2001/XMLSchema#dateTime>
http://example.org/stkg/id/obs_rel_BTR80_K2BlackPanther_20260205T224007Z_216_c_d	http://www.w3.org/1999/02/22-rdf-syntax-ns#type	http://example.org/stkg/id/SpatialRelationObservation
http://example.org/stkg/id/obs_rel_BTR80_K2BlackPanther_20260205T224007Z_216_c_d	http://example.org/stkg/subjectEntity	http://example.org/stkg/id/platform_BTR80
http://example.org/stkg/id/obs_rel_BTR80_K2BlackPanther_20260205T224007Z_216_c_d	http://example.org/stkg/objectEntity	http://example.org/stkg/id/platform_K2BlackPanther
http://example.org/stkg/id/obs_rel_BTR80_K2BlackPanther_20260205T224007Z_216_c_d	http://example.org/stkg/relationType	http://example.org/stkg/id/relation_behind_of
http://example.org/stkg/id/obs_rel_BTR80_K2BlackPanther_20260205T224007Z_216_c_d	http://example.org/stkg/time	"2026-02-05T22:40:07Z"^^<http://www.w3.org/2001/XMLSchema#dateTime>
http://example.org/stkg/id/obs_rel_K2BlackPanther_BTR80_20260205T224007Z_216_d_c	http://www.w3.org/1999/02/22-rdf-syntax-ns#type	http://example.org/stkg/id/SpatialRelationObservation
http://example.org/stkg/id/obs_rel_K2BlackPanther_BTR80_20260205T224007Z_216_d_c	http://example.org/stkg/subjectEntity	http://example.org/stkg/id/platform_K2BlackPanther
http://example.org/stkg/id/obs_rel_K2BlackPanther_BTR80_20260205T224007Z_216_d_c	http://example.org/stkg/objectEntity	http://example.org/stkg/id/platform_BTR80
http://example.org/stkg/id/obs_rel_K2BlackPanther_BTR80_20260205T224007Z_216_d_c	http://example.org/stkg/relationType	http://example.org/stkg/id/relation_ahead_of
http://example.org/stkg/id/obs_rel_K2BlackPanther_BTR80_20260205T224007Z_216_d_c	http://example.org/stkg/time	"2026-02-05T22:40:07Z"^^<http://www.w3.org/2001/XMLSchema#dateTime>
http://example.org/stkg/id/obs_rel_K2BlackPanther_T90_20260205T224007Z_216_d_e	http://www.w3.org/1999/02/22-rdf-syntax-ns#type	http://example.org/stkg/id/SpatialRelationObservation
http://example.org/stkg/id/obs_rel_K2BlackPanther_T90_20260205T224007Z_216_d_e	http://example.org/stkg/subjectEntity	http://example.org/stkg/id/platform_K2BlackPanther
http://example.org/stkg/id/obs_rel_K2BlackPanther_T90_20260205T224007Z_216_d_e	http://example.org/stkg/objectEntity	http://example.org/stkg/id/platform_T90
http://example.org/stkg/id/obs_rel_K2BlackPanther_T90_20260205T224007Z_216_d_e	http://example.org/stkg/relationType	http://example.org/stkg/id/relation_ahead_of
http://example.org/stkg/id/obs_rel_K2BlackPanther_T90_20260205T224007Z_216_d_e	http://example.org/stkg/time	"2026-02-05T22:40:07Z"^^<http://www.w3.org/2001/XMLSchema#dateTime>
http://example.org/stkg/id/obs_rel_T90_K2BlackPanther_20260205T224007Z_216_e_d	http://www.w3.org/1999/02/22-rdf-syntax-ns#type	http://example.org/stkg/id/SpatialRelationObservation
http://example.org/stkg/id/obs_rel_T90_K2BlackPanther_20260205T224007Z_216_e_d	http://example.org/stkg/subjectEntity	http://example.org/stkg/id/platform_T90
http://example.org/stkg/id/obs_rel_T90_K2BlackPanther_20260205T224007Z_216_e_d	http://example.org/stkg/objectEntity	http://example.org/stkg/id/platform_K2BlackPanther
http://example.org/stkg/id/obs_rel_T90_K2BlackPanther_20260205T224007Z_216_e_d	http://example.org/stkg/relationType	http://example.org/stkg/id/relation_behind_of
http://example.org/stkg/id/obs_rel_T90_K2BlackPanther_20260205T224007Z_216_e_d	http://example.org/stkg/time	"2026-02-05T22:40:07Z"^^<http://www.w3.org/2001/XMLSchema#dateTime>
http://example.org/stkg/id/obs_rel_BTR80_T90_20260205T224007Z_216_c_e	http://www.w3.org/1999/02/22-rdf-syntax-ns#type	http://example.org/stkg/id/SpatialRelationObservation
http://example.org/stkg/id/obs_rel_BTR80_T90_20260205T224007Z_216_c_e	http://example.org/stkg/subjectEntity	http://example.org/stkg/id/platform_BTR80
http://example.org/stkg/id/obs_rel_BTR80_T90_20260205T224007Z_216_c_e	http://example.org/stkg/objectEntity	http://example.org/stkg/id/platform_T90
http://example.org/stkg/id/obs_rel_BTR80_T90_20260205T224007Z_216_c_e	http://example.org/stkg/relationType	http://example.org/stkg/id/relation_behind_of
http://example.org/stkg/id/obs_rel_BTR80_T90_20260205T224007Z_216_c_e	http://example.org/stkg/time	"2026-02-05T22:40:07Z"^^<http://www.w3.org/2001/XMLSchema#dateTime>
http://example.org/stkg/id/obs_rel_T90_BTR80_20260205T224007Z_216_e_c	http://www.w3.org/1999/02/22-rdf-syntax-ns#type	http://example.org/stkg/id/SpatialRelationObservation
http://example.org/stkg/id/obs_rel_T90_BTR80_20260205T224007Z_216_e_c	http://example.org/stkg/subjectEntity	http://example.org/stkg/id/platform_T90
http://example.org/stkg/id/obs_rel_T90_BTR80_20260205T224007Z_216_e_c	http://example.org/stkg/objectEntity	http://example.org/stkg/id/platform_BTR80
http://example.org/stkg/id/obs_rel_T90_BTR80_20260205T224007Z_216_e_c	http://example.org/stkg/relationType	http://example.org/stkg/id/relation_ahead_of
http://example.org/stkg/id/obs_rel_T90_BTR80_20260205T224007Z_216_e_c	http://example.org/stkg/time	"2026-02-05T22:40:07Z"^^<http://www.w3.org/2001/XMLSchema#dateTime>
http://example.org/stkg/id/obs_rel_BTR80_K2BlackPanther_20260205T224008Z_217_c_d	http://www.w3.org/1999/02/22-rdf-syntax-ns#type	http://example.org/stkg/id/SpatialRelationObservation
http://example.org/stkg/id/obs_rel_BTR80_K2BlackPanther_20260205T224008Z_217_c_d	http://example.org/stkg/subjectEntity	http://example.org/stkg/id/platform_BTR80
http://example.org/stkg/id/obs_rel_BTR80_K2BlackPanther_20260205T224008Z_217_c_d	http://example.org/stkg/objectEntity	http://example.org/stkg/id/platform_K2BlackPanther
http://example.org/stkg/id/obs_rel_BTR80_K2BlackPanther_20260205T224008Z_217_c_d	http://example.org/stkg/relationType	http://example.org/stkg/id/relation_behind_of
http://example.org/stkg/id/obs_rel_BTR80_K2BlackPanther_20260205T224008Z_217_c_d	http://example.org/stkg/time	"2026-02-05T22:40:08Z"^^<http://www.w3.org/2001/XMLSchema#dateTime>
http://example.org/stkg/id/obs_rel_K2BlackPanther_BTR80_20260205T224008Z_217_d_c	http://www.w3.org/1999/02/22-rdf-syntax-ns#type	http://example.org/stkg/id/SpatialRelationObservation
http://example.org/stkg/id/obs_rel_K2BlackPanther_BTR80_20260205T224008Z_217_d_c	http://example.org/stkg/subjectEntity	http://example.org/stkg/id/platform_K2BlackPanther
http://example.org/stkg/id/obs_rel_K2BlackPanther_BTR80_20260205T224008Z_217_d_c	http://example.org/stkg/objectEntity	http://example.org/stkg/id/platform_BTR80
http://example.org/stkg/id/obs_rel_K2BlackPanther_BTR80_20260205T224008Z_217_d_c	http://example.org/stkg/relationType	http://example.org/stkg/id/relation_ahead_of
http://example.org/stkg/id/obs_rel_K2BlackPanther_BTR80_20260205T224008Z_217_d_c	http://example.org/stkg/time	"2026-02-05T22:40:08Z"^^<http://www.w3.org/2001/XMLSchema#dateTime>
http://example.org/stkg/id/obs_rel_K2BlackPanther_T90_20260205T224008Z_217_d_e	http://www.w3.org/1999/02/22-rdf-syntax-ns#type	http://example.org/stkg/id/SpatialRelationObservation
http://example.org/stkg/id/obs_rel_K2BlackPanther_T90_20260205T224008Z_217_d_e	http://example.org/stkg/subjectEntity	http://example.org/stkg/id/platform_K2BlackPanther
http://example.org/stkg/id/obs_rel_K2BlackPanther_T90_20260205T224008Z_217_d_e	http://example.org/stkg/objectEntity	http://example.org/stkg/id/platform_T90
http://example.org/stkg/id/obs_rel_K2BlackPanther_T90_20260205T224008Z_217_d_e	http://example.org/stkg/relationType	http://example.org/stkg/id/relation_ahead_of
http://example.org/stkg/id/obs_rel_K2BlackPanther_T90_20260205T224008Z_217_d_e	http://example.org/stkg/time	"2026-02-05T22:40:08Z"^^<http://www.w3.org/2001/XMLSchema#dateTime>
http://example.org/stkg/id/obs_rel_T90_K2BlackPanther_20260205T224008Z_217_e_d	http://www.w3.org/1999/02/22-rdf-syntax-ns#type	http://example.org/stkg/id/SpatialRelationObservation
http://example.org/stkg/id/obs_rel_T90_K2BlackPanther_20260205T224008Z_217_e_d	http://example.org/stkg/subjectEntity	http://example.org/stkg/id/platform_T90
http://example.org/stkg/id/obs_rel_T90_K2BlackPanther_20260205T224008Z_217_e_d	http://example.org/stkg/objectEntity	http://example.org/stkg/id/platform_K2BlackPanther
http://example.org/stkg/id/obs_rel_T90_K2BlackPanther_20260205T224008Z_217_e_d	http://example.org/stkg/relationType	http://example.org/stkg/id/relation_behind_of
http://example.org/stkg/id/obs_rel_T90_K2BlackPanther_20260205T224008Z_217_e_d	http://example.org/stkg/time	"2026-02-05T22:40:08Z"^^<http://www.w3.org/2001/XMLSchema#dateTime>
http://example.org/stkg/id/obs_rel_BTR80_T90_20260205T224008Z_217_c_e	http://www.w3.org/1999/02/22-rdf-syntax-ns#type	http://example.org/stkg/id/SpatialRelationObservation
http://example.org/stkg/id/obs_rel_BTR80_T90_20260205T224008Z_217_c_e	http://example.org/stkg/subjectEntity	http://example.org/stkg/id/platform_BTR80
http://example.org/stkg/id/obs_rel_BTR80_T90_20260205T224008Z_217_c_e	http://example.org/stkg/objectEntity	http://example.org/stkg/id/platform_T90
http://example.org/stkg/id/obs_rel_BTR80_T90_20260205T224008Z_217_c_e	http://example.org/stkg/relationType	http://example.org/stkg/id/relation_behind_of
http://example.org/stkg/id/obs_rel_BTR80_T90_20260205T224008Z_217_c_e	http://example.org/stkg/time	"2026-02-05T22:40:08Z"^^<http://www.w3.org/2001/XMLSchema#dateTime>
http://example.org/stkg/id/obs_rel_T90_BTR80_20260205T224008Z_217_e_c	http://www.w3.org/1999/02/22-rdf-syntax-ns#type	http://example.org/stkg/id/SpatialRelationObservation
http://example.org/stkg/id/obs_rel_T90_BTR80_20260205T224008Z_217_e_c	http://example.org/stkg/subjectEntity	http://example.org/stkg/id/platform_T90
http://example.org/stkg/id/obs_rel_T90_BTR80_20260205T224008Z_217_e_c	http://example.org/stkg/objectEntity	http://example.org/stkg/id/platform_BTR80
http://example.org/stkg/id/obs_rel_T90_BTR80_20260205T224008Z_217_e_c	http://example.org/stkg/relationType	http://example.org/stkg/id/relation_ahead_of
http://example.org/stkg/id/obs_rel_T90_BTR80_20260205T224008Z_217_e_c	http://example.org/stkg/time	"2026-02-05T22:40:08Z"^^<http://www.w3.org/2001/XMLSchema#dateTime>
http://example.org/stkg/id/obs_rel_BTR80_K2BlackPanther_20260205T224009Z_218_c_d	http://www.w3.org/1999/02/22-rdf-syntax-ns#type	http://example.org/stkg/id/SpatialRelationObservation
http://example.org/stkg/id/obs_rel_BTR80_K2BlackPanther_20260205T224009Z_218_c_d	http://example.org/stkg/subjectEntity	http://example.org/stkg/id/platform_BTR80
http://example.org/stkg/id/obs_rel_BTR80_K2BlackPanther_20260205T224009Z_218_c_d	http://example.org/stkg/objectEntity	http://example.org/stkg/id/platform_K2BlackPanther
http://example.org/stkg/id/obs_rel_BTR80_K2BlackPanther_20260205T224009Z_218_c_d	http://example.org/stkg/relationType	http://example.org/stkg/id/relation_behind_of
http://example.org/stkg/id/obs_rel_BTR80_K2BlackPanther_20260205T224009Z_218_c_d	http://example.org/stkg/time	"2026-02-05T22:40:09Z"^^<http://www.w3.org/2001/XMLSchema#dateTime>
http://example.org/stkg/id/obs_rel_K2BlackPanther_BTR80_20260205T224009Z_218_d_c	http://www.w3.org/1999/02/22-rdf-syntax-ns#type	http://example.org/stkg/id/SpatialRelationObservation
http://example.org/stkg/id/obs_rel_K2BlackPanther_BTR80_20260205T224009Z_218_d_c	http://example.org/stkg/subjectEntity	http://example.org/stkg/id/platform_K2BlackPanther
http://example.org/stkg/id/obs_rel_K2BlackPanther_BTR80_20260205T224009Z_218_d_c	http://example.org/stkg/objectEntity	http://example.org/stkg/id/platform_BTR80
http://example.org/stkg/id/obs_rel_K2BlackPanther_BTR80_20260205T224009Z_218_d_c	http://example.org/stkg/relationType	http://example.org/stkg/id/relation_ahead_of
http://example.org/stkg/id/obs_rel_K2BlackPanther_BTR80_20260205T224009Z_218_d_c	http://example.org/stkg/time	"2026-02-05T22:40:09Z"^^<http://www.w3.org/2001/XMLSchema#dateTime>
http://example.org/stkg/id/obs_rel_K2BlackPanther_T90_20260205T224009Z_218_d_e	http://www.w3.org/1999/02/22-rdf-syntax-ns#type	http://example.org/stkg/id/SpatialRelationObservation
http://example.org/stkg/id/obs_rel_K2BlackPanther_T90_20260205T224009Z_218_d_e	http://example.org/stkg/subjectEntity	http://example.org/stkg/id/platform_K2BlackPanther
http://example.org/stkg/id/obs_rel_K2BlackPanther_T90_20260205T224009Z_218_d_e	http://example.org/stkg/objectEntity	http://example.org/stkg/id/platform_T90
http://example.org/stkg/id/obs_rel_K2BlackPanther_T90_20260205T224009Z_218_d_e	http://example.org/stkg/relationType	http://example.org/stkg/id/relation_ahead_of
http://example.org/stkg/id/obs_rel_K2BlackPanther_T90_20260205T224009Z_218_d_e	http://example.org/stkg/time	"2026-02-05T22:40:09Z"^^<http://www.w3.org/2001/XMLSchema#dateTime>
http://example.org/stkg/id/obs_rel_T90_K2BlackPanther_20260205T224009Z_218_e_d	http://www.w3.org/1999/02/22-rdf-syntax-ns#type	http://example.org/stkg/id/SpatialRelationObservation
http://example.org/stkg/id/obs_rel_T90_K2BlackPanther_20260205T224009Z_218_e_d	http://example.org/stkg/subjectEntity	http://example.org/stkg/id/platform_T90
http://example.org/stkg/id/obs_rel_T90_K2BlackPanther_20260205T224009Z_218_e_d	http://example.org/stkg/objectEntity	http://example.org/stkg/id/platform_K2BlackPanther
http://example.org/stkg/id/obs_rel_T90_K2BlackPanther_20260205T224009Z_218_e_d	http://example.org/stkg/relationType	http://example.org/stkg/id/relation_behind_of
http://example.org/stkg/id/obs_rel_T90_K2BlackPanther_20260205T224009Z_218_e_d	http://example.org/stkg/time	"2026-02-05T22:40:09Z"^^<http://www.w3.org/2001/XMLSchema#dateTime>
http://example.org/stkg/id/obs_rel_BTR80_T90_20260205T224009Z_218_c_e	http://www.w3.org/1999/02/22-rdf-syntax-ns#type	http://example.org/stkg/id/SpatialRelationObservation
http://example.org/stkg/id/obs_rel_BTR80_T90_20260205T224009Z_218_c_e	http://example.org/stkg/subjectEntity	http://example.org/stkg/id/platform_BTR80
http://example.org/stkg/id/obs_rel_BTR80_T90_20260205T224009Z_218_c_e	http://example.org/stkg/objectEntity	http://example.org/stkg/id/platform_T90
http://example.org/stkg/id/obs_rel_BTR80_T90_20260205T224009Z_218_c_e	http://example.org/stkg/relationType	http://example.org/stkg/id/relation_behind_of
http://example.org/stkg/id/obs_rel_BTR80_T90_20260205T224009Z_218_c_e	http://example.org/stkg/time	"2026-02-05T22:40:09Z"^^<http://www.w3.org/2001/XMLSchema#dateTime>
http://example.org/stkg/id/obs_rel_T90_BTR80_20260205T224009Z_218_e_c	http://www.w3.org/1999/02/22-rdf-syntax-ns#type	http://example.org/stkg/id/SpatialRelationObservation
http://example.org/stkg/id/obs_rel_T90_BTR80_20260205T224009Z_218_e_c	http://example.org/stkg/subjectEntity	http://example.org/stkg/id/platform_T90
http://example.org/stkg/id/obs_rel_T90_BTR80_20260205T224009Z_218_e_c	http://example.org/stkg/objectEntity	http://example.org/stkg/id/platform_BTR80
http://example.org/stkg/id/obs_rel_T90_BTR80_20260205T224009Z_218_e_c	http://example.org/stkg/relationType	http://example.org/stkg/id/relation_ahead_of
http://example.org/stkg/id/obs_rel_T90_BTR80_20260205T224009Z_218_e_c	http://example.org/stkg/time	"2026-02-05T22:40:09Z"^^<http://www.w3.org/2001/XMLSchema#dateTime>
http://example.org/stkg/id/obs_rel_BTR80_K2BlackPanther_20260205T224010Z_219_c_d	http://www.w3.org/1999/02/22-rdf-syntax-ns#type	http://example.org/stkg/id/SpatialRelationObservation
http://example.org/stkg/id/obs_rel_BTR80_K2BlackPanther_20260205T224010Z_219_c_d	http://example.org/stkg/subjectEntity	http://example.org/stkg/id/platform_BTR80
http://example.org/stkg/id/obs_rel_BTR80_K2BlackPanther_20260205T224010Z_219_c_d	http://example.org/stkg/objectEntity	http://example.org/stkg/id/platform_K2BlackPanther
http://example.org/stkg/id/obs_rel_BTR80_K2BlackPanther_20260205T224010Z_219_c_d	http://example.org/stkg/relationType	http://example.org/stkg/id/relation_behind_of
http://example.org/stkg/id/obs_rel_BTR80_K2BlackPanther_20260205T224010Z_219_c_d	http://example.org/stkg/time	"2026-02-05T22:40:10Z"^^<http://www.w3.org/2001/XMLSchema#dateTime>
http://example.org/stkg/id/obs_rel_K2BlackPanther_BTR80_20260205T224010Z_219_d_c	http://www.w3.org/1999/02/22-rdf-syntax-ns#type	http://example.org/stkg/id/SpatialRelationObservation
http://example.org/stkg/id/obs_rel_K2BlackPanther_BTR80_20260205T224010Z_219_d_c	http://example.org/stkg/subjectEntity	http://example.org/stkg/id/platform_K2BlackPanther
http://example.org/stkg/id/obs_rel_K2BlackPanther_BTR80_20260205T224010Z_219_d_c	http://example.org/stkg/objectEntity	http://example.org/stkg/id/platform_BTR80
http://example.org/stkg/id/obs_rel_K2BlackPanther_BTR80_20260205T224010Z_219_d_c	http://example.org/stkg/relationType	http://example.org/stkg/id/relation_ahead_of
http://example.org/stkg/id/obs_rel_K2BlackPanther_BTR80_20260205T224010Z_219_d_c	http://example.org/stkg/time	"2026-02-05T22:40:10Z"^^<http://www.w3.org/2001/XMLSchema#dateTime>
http://example.org/stkg/id/obs_rel_K2BlackPanther_T90_20260205T224010Z_219_d_e	http://www.w3.org/1999/02/22-rdf-syntax-ns#type	http://example.org/stkg/id/SpatialRelationObservation
http://example.org/stkg/id/obs_rel_K2BlackPanther_T90_20260205T224010Z_219_d_e	http://example.org/stkg/subjectEntity	http://example.org/stkg/id/platform_K2BlackPanther
http://example.org/stkg/id/obs_rel_K2BlackPanther_T90_20260205T224010Z_219_d_e	http://example.org/stkg/objectEntity	http://example.org/stkg/id/platform_T90
http://example.org/stkg/id/obs_rel_K2BlackPanther_T90_20260205T224010Z_219_d_e	http://example.org/stkg/relationType	http://example.org/stkg/id/relation_ahead_of
http://example.org/stkg/id/obs_rel_K2BlackPanther_T90_20260205T224010Z_219_d_e	http://example.org/stkg/time	"2026-02-05T22:40:10Z"^^<http://www.w3.org/2001/XMLSchema#dateTime>
http://example.org/stkg/id/obs_rel_T90_K2BlackPanther_20260205T224010Z_219_e_d	http://www.w3.org/1999/02/22-rdf-syntax-ns#type	http://example.org/stkg/id/SpatialRelationObservation
http://example.org/stkg/id/obs_rel_T90_K2BlackPanther_20260205T224010Z_219_e_d	http://example.org/stkg/subjectEntity	http://example.org/stkg/id/platform_T90
http://example.org/stkg/id/obs_rel_T90_K2BlackPanther_20260205T224010Z_219_e_d	http://example.org/stkg/objectEntity	http://example.org/stkg/id/platform_K2BlackPanther
http://example.org/stkg/id/obs_rel_T90_K2BlackPanther_20260205T224010Z_219_e_d	http://example.org/stkg/relationType	http://example.org/stkg/id/relation_behind_of
http://example.org/stkg/id/obs_rel_T90_K2BlackPanther_20260205T224010Z_219_e_d	http://example.org/stkg/time	"2026-02-05T22:40:10Z"^^<http://www.w3.org/2001/XMLSchema#dateTime>
http://example.org/stkg/id/obs_rel_BTR80_T90_20260205T224010Z_219_c_e	http://www.w3.org/1999/02/22-rdf-syntax-ns#type	http://example.org/stkg/id/SpatialRelationObservation
http://example.org/stkg/id/obs_rel_BTR80_T90_20260205T224010Z_219_c_e	http://example.org/stkg/subjectEntity	http://example.org/stkg/id/platform_BTR80
http://example.org/stkg/id/obs_rel_BTR80_T90_20260205T224010Z_219_c_e	http://example.org/stkg/objectEntity	http://example.org/stkg/id/platform_T90
http://example.org/stkg/id/obs_rel_BTR80_T90_20260205T224010Z_219_c_e	http://example.org/stkg/relationType	http://example.org/stkg/id/relation_behind_of
http://example.org/stkg/id/obs_rel_BTR80_T90_20260205T224010Z_219_c_e	http://example.org/stkg/time	"2026-02-05T22:40:10Z"^^<http://www.w3.org/2001/XMLSchema#dateTime>
http://example.org/stkg/id/obs_rel_T90_BTR80_20260205T224010Z_219_e_c	http://www.w3.org/1999/02/22-rdf-syntax-ns#type	http://example.org/stkg/id/SpatialRelationObservation
http://example.org/stkg/id/obs_rel_T90_BTR80_20260205T224010Z_219_e_c	http://example.org/stkg/subjectEntity	http://example.org/stkg/id/platform_T90
http://example.org/stkg/id/obs_rel_T90_BTR80_20260205T224010Z_219_e_c	http://example.org/stkg/objectEntity	http://example.org/stkg/id/platform_BTR80
http://example.org/stkg/id/obs_rel_T90_BTR80_20260205T224010Z_219_e_c	http://example.org/stkg/relationType	http://example.org/stkg/id/relation_ahead_of
http://example.org/stkg/id/obs_rel_T90_BTR80_20260205T224010Z_219_e_c	http://example.org/stkg/time	"2026-02-05T22:40:10Z"^^<http://www.w3.org/2001/XMLSchema#dateTime>
http://example.org/stkg/id/obs_rel_BTR80_K2BlackPanther_20260205T224011Z_220_c_d	http://www.w3.org/1999/02/22-rdf-syntax-ns#type	http://example.org/stkg/id/SpatialRelationObservation
http://example.org/stkg/id/obs_rel_BTR80_K2BlackPanther_20260205T224011Z_220_c_d	http://example.org/stkg/subjectEntity	http://example.org/stkg/id/platform_BTR80
http://example.org/stkg/id/obs_rel_BTR80_K2BlackPanther_20260205T224011Z_220_c_d	http://example.org/stkg/objectEntity	http://example.org/stkg/id/platform_K2BlackPanther
http://example.org/stkg/id/obs_rel_BTR80_K2BlackPanther_20260205T224011Z_220_c_d	http://example.org/stkg/relationType	http://example.org/stkg/id/relation_behind_of
http://example.org/stkg/id/obs_rel_BTR80_K2BlackPanther_20260205T224011Z_220_c_d	http://example.org/stkg/time	"2026-02-05T22:40:11Z"^^<http://www.w3.org/2001/XMLSchema#dateTime>
http://example.org/stkg/id/obs_rel_K2BlackPanther_BTR80_20260205T224011Z_220_d_c	http://www.w3.org/1999/02/22-rdf-syntax-ns#type	http://example.org/stkg/id/SpatialRelationObservation
http://example.org/stkg/id/obs_rel_K2BlackPanther_BTR80_20260205T224011Z_220_d_c	http://example.org/stkg/subjectEntity	http://example.org/stkg/id/platform_K2BlackPanther
http://example.org/stkg/id/obs_rel_K2BlackPanther_BTR80_20260205T224011Z_220_d_c	http://example.org/stkg/objectEntity	http://example.org/stkg/id/platform_BTR80
http://example.org/stkg/id/obs_rel_K2BlackPanther_BTR80_20260205T224011Z_220_d_c	http://example.org/stkg/relationType	http://example.org/stkg/id/relation_ahead_of
http://example.org/stkg/id/obs_rel_K2BlackPanther_BTR80_20260205T224011Z_220_d_c	http://example.org/stkg/time	"2026-02-05T22:40:11Z"^^<http://www.w3.org/2001/XMLSchema#dateTime>
http://example.org/stkg/id/obs_rel_K2BlackPanther_T90_20260205T224011Z_220_d_e	http://www.w3.org/1999/02/22-rdf-syntax-ns#type	http://example.org/stkg/id/SpatialRelationObservation
http://example.org/stkg/id/obs_rel_K2BlackPanther_T90_20260205T224011Z_220_d_e	http://example.org/stkg/subjectEntity	http://example.org/stkg/id/platform_K2BlackPanther
http://example.org/stkg/id/obs_rel_K2BlackPanther_T90_20260205T224011Z_220_d_e	http://example.org/stkg/objectEntity	http://example.org/stkg/id/platform_T90
http://example.org/stkg/id/obs_rel_K2BlackPanther_T90_20260205T224011Z_220_d_e	http://example.org/stkg/relationType	http://example.org/stkg/id/relation_ahead_of
http://example.org/stkg/id/obs_rel_K2BlackPanther_T90_20260205T224011Z_220_d_e	http://example.org/stkg/time	"2026-02-05T22:40:11Z"^^<http://www.w3.org/2001/XMLSchema#dateTime>
http://example.org/stkg/id/obs_rel_T90_K2BlackPanther_20260205T224011Z_220_e_d	http://www.w3.org/1999/02/22-rdf-syntax-ns#type	http://example.org/stkg/id/SpatialRelationObservation
http://example.org/stkg/id/obs_rel_T90_K2BlackPanther_20260205T224011Z_220_e_d	http://example.org/stkg/subjectEntity	http://example.org/stkg/id/platform_T90
http://example.org/stkg/id/obs_rel_T90_K2BlackPanther_20260205T224011Z_220_e_d	http://example.org/stkg/objectEntity	http://example.org/stkg/id/platform_K2BlackPanther
http://example.org/stkg/id/obs_rel_T90_K2BlackPanther_20260205T224011Z_220_e_d	http://example.org/stkg/relationType	http://example.org/stkg/id/relation_behind_of
http://example.org/stkg/id/obs_rel_T90_K2BlackPanther_20260205T224011Z_220_e_d	http://example.org/stkg/time	"2026-02-05T22:40:11Z"^^<http://www.w3.org/2001/XMLSchema#dateTime>
http://example.org/stkg/id/obs_rel_BTR80_T90_20260205T224011Z_220_c_e	http://www.w3.org/1999/02/22-rdf-syntax-ns#type	http://example.org/stkg/id/SpatialRelationObservation
http://example.org/stkg/id/obs_rel_BTR80_T90_20260205T224011Z_220_c_e	http://example.org/stkg/subjectEntity	http://example.org/stkg/id/platform_BTR80
http://example.org/stkg/id/obs_rel_BTR80_T90_20260205T224011Z_220_c_e	http://example.org/stkg/objectEntity	http://example.org/stkg/id/platform_T90
http://example.org/stkg/id/obs_rel_BTR80_T90_20260205T224011Z_220_c_e	http://example.org/stkg/relationType	http://example.org/stkg/id/relation_behind_of
http://example.org/stkg/id/obs_rel_BTR80_T90_20260205T224011Z_220_c_e	http://example.org/stkg/time	"2026-02-05T22:40:11Z"^^<http://www.w3.org/2001/XMLSchema#dateTime>
http://example.org/stkg/id/obs_rel_T90_BTR80_20260205T224011Z_220_e_c	http://www.w3.org/1999/02/22-rdf-syntax-ns#type	http://example.org/stkg/id/SpatialRelationObservation
http://example.org/stkg/id/obs_rel_T90_BTR80_20260205T224011Z_220_e_c	http://example.org/stkg/subjectEntity	http://example.org/stkg/id/platform_T90
http://example.org/stkg/id/obs_rel_T90_BTR80_20260205T224011Z_220_e_c	http://example.org/stkg/objectEntity	http://example.org/stkg/id/platform_BTR80
http://example.org/stkg/id/obs_rel_T90_BTR80_20260205T224011Z_220_e_c	http://example.org/stkg/relationType	http://example.org/stkg/id/relation_ahead_of
http://example.org/stkg/id/obs_rel_T90_BTR80_20260205T224011Z_220_e_c	http://example.org/stkg/time	"2026-02-05T22:40:11Z"^^<http://www.w3.org/2001/XMLSchema#dateTime>
http://example.org/stkg/id/obs_rel_BTR80_K2BlackPanther_20260205T224012Z_221_c_d	http://www.w3.org/1999/02/22-rdf-syntax-ns#type	http://example.org/stkg/id/SpatialRelationObservation
http://example.org/stkg/id/obs_rel_BTR80_K2BlackPanther_20260205T224012Z_221_c_d	http://example.org/stkg/subjectEntity	http://example.org/stkg/id/platform_BTR80
http://example.org/stkg/id/obs_rel_BTR80_K2BlackPanther_20260205T224012Z_221_c_d	http://example.org/stkg/objectEntity	http://example.org/stkg/id/platform_K2BlackPanther
http://example.org/stkg/id/obs_rel_BTR80_K2BlackPanther_20260205T224012Z_221_c_d	http://example.org/stkg/relationType	http://example.org/stkg/id/relation_behind_of
http://example.org/stkg/id/obs_rel_BTR80_K2BlackPanther_20260205T224012Z_221_c_d	http://example.org/stkg/time	"2026-02-05T22:40:12Z"^^<http://www.w3.org/2001/XMLSchema#dateTime>
http://example.org/stkg/id/obs_rel_K2BlackPanther_BTR80_20260205T224012Z_221_d_c	http://www.w3.org/1999/02/22-rdf-syntax-ns#type	http://example.org/stkg/id/SpatialRelationObservation
http://example.org/stkg/id/obs_rel_K2BlackPanther_BTR80_20260205T224012Z_221_d_c	http://example.org/stkg/subjectEntity	http://example.org/stkg/id/platform_K2BlackPanther
http://example.org/stkg/id/obs_rel_K2BlackPanther_BTR80_20260205T224012Z_221_d_c	http://example.org/stkg/objectEntity	http://example.org/stkg/id/platform_BTR80
http://example.org/stkg/id/obs_rel_K2BlackPanther_BTR80_20260205T224012Z_221_d_c	http://example.org/stkg/relationType	http://example.org/stkg/id/relation_ahead_of
http://example.org/stkg/id/obs_rel_K2BlackPanther_BTR80_20260205T224012Z_221_d_c	http://example.org/stkg/time	"2026-02-05T22:40:12Z"^^<http://www.w3.org/2001/XMLSchema#dateTime>
http://example.org/stkg/id/obs_rel_K2BlackPanther_T90_20260205T224012Z_221_d_e	http://www.w3.org/1999/02/22-rdf-syntax-ns#type	http://example.org/stkg/id/SpatialRelationObservation
http://example.org/stkg/id/obs_rel_K2BlackPanther_T90_20260205T224012Z_221_d_e	http://example.org/stkg/subjectEntity	http://example.org/stkg/id/platform_K2BlackPanther
http://example.org/stkg/id/obs_rel_K2BlackPanther_T90_20260205T224012Z_221_d_e	http://example.org/stkg/objectEntity	http://example.org/stkg/id/platform_T90
http://example.org/stkg/id/obs_rel_K2BlackPanther_T90_20260205T224012Z_221_d_e	http://example.org/stkg/relationType	http://example.org/stkg/id/relation_ahead_of
http://example.org/stkg/id/obs_rel_K2BlackPanther_T90_20260205T224012Z_221_d_e	http://example.org/stkg/time	"2026-02-05T22:40:12Z"^^<http://www.w3.org/2001/XMLSchema#dateTime>
http://example.org/stkg/id/obs_rel_T90_K2BlackPanther_20260205T224012Z_221_e_d	http://www.w3.org/1999/02/22-rdf-syntax-ns#type	http://example.org/stkg/id/SpatialRelationObservation
http://example.org/stkg/id/obs_rel_T90_K2BlackPanther_20260205T224012Z_221_e_d	http://example.org/stkg/subjectEntity	http://example.org/stkg/id/platform_T90
http://example.org/stkg/id/obs_rel_T90_K2BlackPanther_20260205T224012Z_221_e_d	http://example.org/stkg/objectEntity	http://example.org/stkg/id/platform_K2BlackPanther
http://example.org/stkg/id/obs_rel_T90_K2BlackPanther_20260205T224012Z_221_e_d	http://example.org/stkg/relationType	http://example.org/stkg/id/relation_behind_of
http://example.org/stkg/id/obs_rel_T90_K2BlackPanther_20260205T224012Z_221_e_d	http://example.org/stkg/time	"2026-02-05T22:40:12Z"^^<http://www.w3.org/2001/XMLSchema#dateTime>
http://example.org/stkg/id/obs_rel_BTR80_T90_20260205T224012Z_221_c_e	http://www.w3.org/1999/02/22-rdf-syntax-ns#type	http://example.org/stkg/id/SpatialRelationObservation
http://example.org/stkg/id/obs_rel_BTR80_T90_20260205T224012Z_221_c_e	http://example.org/stkg/subjectEntity	http://example.org/stkg/id/platform_BTR80
http://example.org/stkg/id/obs_rel_BTR80_T90_20260205T224012Z_221_c_e	http://example.org/stkg/objectEntity	http://example.org/stkg/id/platform_T90
http://example.org/stkg/id/obs_rel_BTR80_T90_20260205T224012Z_221_c_e	http://example.org/stkg/relationType	http://example.org/stkg/id/relation_behind_of
http://example.org/stkg/id/obs_rel_BTR80_T90_20260205T224012Z_221_c_e	http://example.org/stkg/time	"2026-02-05T22:40:12Z"^^<http://www.w3.org/2001/XMLSchema#dateTime>
http://example.org/stkg/id/obs_rel_T90_BTR80_20260205T224012Z_221_e_c	http://www.w3.org/1999/02/22-rdf-syntax-ns#type	http://example.org/stkg/id/SpatialRelationObservation
http://example.org/stkg/id/obs_rel_T90_BTR80_20260205T224012Z_221_e_c	http://example.org/stkg/subjectEntity	http://example.org/stkg/id/platform_T90
http://example.org/stkg/id/obs_rel_T90_BTR80_20260205T224012Z_221_e_c	http://example.org/stkg/objectEntity	http://example.org/stkg/id/platform_BTR80
http://example.org/stkg/id/obs_rel_T90_BTR80_20260205T224012Z_221_e_c	http://example.org/stkg/relationType	http://example.org/stkg/id/relation_ahead_of
http://example.org/stkg/id/obs_rel_T90_BTR80_20260205T224012Z_221_e_c	http://example.org/stkg/time	"2026-02-05T22:40:12Z"^^<http://www.w3.org/2001/XMLSchema#dateTime>
http://example.org/stkg/id/obs_rel_BTR80_K2BlackPanther_20260205T224013Z_222_c_d	http://www.w3.org/1999/02/22-rdf-syntax-ns#type	http://example.org/stkg/id/SpatialRelationObservation
http://example.org/stkg/id/obs_rel_BTR80_K2BlackPanther_20260205T224013Z_222_c_d	http://example.org/stkg/subjectEntity	http://example.org/stkg/id/platform_BTR80
http://example.org/stkg/id/obs_rel_BTR80_K2BlackPanther_20260205T224013Z_222_c_d	http://example.org/stkg/objectEntity	http://example.org/stkg/id/platform_K2BlackPanther
http://example.org/stkg/id/obs_rel_BTR80_K2BlackPanther_20260205T224013Z_222_c_d	http://example.org/stkg/relationType	http://example.org/stkg/id/relation_behind_of
http://example.org/stkg/id/obs_rel_BTR80_K2BlackPanther_20260205T224013Z_222_c_d	http://example.org/stkg/time	"2026-02-05T22:40:13Z"^^<http://www.w3.org/2001/XMLSchema#dateTime>
http://example.org/stkg/id/obs_rel_K2BlackPanther_BTR80_20260205T224013Z_222_d_c	http://www.w3.org/1999/02/22-rdf-syntax-ns#type	http://example.org/stkg/id/SpatialRelationObservation
http://example.org/stkg/id/obs_rel_K2BlackPanther_BTR80_20260205T224013Z_222_d_c	http://example.org/stkg/subjectEntity	http://example.org/stkg/id/platform_K2BlackPanther
http://example.org/stkg/id/obs_rel_K2BlackPanther_BTR80_20260205T224013Z_222_d_c	http://example.org/stkg/objectEntity	http://example.org/stkg/id/platform_BTR80
http://example.org/stkg/id/obs_rel_K2BlackPanther_BTR80_20260205T224013Z_222_d_c	http://example.org/stkg/relationType	http://example.org/stkg/id/relation_ahead_of
http://example.org/stkg/id/obs_rel_K2BlackPanther_BTR80_20260205T224013Z_222_d_c	http://example.org/stkg/time	"2026-02-05T22:40:13Z"^^<http://www.w3.org/2001/XMLSchema#dateTime>
http://example.org/stkg/id/obs_rel_K2BlackPanther_T90_20260205T224013Z_222_d_e	http://www.w3.org/1999/02/22-rdf-syntax-ns#type	http://example.org/stkg/id/SpatialRelationObservation
http://example.org/stkg/id/obs_rel_K2BlackPanther_T90_20260205T224013Z_222_d_e	http://example.org/stkg/subjectEntity	http://example.org/stkg/id/platform_K2BlackPanther
http://example.org/stkg/id/obs_rel_K2BlackPanther_T90_20260205T224013Z_222_d_e	http://example.org/stkg/objectEntity	http://example.org/stkg/id/platform_T90
http://example.org/stkg/id/obs_rel_K2BlackPanther_T90_20260205T224013Z_222_d_e	http://example.org/stkg/relationType	http://example.org/stkg/id/relation_ahead_of
http://example.org/stkg/id/obs_rel_K2BlackPanther_T90_20260205T224013Z_222_d_e	http://example.org/stkg/time	"2026-02-05T22:40:13Z"^^<http://www.w3.org/2001/XMLSchema#dateTime>
http://example.org/stkg/id/obs_rel_T90_K2BlackPanther_20260205T224013Z_222_e_d	http://www.w3.org/1999/02/22-rdf-syntax-ns#type	http://example.org/stkg/id/SpatialRelationObservation
http://example.org/stkg/id/obs_rel_T90_K2BlackPanther_20260205T224013Z_222_e_d	http://example.org/stkg/subjectEntity	http://example.org/stkg/id/platform_T90
http://example.org/stkg/id/obs_rel_T90_K2BlackPanther_20260205T224013Z_222_e_d	http://example.org/stkg/objectEntity	http://example.org/stkg/id/platform_K2BlackPanther
http://example.org/stkg/id/obs_rel_T90_K2BlackPanther_20260205T224013Z_222_e_d	http://example.org/stkg/relationType	http://example.org/stkg/id/relation_behind_of
http://example.org/stkg/id/obs_rel_T90_K2BlackPanther_20260205T224013Z_222_e_d	http://example.org/stkg/time	"2026-02-05T22:40:13Z"^^<http://www.w3.org/2001/XMLSchema#dateTime>
http://example.org/stkg/id/obs_rel_BTR80_T90_20260205T224013Z_222_c_e	http://www.w3.org/1999/02/22-rdf-syntax-ns#type	http://example.org/stkg/id/SpatialRelationObservation
http://example.org/stkg/id/obs_rel_BTR80_T90_20260205T224013Z_222_c_e	http://example.org/stkg/subjectEntity	http://example.org/stkg/id/platform_BTR80
http://example.org/stkg/id/obs_rel_BTR80_T90_20260205T224013Z_222_c_e	http://example.org/stkg/objectEntity	http://example.org/stkg/id/platform_T90
http://example.org/stkg/id/obs_rel_BTR80_T90_20260205T224013Z_222_c_e	http://example.org/stkg/relationType	http://example.org/stkg/id/relation_behind_of
http://example.org/stkg/id/obs_rel_BTR80_T90_20260205T224013Z_222_c_e	http://example.org/stkg/time	"2026-02-05T22:40:13Z"^^<http://www.w3.org/2001/XMLSchema#dateTime>
http://example.org/stkg/id/obs_rel_T90_BTR80_20260205T224013Z_222_e_c	http://www.w3.org/1999/02/22-rdf-syntax-ns#type	http://example.org/stkg/id/SpatialRelationObservation
http://example.org/stkg/id/obs_rel_T90_BTR80_20260205T224013Z_222_e_c	http://example.org/stkg/subjectEntity	http://example.org/stkg/id/platform_T90
http://example.org/stkg/id/obs_rel_T90_BTR80_20260205T224013Z_222_e_c	http://example.org/stkg/objectEntity	http://example.org/stkg/id/platform_BTR80
http://example.org/stkg/id/obs_rel_T90_BTR80_20260205T224013Z_222_e_c	http://example.org/stkg/relationType	http://example.org/stkg/id/relation_ahead_of
http://example.org/stkg/id/obs_rel_T90_BTR80_20260205T224013Z_222_e_c	http://example.org/stkg/time	"2026-02-05T22:40:13Z"^^<http://www.w3.org/2001/XMLSchema#dateTime>
http://example.org/stkg/id/obs_rel_BTR80_K2BlackPanther_20260205T224014Z_223_c_d	http://www.w3.org/1999/02/22-rdf-syntax-ns#type	http://example.org/stkg/id/SpatialRelationObservation
http://example.org/stkg/id/obs_rel_BTR80_K2BlackPanther_20260205T224014Z_223_c_d	http://example.org/stkg/subjectEntity	http://example.org/stkg/id/platform_BTR80
http://example.org/stkg/id/obs_rel_BTR80_K2BlackPanther_20260205T224014Z_223_c_d	http://example.org/stkg/objectEntity	http://example.org/stkg/id/platform_K2BlackPanther
http://example.org/stkg/id/obs_rel_BTR80_K2BlackPanther_20260205T224014Z_223_c_d	http://example.org/stkg/relationType	http://example.org/stkg/id/relation_behind_of
http://example.org/stkg/id/obs_rel_BTR80_K2BlackPanther_20260205T224014Z_223_c_d	http://example.org/stkg/time	"2026-02-05T22:40:14Z"^^<http://www.w3.org/2001/XMLSchema#dateTime>
http://example.org/stkg/id/obs_rel_K2BlackPanther_BTR80_20260205T224014Z_223_d_c	http://www.w3.org/1999/02/22-rdf-syntax-ns#type	http://example.org/stkg/id/SpatialRelationObservation
http://example.org/stkg/id/obs_rel_K2BlackPanther_BTR80_20260205T224014Z_223_d_c	http://example.org/stkg/subjectEntity	http://example.org/stkg/id/platform_K2BlackPanther
http://example.org/stkg/id/obs_rel_K2BlackPanther_BTR80_20260205T224014Z_223_d_c	http://example.org/stkg/objectEntity	http://example.org/stkg/id/platform_BTR80
http://example.org/stkg/id/obs_rel_K2BlackPanther_BTR80_20260205T224014Z_223_d_c	http://example.org/stkg/relationType	http://example.org/stkg/id/relation_ahead_of
http://example.org/stkg/id/obs_rel_K2BlackPanther_BTR80_20260205T224014Z_223_d_c	http://example.org/stkg/time	"2026-02-05T22:40:14Z"^^<http://www.w3.org/2001/XMLSchema#dateTime>
http://example.org/stkg/id/obs_rel_K2BlackPanther_T90_20260205T224014Z_223_d_e	http://www.w3.org/1999/02/22-rdf-syntax-ns#type	http://example.org/stkg/id/SpatialRelationObservation
http://example.org/stkg/id/obs_rel_K2BlackPanther_T90_20260205T224014Z_223_d_e	http://example.org/stkg/subjectEntity	http://example.org/stkg/id/platform_K2BlackPanther
http://example.org/stkg/id/obs_rel_K2BlackPanther_T90_20260205T224014Z_223_d_e	http://example.org/stkg/objectEntity	http://example.org/stkg/id/platform_T90
http://example.org/stkg/id/obs_rel_K2BlackPanther_T90_20260205T224014Z_223_d_e	http://example.org/stkg/relationType	http://example.org/stkg/id/relation_ahead_of
http://example.org/stkg/id/obs_rel_K2BlackPanther_T90_20260205T224014Z_223_d_e	http://example.org/stkg/time	"2026-02-05T22:40:14Z"^^<http://www.w3.org/2001/XMLSchema#dateTime>
http://example.org/stkg/id/obs_rel_T90_K2BlackPanther_20260205T224014Z_223_e_d	http://www.w3.org/1999/02/22-rdf-syntax-ns#type	http://example.org/stkg/id/SpatialRelationObservation
http://example.org/stkg/id/obs_rel_T90_K2BlackPanther_20260205T224014Z_223_e_d	http://example.org/stkg/subjectEntity	http://example.org/stkg/id/platform_T90
http://example.org/stkg/id/obs_rel_T90_K2BlackPanther_20260205T224014Z_223_e_d	http://example.org/stkg/objectEntity	http://example.org/stkg/id/platform_K2BlackPanther
http://example.org/stkg/id/obs_rel_T90_K2BlackPanther_20260205T224014Z_223_e_d	http://example.org/stkg/relationType	http://example.org/stkg/id/relation_behind_of
http://example.org/stkg/id/obs_rel_T90_K2BlackPanther_20260205T224014Z_223_e_d	http://example.org/stkg/time	"2026-02-05T22:40:14Z"^^<http://www.w3.org/2001/XMLSchema#dateTime>
http://example.org/stkg/id/obs_rel_BTR80_T90_20260205T224014Z_223_c_e	http://www.w3.org/1999/02/22-rdf-syntax-ns#type	http://example.org/stkg/id/SpatialRelationObservation
http://example.org/stkg/id/obs_rel_BTR80_T90_20260205T224014Z_223_c_e	http://example.org/stkg/subjectEntity	http://example.org/stkg/id/platform_BTR80
http://example.org/stkg/id/obs_rel_BTR80_T90_20260205T224014Z_223_c_e	http://example.org/stkg/objectEntity	http://example.org/stkg/id/platform_T90
http://example.org/stkg/id/obs_rel_BTR80_T90_20260205T224014Z_223_c_e	http://example.org/stkg/relationType	http://example.org/stkg/id/relation_behind_of
http://example.org/stkg/id/obs_rel_BTR80_T90_20260205T224014Z_223_c_e	http://example.org/stkg/time	"2026-02-05T22:40:14Z"^^<http://www.w3.org/2001/XMLSchema#dateTime>
http://example.org/stkg/id/obs_rel_T90_BTR80_20260205T224014Z_223_e_c	http://www.w3.org/1999/02/22-rdf-syntax-ns#type	http://example.org/stkg/id/SpatialRelationObservation
http://example.org/stkg/id/obs_rel_T90_BTR80_20260205T224014Z_223_e_c	http://example.org/stkg/subjectEntity	http://example.org/stkg/id/platform_T90
http://example.org/stkg/id/obs_rel_T90_BTR80_20260205T224014Z_223_e_c	http://example.org/stkg/objectEntity	http://example.org/stkg/id/platform_BTR80
http://example.org/stkg/id/obs_rel_T90_BTR80_20260205T224014Z_223_e_c	http://example.org/stkg/relationType	http://example.org/stkg/id/relation_ahead_of
http://example.org/stkg/id/obs_rel_T90_BTR80_20260205T224014Z_223_e_c	http://example.org/stkg/time	"2026-02-05T22:40:14Z"^^<http://www.w3.org/2001/XMLSchema#dateTime>
http://example.org/stkg/id/obs_rel_BTR80_K2BlackPanther_20260205T224015Z_224_c_d	http://www.w3.org/1999/02/22-rdf-syntax-ns#type	http://example.org/stkg/id/SpatialRelationObservation
http://example.org/stkg/id/obs_rel_BTR80_K2BlackPanther_20260205T224015Z_224_c_d	http://example.org/stkg/subjectEntity	http://example.org/stkg/id/platform_BTR80
http://example.org/stkg/id/obs_rel_BTR80_K2BlackPanther_20260205T224015Z_224_c_d	http://example.org/stkg/objectEntity	http://example.org/stkg/id/platform_K2BlackPanther
http://example.org/stkg/id/obs_rel_BTR80_K2BlackPanther_20260205T224015Z_224_c_d	http://example.org/stkg/relationType	http://example.org/stkg/id/relation_behind_of
http://example.org/stkg/id/obs_rel_BTR80_K2BlackPanther_20260205T224015Z_224_c_d	http://example.org/stkg/time	"2026-02-05T22:40:15Z"^^<http://www.w3.org/2001/XMLSchema#dateTime>
http://example.org/stkg/id/obs_rel_K2BlackPanther_BTR80_20260205T224015Z_224_d_c	http://www.w3.org/1999/02/22-rdf-syntax-ns#type	http://example.org/stkg/id/SpatialRelationObservation
http://example.org/stkg/id/obs_rel_K2BlackPanther_BTR80_20260205T224015Z_224_d_c	http://example.org/stkg/subjectEntity	http://example.org/stkg/id/platform_K2BlackPanther
http://example.org/stkg/id/obs_rel_K2BlackPanther_BTR80_20260205T224015Z_224_d_c	http://example.org/stkg/objectEntity	http://example.org/stkg/id/platform_BTR80
http://example.org/stkg/id/obs_rel_K2BlackPanther_BTR80_20260205T224015Z_224_d_c	http://example.org/stkg/relationType	http://example.org/stkg/id/relation_ahead_of
http://example.org/stkg/id/obs_rel_K2BlackPanther_BTR80_20260205T224015Z_224_d_c	http://example.org/stkg/time	"2026-02-05T22:40:15Z"^^<http://www.w3.org/2001/XMLSchema#dateTime>
http://example.org/stkg/id/obs_rel_K2BlackPanther_T90_20260205T224015Z_224_d_e	http://www.w3.org/1999/02/22-rdf-syntax-ns#type	http://example.org/stkg/id/SpatialRelationObservation
http://example.org/stkg/id/obs_rel_K2BlackPanther_T90_20260205T224015Z_224_d_e	http://example.org/stkg/subjectEntity	http://example.org/stkg/id/platform_K2BlackPanther
http://example.org/stkg/id/obs_rel_K2BlackPanther_T90_20260205T224015Z_224_d_e	http://example.org/stkg/objectEntity	http://example.org/stkg/id/platform_T90
http://example.org/stkg/id/obs_rel_K2BlackPanther_T90_20260205T224015Z_224_d_e	http://example.org/stkg/relationType	http://example.org/stkg/id/relation_ahead_of
http://example.org/stkg/id/obs_rel_K2BlackPanther_T90_20260205T224015Z_224_d_e	http://example.org/stkg/time	"2026-02-05T22:40:15Z"^^<http://www.w3.org/2001/XMLSchema#dateTime>
http://example.org/stkg/id/obs_rel_T90_K2BlackPanther_20260205T224015Z_224_e_d	http://www.w3.org/1999/02/22-rdf-syntax-ns#type	http://example.org/stkg/id/SpatialRelationObservation
http://example.org/stkg/id/obs_rel_T90_K2BlackPanther_20260205T224015Z_224_e_d	http://example.org/stkg/subjectEntity	http://example.org/stkg/id/platform_T90
http://example.org/stkg/id/obs_rel_T90_K2BlackPanther_20260205T224015Z_224_e_d	http://example.org/stkg/objectEntity	http://example.org/stkg/id/platform_K2BlackPanther
http://example.org/stkg/id/obs_rel_T90_K2BlackPanther_20260205T224015Z_224_e_d	http://example.org/stkg/relationType	http://example.org/stkg/id/relation_behind_of
http://example.org/stkg/id/obs_rel_T90_K2BlackPanther_20260205T224015Z_224_e_d	http://example.org/stkg/time	"2026-02-05T22:40:15Z"^^<http://www.w3.org/2001/XMLSchema#dateTime>
http://example.org/stkg/id/obs_rel_BTR80_T90_20260205T224015Z_224_c_e	http://www.w3.org/1999/02/22-rdf-syntax-ns#type	http://example.org/stkg/id/SpatialRelationObservation
http://example.org/stkg/id/obs_rel_BTR80_T90_20260205T224015Z_224_c_e	http://example.org/stkg/subjectEntity	http://example.org/stkg/id/platform_BTR80
http://example.org/stkg/id/obs_rel_BTR80_T90_20260205T224015Z_224_c_e	http://example.org/stkg/objectEntity	http://example.org/stkg/id/platform_T90
http://example.org/stkg/id/obs_rel_BTR80_T90_20260205T224015Z_224_c_e	http://example.org/stkg/relationType	http://example.org/stkg/id/relation_behind_of
http://example.org/stkg/id/obs_rel_BTR80_T90_20260205T224015Z_224_c_e	http://example.org/stkg/time	"2026-02-05T22:40:15Z"^^<http://www.w3.org/2001/XMLSchema#dateTime>
http://example.org/stkg/id/obs_rel_T90_BTR80_20260205T224015Z_224_e_c	http://www.w3.org/1999/02/22-rdf-syntax-ns#type	http://example.org/stkg/id/SpatialRelationObservation
http://example.org/stkg/id/obs_rel_T90_BTR80_20260205T224015Z_224_e_c	http://example.org/stkg/subjectEntity	http://example.org/stkg/id/platform_T90
http://example.org/stkg/id/obs_rel_T90_BTR80_20260205T224015Z_224_e_c	http://example.org/stkg/objectEntity	http://example.org/stkg/id/platform_BTR80
http://example.org/stkg/id/obs_rel_T90_BTR80_20260205T224015Z_224_e_c	http://example.org/stkg/relationType	http://example.org/stkg/id/relation_ahead_of
http://example.org/stkg/id/obs_rel_T90_BTR80_20260205T224015Z_224_e_c	http://example.org/stkg/time	"2026-02-05T22:40:15Z"^^<http://www.w3.org/2001/XMLSchema#dateTime>
http://example.org/stkg/id/obs_rel_BTR80_K2BlackPanther_20260205T224016Z_225_c_d	http://www.w3.org/1999/02/22-rdf-syntax-ns#type	http://example.org/stkg/id/SpatialRelationObservation
http://example.org/stkg/id/obs_rel_BTR80_K2BlackPanther_20260205T224016Z_225_c_d	http://example.org/stkg/subjectEntity	http://example.org/stkg/id/platform_BTR80
http://example.org/stkg/id/obs_rel_BTR80_K2BlackPanther_20260205T224016Z_225_c_d	http://example.org/stkg/objectEntity	http://example.org/stkg/id/platform_K2BlackPanther
http://example.org/stkg/id/obs_rel_BTR80_K2BlackPanther_20260205T224016Z_225_c_d	http://example.org/stkg/relationType	http://example.org/stkg/id/relation_behind_of
http://example.org/stkg/id/obs_rel_BTR80_K2BlackPanther_20260205T224016Z_225_c_d	http://example.org/stkg/time	"2026-02-05T22:40:16Z"^^<http://www.w3.org/2001/XMLSchema#dateTime>
http://example.org/stkg/id/obs_rel_K2BlackPanther_BTR80_20260205T224016Z_225_d_c	http://www.w3.org/1999/02/22-rdf-syntax-ns#type	http://example.org/stkg/id/SpatialRelationObservation
http://example.org/stkg/id/obs_rel_K2BlackPanther_BTR80_20260205T224016Z_225_d_c	http://example.org/stkg/subjectEntity	http://example.org/stkg/id/platform_K2BlackPanther
http://example.org/stkg/id/obs_rel_K2BlackPanther_BTR80_20260205T224016Z_225_d_c	http://example.org/stkg/objectEntity	http://example.org/stkg/id/platform_BTR80
http://example.org/stkg/id/obs_rel_K2BlackPanther_BTR80_20260205T224016Z_225_d_c	http://example.org/stkg/relationType	http://example.org/stkg/id/relation_ahead_of
http://example.org/stkg/id/obs_rel_K2BlackPanther_BTR80_20260205T224016Z_225_d_c	http://example.org/stkg/time	"2026-02-05T22:40:16Z"^^<http://www.w3.org/2001/XMLSchema#dateTime>
http://example.org/stkg/id/obs_rel_K2BlackPanther_T90_20260205T224016Z_225_d_e	http://www.w3.org/1999/02/22-rdf-syntax-ns#type	http://example.org/stkg/id/SpatialRelationObservation
http://example.org/stkg/id/obs_rel_K2BlackPanther_T90_20260205T224016Z_225_d_e	http://example.org/stkg/subjectEntity	http://example.org/stkg/id/platform_K2BlackPanther
http://example.org/stkg/id/obs_rel_K2BlackPanther_T90_20260205T224016Z_225_d_e	http://example.org/stkg/objectEntity	http://example.org/stkg/id/platform_T90
http://example.org/stkg/id/obs_rel_K2BlackPanther_T90_20260205T224016Z_225_d_e	http://example.org/stkg/relationType	http://example.org/stkg/id/relation_ahead_of
http://example.org/stkg/id/obs_rel_K2BlackPanther_T90_20260205T224016Z_225_d_e	http://example.org/stkg/time	"2026-02-05T22:40:16Z"^^<http://www.w3.org/2001/XMLSchema#dateTime>
http://example.org/stkg/id/obs_rel_T90_K2BlackPanther_20260205T224016Z_225_e_d	http://www.w3.org/1999/02/22-rdf-syntax-ns#type	http://example.org/stkg/id/SpatialRelationObservation
http://example.org/stkg/id/obs_rel_T90_K2BlackPanther_20260205T224016Z_225_e_d	http://example.org/stkg/subjectEntity	http://example.org/stkg/id/platform_T90
http://example.org/stkg/id/obs_rel_T90_K2BlackPanther_20260205T224016Z_225_e_d	http://example.org/stkg/objectEntity	http://example.org/stkg/id/platform_K2BlackPanther
http://example.org/stkg/id/obs_rel_T90_K2BlackPanther_20260205T224016Z_225_e_d	http://example.org/stkg/relationType	http://example.org/stkg/id/relation_behind_of
http://example.org/stkg/id/obs_rel_T90_K2BlackPanther_20260205T224016Z_225_e_d	http://example.org/stkg/time	"2026-02-05T22:40:16Z"^^<http://www.w3.org/2001/XMLSchema#dateTime>
http://example.org/stkg/id/obs_rel_BTR80_T90_20260205T224016Z_225_c_e	http://www.w3.org/1999/02/22-rdf-syntax-ns#type	http://example.org/stkg/id/SpatialRelationObservation
http://example.org/stkg/id/obs_rel_BTR80_T90_20260205T224016Z_225_c_e	http://example.org/stkg/subjectEntity	http://example.org/stkg/id/platform_BTR80
http://example.org/stkg/id/obs_rel_BTR80_T90_20260205T224016Z_225_c_e	http://example.org/stkg/objectEntity	http://example.org/stkg/id/platform_T90
http://example.org/stkg/id/obs_rel_BTR80_T90_20260205T224016Z_225_c_e	http://example.org/stkg/relationType	http://example.org/stkg/id/relation_behind_of
http://example.org/stkg/id/obs_rel_BTR80_T90_20260205T224016Z_225_c_e	http://example.org/stkg/time	"2026-02-05T22:40:16Z"^^<http://www.w3.org/2001/XMLSchema#dateTime>
http://example.org/stkg/id/obs_rel_T90_BTR80_20260205T224016Z_225_e_c	http://www.w3.org/1999/02/22-rdf-syntax-ns#type	http://example.org/stkg/id/SpatialRelationObservation
http://example.org/stkg/id/obs_rel_T90_BTR80_20260205T224016Z_225_e_c	http://example.org/stkg/subjectEntity	http://example.org/stkg/id/platform_T90
http://example.org/stkg/id/obs_rel_T90_BTR80_20260205T224016Z_225_e_c	http://example.org/stkg/objectEntity	http://example.org/stkg/id/platform_BTR80
http://example.org/stkg/id/obs_rel_T90_BTR80_20260205T224016Z_225_e_c	http://example.org/stkg/relationType	http://example.org/stkg/id/relation_ahead_of
http://example.org/stkg/id/obs_rel_T90_BTR80_20260205T224016Z_225_e_c	http://example.org/stkg/time	"2026-02-05T22:40:16Z"^^<http://www.w3.org/2001/XMLSchema#dateTime>
http://example.org/stkg/id/obs_rel_BTR80_K2BlackPanther_20260205T224017Z_226_c_d	http://www.w3.org/1999/02/22-rdf-syntax-ns#type	http://example.org/stkg/id/SpatialRelationObservation
http://example.org/stkg/id/obs_rel_BTR80_K2BlackPanther_20260205T224017Z_226_c_d	http://example.org/stkg/subjectEntity	http://example.org/stkg/id/platform_BTR80
http://example.org/stkg/id/obs_rel_BTR80_K2BlackPanther_20260205T224017Z_226_c_d	http://example.org/stkg/objectEntity	http://example.org/stkg/id/platform_K2BlackPanther
http://example.org/stkg/id/obs_rel_BTR80_K2BlackPanther_20260205T224017Z_226_c_d	http://example.org/stkg/relationType	http://example.org/stkg/id/relation_behind_of
http://example.org/stkg/id/obs_rel_BTR80_K2BlackPanther_20260205T224017Z_226_c_d	http://example.org/stkg/time	"2026-02-05T22:40:17Z"^^<http://www.w3.org/2001/XMLSchema#dateTime>
http://example.org/stkg/id/obs_rel_K2BlackPanther_BTR80_20260205T224017Z_226_d_c	http://www.w3.org/1999/02/22-rdf-syntax-ns#type	http://example.org/stkg/id/SpatialRelationObservation
http://example.org/stkg/id/obs_rel_K2BlackPanther_BTR80_20260205T224017Z_226_d_c	http://example.org/stkg/subjectEntity	http://example.org/stkg/id/platform_K2BlackPanther
http://example.org/stkg/id/obs_rel_K2BlackPanther_BTR80_20260205T224017Z_226_d_c	http://example.org/stkg/objectEntity	http://example.org/stkg/id/platform_BTR80
http://example.org/stkg/id/obs_rel_K2BlackPanther_BTR80_20260205T224017Z_226_d_c	http://example.org/stkg/relationType	http://example.org/stkg/id/relation_ahead_of
http://example.org/stkg/id/obs_rel_K2BlackPanther_BTR80_20260205T224017Z_226_d_c	http://example.org/stkg/time	"2026-02-05T22:40:17Z"^^<http://www.w3.org/2001/XMLSchema#dateTime>
http://example.org/stkg/id/obs_rel_K2BlackPanther_T90_20260205T224017Z_226_d_e	http://www.w3.org/1999/02/22-rdf-syntax-ns#type	http://example.org/stkg/id/SpatialRelationObservation
http://example.org/stkg/id/obs_rel_K2BlackPanther_T90_20260205T224017Z_226_d_e	http://example.org/stkg/subjectEntity	http://example.org/stkg/id/platform_K2BlackPanther
http://example.org/stkg/id/obs_rel_K2BlackPanther_T90_20260205T224017Z_226_d_e	http://example.org/stkg/objectEntity	http://example.org/stkg/id/platform_T90
http://example.org/stkg/id/obs_rel_K2BlackPanther_T90_20260205T224017Z_226_d_e	http://example.org/stkg/relationType	http://example.org/stkg/id/relation_ahead_of
http://example.org/stkg/id/obs_rel_K2BlackPanther_T90_20260205T224017Z_226_d_e	http://example.org/stkg/time	"2026-02-05T22:40:17Z"^^<http://www.w3.org/2001/XMLSchema#dateTime>
http://example.org/stkg/id/obs_rel_T90_K2BlackPanther_20260205T224017Z_226_e_d	http://www.w3.org/1999/02/22-rdf-syntax-ns#type	http://example.org/stkg/id/SpatialRelationObservation
http://example.org/stkg/id/obs_rel_T90_K2BlackPanther_20260205T224017Z_226_e_d	http://example.org/stkg/subjectEntity	http://example.org/stkg/id/platform_T90
http://example.org/stkg/id/obs_rel_T90_K2BlackPanther_20260205T224017Z_226_e_d	http://example.org/stkg/objectEntity	http://example.org/stkg/id/platform_K2BlackPanther
http://example.org/stkg/id/obs_rel_T90_K2BlackPanther_20260205T224017Z_226_e_d	http://example.org/stkg/relationType	http://example.org/stkg/id/relation_behind_of
http://example.org/stkg/id/obs_rel_T90_K2BlackPanther_20260205T224017Z_226_e_d	http://example.org/stkg/time	"2026-02-05T22:40:17Z"^^<http://www.w3.org/2001/XMLSchema#dateTime>
http://example.org/stkg/id/obs_rel_BTR80_T90_20260205T224017Z_226_c_e	http://www.w3.org/1999/02/22-rdf-syntax-ns#type	http://example.org/stkg/id/SpatialRelationObservation
http://example.org/stkg/id/obs_rel_BTR80_T90_20260205T224017Z_226_c_e	http://example.org/stkg/subjectEntity	http://example.org/stkg/id/platform_BTR80
http://example.org/stkg/id/obs_rel_BTR80_T90_20260205T224017Z_226_c_e	http://example.org/stkg/objectEntity	http://example.org/stkg/id/platform_T90
http://example.org/stkg/id/obs_rel_BTR80_T90_20260205T224017Z_226_c_e	http://example.org/stkg/relationType	http://example.org/stkg/id/relation_behind_of
http://example.org/stkg/id/obs_rel_BTR80_T90_20260205T224017Z_226_c_e	http://example.org/stkg/time	"2026-02-05T22:40:17Z"^^<http://www.w3.org/2001/XMLSchema#dateTime>
http://example.org/stkg/id/obs_rel_T90_BTR80_20260205T224017Z_226_e_c	http://www.w3.org/1999/02/22-rdf-syntax-ns#type	http://example.org/stkg/id/SpatialRelationObservation
http://example.org/stkg/id/obs_rel_T90_BTR80_20260205T224017Z_226_e_c	http://example.org/stkg/subjectEntity	http://example.org/stkg/id/platform_T90
http://example.org/stkg/id/obs_rel_T90_BTR80_20260205T224017Z_226_e_c	http://example.org/stkg/objectEntity	http://example.org/stkg/id/platform_BTR80
http://example.org/stkg/id/obs_rel_T90_BTR80_20260205T224017Z_226_e_c	http://example.org/stkg/relationType	http://example.org/stkg/id/relation_ahead_of
http://example.org/stkg/id/obs_rel_T90_BTR80_20260205T224017Z_226_e_c	http://example.org/stkg/time	"2026-02-05T22:40:17Z"^^<http://www.w3.org/2001/XMLSchema#dateTime>
http://example.org/stkg/id/obs_rel_BTR80_K2BlackPanther_20260205T224018Z_227_c_d	http://www.w3.org/1999/02/22-rdf-syntax-ns#type	http://example.org/stkg/id/SpatialRelationObservation
http://example.org/stkg/id/obs_rel_BTR80_K2BlackPanther_20260205T224018Z_227_c_d	http://example.org/stkg/subjectEntity	http://example.org/stkg/id/platform_BTR80
http://example.org/stkg/id/obs_rel_BTR80_K2BlackPanther_20260205T224018Z_227_c_d	http://example.org/stkg/objectEntity	http://example.org/stkg/id/platform_K2BlackPanther
http://example.org/stkg/id/obs_rel_BTR80_K2BlackPanther_20260205T224018Z_227_c_d	http://example.org/stkg/relationType	http://example.org/stkg/id/relation_behind_of
http://example.org/stkg/id/obs_rel_BTR80_K2BlackPanther_20260205T224018Z_227_c_d	http://example.org/stkg/time	"2026-02-05T22:40:18Z"^^<http://www.w3.org/2001/XMLSchema#dateTime>
http://example.org/stkg/id/obs_rel_K2BlackPanther_BTR80_20260205T224018Z_227_d_c	http://www.w3.org/1999/02/22-rdf-syntax-ns#type	http://example.org/stkg/id/SpatialRelationObservation
http://example.org/stkg/id/obs_rel_K2BlackPanther_BTR80_20260205T224018Z_227_d_c	http://example.org/stkg/subjectEntity	http://example.org/stkg/id/platform_K2BlackPanther
http://example.org/stkg/id/obs_rel_K2BlackPanther_BTR80_20260205T224018Z_227_d_c	http://example.org/stkg/objectEntity	http://example.org/stkg/id/platform_BTR80
http://example.org/stkg/id/obs_rel_K2BlackPanther_BTR80_20260205T224018Z_227_d_c	http://example.org/stkg/relationType	http://example.org/stkg/id/relation_ahead_of
http://example.org/stkg/id/obs_rel_K2BlackPanther_BTR80_20260205T224018Z_227_d_c	http://example.org/stkg/time	"2026-02-05T22:40:18Z"^^<http://www.w3.org/2001/XMLSchema#dateTime>
http://example.org/stkg/id/obs_rel_K2BlackPanther_T90_20260205T224018Z_227_d_e	http://www.w3.org/1999/02/22-rdf-syntax-ns#type	http://example.org/stkg/id/SpatialRelationObservation
http://example.org/stkg/id/obs_rel_K2BlackPanther_T90_20260205T224018Z_227_d_e	http://example.org/stkg/subjectEntity	http://example.org/stkg/id/platform_K2BlackPanther
http://example.org/stkg/id/obs_rel_K2BlackPanther_T90_20260205T224018Z_227_d_e	http://example.org/stkg/objectEntity	http://example.org/stkg/id/platform_T90
http://example.org/stkg/id/obs_rel_K2BlackPanther_T90_20260205T224018Z_227_d_e	http://example.org/stkg/relationType	http://example.org/stkg/id/relation_ahead_of
http://example.org/stkg/id/obs_rel_K2BlackPanther_T90_20260205T224018Z_227_d_e	http://example.org/stkg/time	"2026-02-05T22:40:18Z"^^<http://www.w3.org/2001/XMLSchema#dateTime>
http://example.org/stkg/id/obs_rel_T90_K2BlackPanther_20260205T224018Z_227_e_d	http://www.w3.org/1999/02/22-rdf-syntax-ns#type	http://example.org/stkg/id/SpatialRelationObservation
http://example.org/stkg/id/obs_rel_T90_K2BlackPanther_20260205T224018Z_227_e_d	http://example.org/stkg/subjectEntity	http://example.org/stkg/id/platform_T90
http://example.org/stkg/id/obs_rel_T90_K2BlackPanther_20260205T224018Z_227_e_d	http://example.org/stkg/objectEntity	http://example.org/stkg/id/platform_K2BlackPanther
http://example.org/stkg/id/obs_rel_T90_K2BlackPanther_20260205T224018Z_227_e_d	http://example.org/stkg/relationType	http://example.org/stkg/id/relation_behind_of
http://example.org/stkg/id/obs_rel_T90_K2BlackPanther_20260205T224018Z_227_e_d	http://example.org/stkg/time	"2026-02-05T22:40:18Z"^^<http://www.w3.org/2001/XMLSchema#dateTime>
http://example.org/stkg/id/obs_rel_BTR80_T90_20260205T224018Z_227_c_e	http://www.w3.org/1999/02/22-rdf-syntax-ns#type	http://example.org/stkg/id/SpatialRelationObservation
http://example.org/stkg/id/obs_rel_BTR80_T90_20260205T224018Z_227_c_e	http://example.org/stkg/subjectEntity	http://example.org/stkg/id/platform_BTR80
http://example.org/stkg/id/obs_rel_BTR80_T90_20260205T224018Z_227_c_e	http://example.org/stkg/objectEntity	http://example.org/stkg/id/platform_T90
http://example.org/stkg/id/obs_rel_BTR80_T90_20260205T224018Z_227_c_e	http://example.org/stkg/relationType	http://example.org/stkg/id/relation_behind_of
http://example.org/stkg/id/obs_rel_BTR80_T90_20260205T224018Z_227_c_e	http://example.org/stkg/time	"2026-02-05T22:40:18Z"^^<http://www.w3.org/2001/XMLSchema#dateTime>
http://example.org/stkg/id/obs_rel_T90_BTR80_20260205T224018Z_227_e_c	http://www.w3.org/1999/02/22-rdf-syntax-ns#type	http://example.org/stkg/id/SpatialRelationObservation
http://example.org/stkg/id/obs_rel_T90_BTR80_20260205T224018Z_227_e_c	http://example.org/stkg/subjectEntity	http://example.org/stkg/id/platform_T90
http://example.org/stkg/id/obs_rel_T90_BTR80_20260205T224018Z_227_e_c	http://example.org/stkg/objectEntity	http://example.org/stkg/id/platform_BTR80
http://example.org/stkg/id/obs_rel_T90_BTR80_20260205T224018Z_227_e_c	http://example.org/stkg/relationType	http://example.org/stkg/id/relation_ahead_of
http://example.org/stkg/id/obs_rel_T90_BTR80_20260205T224018Z_227_e_c	http://example.org/stkg/time	"2026-02-05T22:40:18Z"^^<http://www.w3.org/2001/XMLSchema#dateTime>
http://example.org/stkg/id/obs_rel_BTR80_K2BlackPanther_20260205T224019Z_228_c_d	http://www.w3.org/1999/02/22-rdf-syntax-ns#type	http://example.org/stkg/id/SpatialRelationObservation
http://example.org/stkg/id/obs_rel_BTR80_K2BlackPanther_20260205T224019Z_228_c_d	http://example.org/stkg/subjectEntity	http://example.org/stkg/id/platform_BTR80
http://example.org/stkg/id/obs_rel_BTR80_K2BlackPanther_20260205T224019Z_228_c_d	http://example.org/stkg/objectEntity	http://example.org/stkg/id/platform_K2BlackPanther
http://example.org/stkg/id/obs_rel_BTR80_K2BlackPanther_20260205T224019Z_228_c_d	http://example.org/stkg/relationType	http://example.org/stkg/id/relation_behind_of
http://example.org/stkg/id/obs_rel_BTR80_K2BlackPanther_20260205T224019Z_228_c_d	http://example.org/stkg/time	"2026-02-05T22:40:19Z"^^<http://www.w3.org/2001/XMLSchema#dateTime>
http://example.org/stkg/id/obs_rel_K2BlackPanther_BTR80_20260205T224019Z_228_d_c	http://www.w3.org/1999/02/22-rdf-syntax-ns#type	http://example.org/stkg/id/SpatialRelationObservation
http://example.org/stkg/id/obs_rel_K2BlackPanther_BTR80_20260205T224019Z_228_d_c	http://example.org/stkg/subjectEntity	http://example.org/stkg/id/platform_K2BlackPanther
http://example.org/stkg/id/obs_rel_K2BlackPanther_BTR80_20260205T224019Z_228_d_c	http://example.org/stkg/objectEntity	http://example.org/stkg/id/platform_BTR80
http://example.org/stkg/id/obs_rel_K2BlackPanther_BTR80_20260205T224019Z_228_d_c	http://example.org/stkg/relationType	http://example.org/stkg/id/relation_ahead_of
http://example.org/stkg/id/obs_rel_K2BlackPanther_BTR80_20260205T224019Z_228_d_c	http://example.org/stkg/time	"2026-02-05T22:40:19Z"^^<http://www.w3.org/2001/XMLSchema#dateTime>
http://example.org/stkg/id/obs_rel_K2BlackPanther_T90_20260205T224019Z_228_d_e	http://www.w3.org/1999/02/22-rdf-syntax-ns#type	http://example.org/stkg/id/SpatialRelationObservation
http://example.org/stkg/id/obs_rel_K2BlackPanther_T90_20260205T224019Z_228_d_e	http://example.org/stkg/subjectEntity	http://example.org/stkg/id/platform_K2BlackPanther
http://example.org/stkg/id/obs_rel_K2BlackPanther_T90_20260205T224019Z_228_d_e	http://example.org/stkg/objectEntity	http://example.org/stkg/id/platform_T90
http://example.org/stkg/id/obs_rel_K2BlackPanther_T90_20260205T224019Z_228_d_e	http://example.org/stkg/relationType	http://example.org/stkg/id/relation_ahead_of
http://example.org/stkg/id/obs_rel_K2BlackPanther_T90_20260205T224019Z_228_d_e	http://example.org/stkg/time	"2026-02-05T22:40:19Z"^^<http://www.w3.org/2001/XMLSchema#dateTime>
http://example.org/stkg/id/obs_rel_T90_K2BlackPanther_20260205T224019Z_228_e_d	http://www.w3.org/1999/02/22-rdf-syntax-ns#type	http://example.org/stkg/id/SpatialRelationObservation
http://example.org/stkg/id/obs_rel_T90_K2BlackPanther_20260205T224019Z_228_e_d	http://example.org/stkg/subjectEntity	http://example.org/stkg/id/platform_T90
http://example.org/stkg/id/obs_rel_T90_K2BlackPanther_20260205T224019Z_228_e_d	http://example.org/stkg/objectEntity	http://example.org/stkg/id/platform_K2BlackPanther
http://example.org/stkg/id/obs_rel_T90_K2BlackPanther_20260205T224019Z_228_e_d	http://example.org/stkg/relationType	http://example.org/stkg/id/relation_behind_of
http://example.org/stkg/id/obs_rel_T90_K2BlackPanther_20260205T224019Z_228_e_d	http://example.org/stkg/time	"2026-02-05T22:40:19Z"^^<http://www.w3.org/2001/XMLSchema#dateTime>
http://example.org/stkg/id/obs_rel_BTR80_T90_20260205T224019Z_228_c_e	http://www.w3.org/1999/02/22-rdf-syntax-ns#type	http://example.org/stkg/id/SpatialRelationObservation
http://example.org/stkg/id/obs_rel_BTR80_T90_20260205T224019Z_228_c_e	http://example.org/stkg/subjectEntity	http://example.org/stkg/id/platform_BTR80
http://example.org/stkg/id/obs_rel_BTR80_T90_20260205T224019Z_228_c_e	http://example.org/stkg/objectEntity	http://example.org/stkg/id/platform_T90
http://example.org/stkg/id/obs_rel_BTR80_T90_20260205T224019Z_228_c_e	http://example.org/stkg/relationType	http://example.org/stkg/id/relation_behind_of
http://example.org/stkg/id/obs_rel_BTR80_T90_20260205T224019Z_228_c_e	http://example.org/stkg/time	"2026-02-05T22:40:19Z"^^<http://www.w3.org/2001/XMLSchema#dateTime>
http://example.org/stkg/id/obs_rel_T90_BTR80_20260205T224019Z_228_e_c	http://www.w3.org/1999/02/22-rdf-syntax-ns#type	http://example.org/stkg/id/SpatialRelationObservation
http://example.org/stkg/id/obs_rel_T90_BTR80_20260205T224019Z_228_e_c	http://example.org/stkg/subjectEntity	http://example.org/stkg/id/platform_T90
http://example.org/stkg/id/obs_rel_T90_BTR80_20260205T224019Z_228_e_c	http://example.org/stkg/objectEntity	http://example.org/stkg/id/platform_BTR80
http://example.org/stkg/id/obs_rel_T90_BTR80_20260205T224019Z_228_e_c	http://example.org/stkg/relationType	http://example.org/stkg/id/relation_ahead_of
http://example.org/stkg/id/obs_rel_T90_BTR80_20260205T224019Z_228_e_c	http://example.org/stkg/time	"2026-02-05T22:40:19Z"^^<http://www.w3.org/2001/XMLSchema#dateTime>
http://example.org/stkg/id/obs_rel_BTR80_K2BlackPanther_20260205T224020Z_229_c_d	http://www.w3.org/1999/02/22-rdf-syntax-ns#type	http://example.org/stkg/id/SpatialRelationObservation
http://example.org/stkg/id/obs_rel_BTR80_K2BlackPanther_20260205T224020Z_229_c_d	http://example.org/stkg/subjectEntity	http://example.org/stkg/id/platform_BTR80
http://example.org/stkg/id/obs_rel_BTR80_K2BlackPanther_20260205T224020Z_229_c_d	http://example.org/stkg/objectEntity	http://example.org/stkg/id/platform_K2BlackPanther
http://example.org/stkg/id/obs_rel_BTR80_K2BlackPanther_20260205T224020Z_229_c_d	http://example.org/stkg/relationType	http://example.org/stkg/id/relation_behind_of
http://example.org/stkg/id/obs_rel_BTR80_K2BlackPanther_20260205T224020Z_229_c_d	http://example.org/stkg/time	"2026-02-05T22:40:20Z"^^<http://www.w3.org/2001/XMLSchema#dateTime>
http://example.org/stkg/id/obs_rel_K2BlackPanther_BTR80_20260205T224020Z_229_d_c	http://www.w3.org/1999/02/22-rdf-syntax-ns#type	http://example.org/stkg/id/SpatialRelationObservation
http://example.org/stkg/id/obs_rel_K2BlackPanther_BTR80_20260205T224020Z_229_d_c	http://example.org/stkg/subjectEntity	http://example.org/stkg/id/platform_K2BlackPanther
http://example.org/stkg/id/obs_rel_K2BlackPanther_BTR80_20260205T224020Z_229_d_c	http://example.org/stkg/objectEntity	http://example.org/stkg/id/platform_BTR80
http://example.org/stkg/id/obs_rel_K2BlackPanther_BTR80_20260205T224020Z_229_d_c	http://example.org/stkg/relationType	http://example.org/stkg/id/relation_ahead_of
http://example.org/stkg/id/obs_rel_K2BlackPanther_BTR80_20260205T224020Z_229_d_c	http://example.org/stkg/time	"2026-02-05T22:40:20Z"^^<http://www.w3.org/2001/XMLSchema#dateTime>
http://example.org/stkg/id/obs_rel_K2BlackPanther_T90_20260205T224020Z_229_d_e	http://www.w3.org/1999/02/22-rdf-syntax-ns#type	http://example.org/stkg/id/SpatialRelationObservation
http://example.org/stkg/id/obs_rel_K2BlackPanther_T90_20260205T224020Z_229_d_e	http://example.org/stkg/subjectEntity	http://example.org/stkg/id/platform_K2BlackPanther
http://example.org/stkg/id/obs_rel_K2BlackPanther_T90_20260205T224020Z_229_d_e	http://example.org/stkg/objectEntity	http://example.org/stkg/id/platform_T90
http://example.org/stkg/id/obs_rel_K2BlackPanther_T90_20260205T224020Z_229_d_e	http://example.org/stkg/relationType	http://example.org/stkg/id/relation_ahead_of
http://example.org/stkg/id/obs_rel_K2BlackPanther_T90_20260205T224020Z_229_d_e	http://example.org/stkg/time	"2026-02-05T22:40:20Z"^^<http://www.w3.org/2001/XMLSchema#dateTime>
http://example.org/stkg/id/obs_rel_T90_K2BlackPanther_20260205T224020Z_229_e_d	http://www.w3.org/1999/02/22-rdf-syntax-ns#type	http://example.org/stkg/id/SpatialRelationObservation
http://example.org/stkg/id/obs_rel_T90_K2BlackPanther_20260205T224020Z_229_e_d	http://example.org/stkg/subjectEntity	http://example.org/stkg/id/platform_T90
http://example.org/stkg/id/obs_rel_T90_K2BlackPanther_20260205T224020Z_229_e_d	http://example.org/stkg/objectEntity	http://example.org/stkg/id/platform_K2BlackPanther
http://example.org/stkg/id/obs_rel_T90_K2BlackPanther_20260205T224020Z_229_e_d	http://example.org/stkg/relationType	http://example.org/stkg/id/relation_behind_of
http://example.org/stkg/id/obs_rel_T90_K2BlackPanther_20260205T224020Z_229_e_d	http://example.org/stkg/time	"2026-02-05T22:40:20Z"^^<http://www.w3.org/2001/XMLSchema#dateTime>
http://example.org/stkg/id/obs_rel_BTR80_T90_20260205T224020Z_229_c_e	http://www.w3.org/1999/02/22-rdf-syntax-ns#type	http://example.org/stkg/id/SpatialRelationObservation
http://example.org/stkg/id/obs_rel_BTR80_T90_20260205T224020Z_229_c_e	http://example.org/stkg/subjectEntity	http://example.org/stkg/id/platform_BTR80
http://example.org/stkg/id/obs_rel_BTR80_T90_20260205T224020Z_229_c_e	http://example.org/stkg/objectEntity	http://example.org/stkg/id/platform_T90
http://example.org/stkg/id/obs_rel_BTR80_T90_20260205T224020Z_229_c_e	http://example.org/stkg/relationType	http://example.org/stkg/id/relation_behind_of
http://example.org/stkg/id/obs_rel_BTR80_T90_20260205T224020Z_229_c_e	http://example.org/stkg/time	"2026-02-05T22:40:20Z"^^<http://www.w3.org/2001/XMLSchema#dateTime>
http://example.org/stkg/id/obs_rel_T90_BTR80_20260205T224020Z_229_e_c	http://www.w3.org/1999/02/22-rdf-syntax-ns#type	http://example.org/stkg/id/SpatialRelationObservation
http://example.org/stkg/id/obs_rel_T90_BTR80_20260205T224020Z_229_e_c	http://example.org/stkg/subjectEntity	http://example.org/stkg/id/platform_T90
http://example.org/stkg/id/obs_rel_T90_BTR80_20260205T224020Z_229_e_c	http://example.org/stkg/objectEntity	http://example.org/stkg/id/platform_BTR80
http://example.org/stkg/id/obs_rel_T90_BTR80_20260205T224020Z_229_e_c	http://example.org/stkg/relationType	http://example.org/stkg/id/relation_ahead_of
http://example.org/stkg/id/obs_rel_T90_BTR80_20260205T224020Z_229_e_c	http://example.org/stkg/time	"2026-02-05T22:40:20Z"^^<http://www.w3.org/2001/XMLSchema#dateTime>
http://example.org/stkg/id/obs_rel_BTR80_K2BlackPanther_20260205T224021Z_230_c_d	http://www.w3.org/1999/02/22-rdf-syntax-ns#type	http://example.org/stkg/id/SpatialRelationObservation
http://example.org/stkg/id/obs_rel_BTR80_K2BlackPanther_20260205T224021Z_230_c_d	http://example.org/stkg/subjectEntity	http://example.org/stkg/id/platform_BTR80
http://example.org/stkg/id/obs_rel_BTR80_K2BlackPanther_20260205T224021Z_230_c_d	http://example.org/stkg/objectEntity	http://example.org/stkg/id/platform_K2BlackPanther
http://example.org/stkg/id/obs_rel_BTR80_K2BlackPanther_20260205T224021Z_230_c_d	http://example.org/stkg/relationType	http://example.org/stkg/id/relation_behind_of
http://example.org/stkg/id/obs_rel_BTR80_K2BlackPanther_20260205T224021Z_230_c_d	http://example.org/stkg/time	"2026-02-05T22:40:21Z"^^<http://www.w3.org/2001/XMLSchema#dateTime>
http://example.org/stkg/id/obs_rel_K2BlackPanther_BTR80_20260205T224021Z_230_d_c	http://www.w3.org/1999/02/22-rdf-syntax-ns#type	http://example.org/stkg/id/SpatialRelationObservation
http://example.org/stkg/id/obs_rel_K2BlackPanther_BTR80_20260205T224021Z_230_d_c	http://example.org/stkg/subjectEntity	http://example.org/stkg/id/platform_K2BlackPanther
http://example.org/stkg/id/obs_rel_K2BlackPanther_BTR80_20260205T224021Z_230_d_c	http://example.org/stkg/objectEntity	http://example.org/stkg/id/platform_BTR80
http://example.org/stkg/id/obs_rel_K2BlackPanther_BTR80_20260205T224021Z_230_d_c	http://example.org/stkg/relationType	http://example.org/stkg/id/relation_ahead_of
http://example.org/stkg/id/obs_rel_K2BlackPanther_BTR80_20260205T224021Z_230_d_c	http://example.org/stkg/time	"2026-02-05T22:40:21Z"^^<http://www.w3.org/2001/XMLSchema#dateTime>
http://example.org/stkg/id/obs_rel_K2BlackPanther_T90_20260205T224021Z_230_d_e	http://www.w3.org/1999/02/22-rdf-syntax-ns#type	http://example.org/stkg/id/SpatialRelationObservation
http://example.org/stkg/id/obs_rel_K2BlackPanther_T90_20260205T224021Z_230_d_e	http://example.org/stkg/subjectEntity	http://example.org/stkg/id/platform_K2BlackPanther
http://example.org/stkg/id/obs_rel_K2BlackPanther_T90_20260205T224021Z_230_d_e	http://example.org/stkg/objectEntity	http://example.org/stkg/id/platform_T90
http://example.org/stkg/id/obs_rel_K2BlackPanther_T90_20260205T224021Z_230_d_e	http://example.org/stkg/relationType	http://example.org/stkg/id/relation_ahead_of
http://example.org/stkg/id/obs_rel_K2BlackPanther_T90_20260205T224021Z_230_d_e	http://example.org/stkg/time	"2026-02-05T22:40:21Z"^^<http://www.w3.org/2001/XMLSchema#dateTime>
http://example.org/stkg/id/obs_rel_T90_K2BlackPanther_20260205T224021Z_230_e_d	http://www.w3.org/1999/02/22-rdf-syntax-ns#type	http://example.org/stkg/id/SpatialRelationObservation
http://example.org/stkg/id/obs_rel_T90_K2BlackPanther_20260205T224021Z_230_e_d	http://example.org/stkg/subjectEntity	http://example.org/stkg/id/platform_T90
http://example.org/stkg/id/obs_rel_T90_K2BlackPanther_20260205T224021Z_230_e_d	http://example.org/stkg/objectEntity	http://example.org/stkg/id/platform_K2BlackPanther
http://example.org/stkg/id/obs_rel_T90_K2BlackPanther_20260205T224021Z_230_e_d	http://example.org/stkg/relationType	http://example.org/stkg/id/relation_behind_of
http://example.org/stkg/id/obs_rel_T90_K2BlackPanther_20260205T224021Z_230_e_d	http://example.org/stkg/time	"2026-02-05T22:40:21Z"^^<http://www.w3.org/2001/XMLSchema#dateTime>
http://example.org/stkg/id/obs_rel_BTR80_T90_20260205T224021Z_230_c_e	http://www.w3.org/1999/02/22-rdf-syntax-ns#type	http://example.org/stkg/id/SpatialRelationObservation
http://example.org/stkg/id/obs_rel_BTR80_T90_20260205T224021Z_230_c_e	http://example.org/stkg/subjectEntity	http://example.org/stkg/id/platform_BTR80
http://example.org/stkg/id/obs_rel_BTR80_T90_20260205T224021Z_230_c_e	http://example.org/stkg/objectEntity	http://example.org/stkg/id/platform_T90
http://example.org/stkg/id/obs_rel_BTR80_T90_20260205T224021Z_230_c_e	http://example.org/stkg/relationType	http://example.org/stkg/id/relation_behind_of
http://example.org/stkg/id/obs_rel_BTR80_T90_20260205T224021Z_230_c_e	http://example.org/stkg/time	"2026-02-05T22:40:21Z"^^<http://www.w3.org/2001/XMLSchema#dateTime>
http://example.org/stkg/id/obs_rel_T90_BTR80_20260205T224021Z_230_e_c	http://www.w3.org/1999/02/22-rdf-syntax-ns#type	http://example.org/stkg/id/SpatialRelationObservation
http://example.org/stkg/id/obs_rel_T90_BTR80_20260205T224021Z_230_e_c	http://example.org/stkg/subjectEntity	http://example.org/stkg/id/platform_T90
http://example.org/stkg/id/obs_rel_T90_BTR80_20260205T224021Z_230_e_c	http://example.org/stkg/objectEntity	http://example.org/stkg/id/platform_BTR80
http://example.org/stkg/id/obs_rel_T90_BTR80_20260205T224021Z_230_e_c	http://example.org/stkg/relationType	http://example.org/stkg/id/relation_ahead_of
http://example.org/stkg/id/obs_rel_T90_BTR80_20260205T224021Z_230_e_c	http://example.org/stkg/time	"2026-02-05T22:40:21Z"^^<http://www.w3.org/2001/XMLSchema#dateTime>
http://example.org/stkg/id/obs_rel_BTR80_K2BlackPanther_20260205T224022Z_231_c_d	http://www.w3.org/1999/02/22-rdf-syntax-ns#type	http://example.org/stkg/id/SpatialRelationObservation
http://example.org/stkg/id/obs_rel_BTR80_K2BlackPanther_20260205T224022Z_231_c_d	http://example.org/stkg/subjectEntity	http://example.org/stkg/id/platform_BTR80
http://example.org/stkg/id/obs_rel_BTR80_K2BlackPanther_20260205T224022Z_231_c_d	http://example.org/stkg/objectEntity	http://example.org/stkg/id/platform_K2BlackPanther
http://example.org/stkg/id/obs_rel_BTR80_K2BlackPanther_20260205T224022Z_231_c_d	http://example.org/stkg/relationType	http://example.org/stkg/id/relation_behind_of
http://example.org/stkg/id/obs_rel_BTR80_K2BlackPanther_20260205T224022Z_231_c_d	http://example.org/stkg/time	"2026-02-05T22:40:22Z"^^<http://www.w3.org/2001/XMLSchema#dateTime>
http://example.org/stkg/id/obs_rel_K2BlackPanther_BTR80_20260205T224022Z_231_d_c	http://www.w3.org/1999/02/22-rdf-syntax-ns#type	http://example.org/stkg/id/SpatialRelationObservation
http://example.org/stkg/id/obs_rel_K2BlackPanther_BTR80_20260205T224022Z_231_d_c	http://example.org/stkg/subjectEntity	http://example.org/stkg/id/platform_K2BlackPanther
http://example.org/stkg/id/obs_rel_K2BlackPanther_BTR80_20260205T224022Z_231_d_c	http://example.org/stkg/objectEntity	http://example.org/stkg/id/platform_BTR80
http://example.org/stkg/id/obs_rel_K2BlackPanther_BTR80_20260205T224022Z_231_d_c	http://example.org/stkg/relationType	http://example.org/stkg/id/relation_ahead_of
http://example.org/stkg/id/obs_rel_K2BlackPanther_BTR80_20260205T224022Z_231_d_c	http://example.org/stkg/time	"2026-02-05T22:40:22Z"^^<http://www.w3.org/2001/XMLSchema#dateTime>
http://example.org/stkg/id/obs_rel_K2BlackPanther_T90_20260205T224022Z_231_d_e	http://www.w3.org/1999/02/22-rdf-syntax-ns#type	http://example.org/stkg/id/SpatialRelationObservation
http://example.org/stkg/id/obs_rel_K2BlackPanther_T90_20260205T224022Z_231_d_e	http://example.org/stkg/subjectEntity	http://example.org/stkg/id/platform_K2BlackPanther
http://example.org/stkg/id/obs_rel_K2BlackPanther_T90_20260205T224022Z_231_d_e	http://example.org/stkg/objectEntity	http://example.org/stkg/id/platform_T90
http://example.org/stkg/id/obs_rel_K2BlackPanther_T90_20260205T224022Z_231_d_e	http://example.org/stkg/relationType	http://example.org/stkg/id/relation_ahead_of
http://example.org/stkg/id/obs_rel_K2BlackPanther_T90_20260205T224022Z_231_d_e	http://example.org/stkg/time	"2026-02-05T22:40:22Z"^^<http://www.w3.org/2001/XMLSchema#dateTime>
http://example.org/stkg/id/obs_rel_T90_K2BlackPanther_20260205T224022Z_231_e_d	http://www.w3.org/1999/02/22-rdf-syntax-ns#type	http://example.org/stkg/id/SpatialRelationObservation
http://example.org/stkg/id/obs_rel_T90_K2BlackPanther_20260205T224022Z_231_e_d	http://example.org/stkg/subjectEntity	http://example.org/stkg/id/platform_T90
http://example.org/stkg/id/obs_rel_T90_K2BlackPanther_20260205T224022Z_231_e_d	http://example.org/stkg/objectEntity	http://example.org/stkg/id/platform_K2BlackPanther
http://example.org/stkg/id/obs_rel_T90_K2BlackPanther_20260205T224022Z_231_e_d	http://example.org/stkg/relationType	http://example.org/stkg/id/relation_behind_of
http://example.org/stkg/id/obs_rel_T90_K2BlackPanther_20260205T224022Z_231_e_d	http://example.org/stkg/time	"2026-02-05T22:40:22Z"^^<http://www.w3.org/2001/XMLSchema#dateTime>
http://example.org/stkg/id/obs_rel_BTR80_T90_20260205T224022Z_231_c_e	http://www.w3.org/1999/02/22-rdf-syntax-ns#type	http://example.org/stkg/id/SpatialRelationObservation
http://example.org/stkg/id/obs_rel_BTR80_T90_20260205T224022Z_231_c_e	http://example.org/stkg/subjectEntity	http://example.org/stkg/id/platform_BTR80
http://example.org/stkg/id/obs_rel_BTR80_T90_20260205T224022Z_231_c_e	http://example.org/stkg/objectEntity	http://example.org/stkg/id/platform_T90
http://example.org/stkg/id/obs_rel_BTR80_T90_20260205T224022Z_231_c_e	http://example.org/stkg/relationType	http://example.org/stkg/id/relation_behind_of
http://example.org/stkg/id/obs_rel_BTR80_T90_20260205T224022Z_231_c_e	http://example.org/stkg/time	"2026-02-05T22:40:22Z"^^<http://www.w3.org/2001/XMLSchema#dateTime>
http://example.org/stkg/id/obs_rel_T90_BTR80_20260205T224022Z_231_e_c	http://www.w3.org/1999/02/22-rdf-syntax-ns#type	http://example.org/stkg/id/SpatialRelationObservation
http://example.org/stkg/id/obs_rel_T90_BTR80_20260205T224022Z_231_e_c	http://example.org/stkg/subjectEntity	http://example.org/stkg/id/platform_T90
http://example.org/stkg/id/obs_rel_T90_BTR80_20260205T224022Z_231_e_c	http://example.org/stkg/objectEntity	http://example.org/stkg/id/platform_BTR80
http://example.org/stkg/id/obs_rel_T90_BTR80_20260205T224022Z_231_e_c	http://example.org/stkg/relationType	http://example.org/stkg/id/relation_ahead_of
http://example.org/stkg/id/obs_rel_T90_BTR80_20260205T224022Z_231_e_c	http://example.org/stkg/time	"2026-02-05T22:40:22Z"^^<http://www.w3.org/2001/XMLSchema#dateTime>
http://example.org/stkg/id/obs_rel_BTR80_K2BlackPanther_20260205T224023Z_232_c_d	http://www.w3.org/1999/02/22-rdf-syntax-ns#type	http://example.org/stkg/id/SpatialRelationObservation
http://example.org/stkg/id/obs_rel_BTR80_K2BlackPanther_20260205T224023Z_232_c_d	http://example.org/stkg/subjectEntity	http://example.org/stkg/id/platform_BTR80
http://example.org/stkg/id/obs_rel_BTR80_K2BlackPanther_20260205T224023Z_232_c_d	http://example.org/stkg/objectEntity	http://example.org/stkg/id/platform_K2BlackPanther
http://example.org/stkg/id/obs_rel_BTR80_K2BlackPanther_20260205T224023Z_232_c_d	http://example.org/stkg/relationType	http://example.org/stkg/id/relation_behind_of
http://example.org/stkg/id/obs_rel_BTR80_K2BlackPanther_20260205T224023Z_232_c_d	http://example.org/stkg/time	"2026-02-05T22:40:23Z"^^<http://www.w3.org/2001/XMLSchema#dateTime>
http://example.org/stkg/id/obs_rel_K2BlackPanther_BTR80_20260205T224023Z_232_d_c	http://www.w3.org/1999/02/22-rdf-syntax-ns#type	http://example.org/stkg/id/SpatialRelationObservation
http://example.org/stkg/id/obs_rel_K2BlackPanther_BTR80_20260205T224023Z_232_d_c	http://example.org/stkg/subjectEntity	http://example.org/stkg/id/platform_K2BlackPanther
http://example.org/stkg/id/obs_rel_K2BlackPanther_BTR80_20260205T224023Z_232_d_c	http://example.org/stkg/objectEntity	http://example.org/stkg/id/platform_BTR80
http://example.org/stkg/id/obs_rel_K2BlackPanther_BTR80_20260205T224023Z_232_d_c	http://example.org/stkg/relationType	http://example.org/stkg/id/relation_ahead_of
http://example.org/stkg/id/obs_rel_K2BlackPanther_BTR80_20260205T224023Z_232_d_c	http://example.org/stkg/time	"2026-02-05T22:40:23Z"^^<http://www.w3.org/2001/XMLSchema#dateTime>
http://example.org/stkg/id/obs_rel_K2BlackPanther_T90_20260205T224023Z_232_d_e	http://www.w3.org/1999/02/22-rdf-syntax-ns#type	http://example.org/stkg/id/SpatialRelationObservation
http://example.org/stkg/id/obs_rel_K2BlackPanther_T90_20260205T224023Z_232_d_e	http://example.org/stkg/subjectEntity	http://example.org/stkg/id/platform_K2BlackPanther
http://example.org/stkg/id/obs_rel_K2BlackPanther_T90_20260205T224023Z_232_d_e	http://example.org/stkg/objectEntity	http://example.org/stkg/id/platform_T90
http://example.org/stkg/id/obs_rel_K2BlackPanther_T90_20260205T224023Z_232_d_e	http://example.org/stkg/relationType	http://example.org/stkg/id/relation_ahead_of
http://example.org/stkg/id/obs_rel_K2BlackPanther_T90_20260205T224023Z_232_d_e	http://example.org/stkg/time	"2026-02-05T22:40:23Z"^^<http://www.w3.org/2001/XMLSchema#dateTime>
http://example.org/stkg/id/obs_rel_T90_K2BlackPanther_20260205T224023Z_232_e_d	http://www.w3.org/1999/02/22-rdf-syntax-ns#type	http://example.org/stkg/id/SpatialRelationObservation
http://example.org/stkg/id/obs_rel_T90_K2BlackPanther_20260205T224023Z_232_e_d	http://example.org/stkg/subjectEntity	http://example.org/stkg/id/platform_T90
http://example.org/stkg/id/obs_rel_T90_K2BlackPanther_20260205T224023Z_232_e_d	http://example.org/stkg/objectEntity	http://example.org/stkg/id/platform_K2BlackPanther
http://example.org/stkg/id/obs_rel_T90_K2BlackPanther_20260205T224023Z_232_e_d	http://example.org/stkg/relationType	http://example.org/stkg/id/relation_behind_of
http://example.org/stkg/id/obs_rel_T90_K2BlackPanther_20260205T224023Z_232_e_d	http://example.org/stkg/time	"2026-02-05T22:40:23Z"^^<http://www.w3.org/2001/XMLSchema#dateTime>
http://example.org/stkg/id/obs_rel_BTR80_T90_20260205T224023Z_232_c_e	http://www.w3.org/1999/02/22-rdf-syntax-ns#type	http://example.org/stkg/id/SpatialRelationObservation
http://example.org/stkg/id/obs_rel_BTR80_T90_20260205T224023Z_232_c_e	http://example.org/stkg/subjectEntity	http://example.org/stkg/id/platform_BTR80
http://example.org/stkg/id/obs_rel_BTR80_T90_20260205T224023Z_232_c_e	http://example.org/stkg/objectEntity	http://example.org/stkg/id/platform_T90
http://example.org/stkg/id/obs_rel_BTR80_T90_20260205T224023Z_232_c_e	http://example.org/stkg/relationType	http://example.org/stkg/id/relation_behind_of
http://example.org/stkg/id/obs_rel_BTR80_T90_20260205T224023Z_232_c_e	http://example.org/stkg/time	"2026-02-05T22:40:23Z"^^<http://www.w3.org/2001/XMLSchema#dateTime>
http://example.org/stkg/id/obs_rel_T90_BTR80_20260205T224023Z_232_e_c	http://www.w3.org/1999/02/22-rdf-syntax-ns#type	http://example.org/stkg/id/SpatialRelationObservation
http://example.org/stkg/id/obs_rel_T90_BTR80_20260205T224023Z_232_e_c	http://example.org/stkg/subjectEntity	http://example.org/stkg/id/platform_T90
http://example.org/stkg/id/obs_rel_T90_BTR80_20260205T224023Z_232_e_c	http://example.org/stkg/objectEntity	http://example.org/stkg/id/platform_BTR80
http://example.org/stkg/id/obs_rel_T90_BTR80_20260205T224023Z_232_e_c	http://example.org/stkg/relationType	http://example.org/stkg/id/relation_ahead_of
http://example.org/stkg/id/obs_rel_T90_BTR80_20260205T224023Z_232_e_c	http://example.org/stkg/time	"2026-02-05T22:40:23Z"^^<http://www.w3.org/2001/XMLSchema#dateTime>
http://example.org/stkg/id/obs_rel_BTR80_K2BlackPanther_20260205T224024Z_233_c_d	http://www.w3.org/1999/02/22-rdf-syntax-ns#type	http://example.org/stkg/id/SpatialRelationObservation
http://example.org/stkg/id/obs_rel_BTR80_K2BlackPanther_20260205T224024Z_233_c_d	http://example.org/stkg/subjectEntity	http://example.org/stkg/id/platform_BTR80
http://example.org/stkg/id/obs_rel_BTR80_K2BlackPanther_20260205T224024Z_233_c_d	http://example.org/stkg/objectEntity	http://example.org/stkg/id/platform_K2BlackPanther
http://example.org/stkg/id/obs_rel_BTR80_K2BlackPanther_20260205T224024Z_233_c_d	http://example.org/stkg/relationType	http://example.org/stkg/id/relation_behind_of
http://example.org/stkg/id/obs_rel_BTR80_K2BlackPanther_20260205T224024Z_233_c_d	http://example.org/stkg/time	"2026-02-05T22:40:24Z"^^<http://www.w3.org/2001/XMLSchema#dateTime>
http://example.org/stkg/id/obs_rel_K2BlackPanther_BTR80_20260205T224024Z_233_d_c	http://www.w3.org/1999/02/22-rdf-syntax-ns#type	http://example.org/stkg/id/SpatialRelationObservation
http://example.org/stkg/id/obs_rel_K2BlackPanther_BTR80_20260205T224024Z_233_d_c	http://example.org/stkg/subjectEntity	http://example.org/stkg/id/platform_K2BlackPanther
http://example.org/stkg/id/obs_rel_K2BlackPanther_BTR80_20260205T224024Z_233_d_c	http://example.org/stkg/objectEntity	http://example.org/stkg/id/platform_BTR80
http://example.org/stkg/id/obs_rel_K2BlackPanther_BTR80_20260205T224024Z_233_d_c	http://example.org/stkg/relationType	http://example.org/stkg/id/relation_ahead_of
http://example.org/stkg/id/obs_rel_K2BlackPanther_BTR80_20260205T224024Z_233_d_c	http://example.org/stkg/time	"2026-02-05T22:40:24Z"^^<http://www.w3.org/2001/XMLSchema#dateTime>
http://example.org/stkg/id/obs_rel_K2BlackPanther_T90_20260205T224024Z_233_d_e	http://www.w3.org/1999/02/22-rdf-syntax-ns#type	http://example.org/stkg/id/SpatialRelationObservation
http://example.org/stkg/id/obs_rel_K2BlackPanther_T90_20260205T224024Z_233_d_e	http://example.org/stkg/subjectEntity	http://example.org/stkg/id/platform_K2BlackPanther
http://example.org/stkg/id/obs_rel_K2BlackPanther_T90_20260205T224024Z_233_d_e	http://example.org/stkg/objectEntity	http://example.org/stkg/id/platform_T90
http://example.org/stkg/id/obs_rel_K2BlackPanther_T90_20260205T224024Z_233_d_e	http://example.org/stkg/relationType	http://example.org/stkg/id/relation_ahead_of
http://example.org/stkg/id/obs_rel_K2BlackPanther_T90_20260205T224024Z_233_d_e	http://example.org/stkg/time	"2026-02-05T22:40:24Z"^^<http://www.w3.org/2001/XMLSchema#dateTime>
http://example.org/stkg/id/obs_rel_T90_K2BlackPanther_20260205T224024Z_233_e_d	http://www.w3.org/1999/02/22-rdf-syntax-ns#type	http://example.org/stkg/id/SpatialRelationObservation
http://example.org/stkg/id/obs_rel_T90_K2BlackPanther_20260205T224024Z_233_e_d	http://example.org/stkg/subjectEntity	http://example.org/stkg/id/platform_T90
http://example.org/stkg/id/obs_rel_T90_K2BlackPanther_20260205T224024Z_233_e_d	http://example.org/stkg/objectEntity	http://example.org/stkg/id/platform_K2BlackPanther
http://example.org/stkg/id/obs_rel_T90_K2BlackPanther_20260205T224024Z_233_e_d	http://example.org/stkg/relationType	http://example.org/stkg/id/relation_behind_of
http://example.org/stkg/id/obs_rel_T90_K2BlackPanther_20260205T224024Z_233_e_d	http://example.org/stkg/time	"2026-02-05T22:40:24Z"^^<http://www.w3.org/2001/XMLSchema#dateTime>
http://example.org/stkg/id/obs_rel_BTR80_T90_20260205T224024Z_233_c_e	http://www.w3.org/1999/02/22-rdf-syntax-ns#type	http://example.org/stkg/id/SpatialRelationObservation
http://example.org/stkg/id/obs_rel_BTR80_T90_20260205T224024Z_233_c_e	http://example.org/stkg/subjectEntity	http://example.org/stkg/id/platform_BTR80
http://example.org/stkg/id/obs_rel_BTR80_T90_20260205T224024Z_233_c_e	http://example.org/stkg/objectEntity	http://example.org/stkg/id/platform_T90
http://example.org/stkg/id/obs_rel_BTR80_T90_20260205T224024Z_233_c_e	http://example.org/stkg/relationType	http://example.org/stkg/id/relation_behind_of
http://example.org/stkg/id/obs_rel_BTR80_T90_20260205T224024Z_233_c_e	http://example.org/stkg/time	"2026-02-05T22:40:24Z"^^<http://www.w3.org/2001/XMLSchema#dateTime>
http://example.org/stkg/id/obs_rel_T90_BTR80_20260205T224024Z_233_e_c	http://www.w3.org/1999/02/22-rdf-syntax-ns#type	http://example.org/stkg/id/SpatialRelationObservation
http://example.org/stkg/id/obs_rel_T90_BTR80_20260205T224024Z_233_e_c	http://example.org/stkg/subjectEntity	http://example.org/stkg/id/platform_T90
http://example.org/stkg/id/obs_rel_T90_BTR80_20260205T224024Z_233_e_c	http://example.org/stkg/objectEntity	http://example.org/stkg/id/platform_BTR80
http://example.org/stkg/id/obs_rel_T90_BTR80_20260205T224024Z_233_e_c	http://example.org/stkg/relationType	http://example.org/stkg/id/relation_ahead_of
http://example.org/stkg/id/obs_rel_T90_BTR80_20260205T224024Z_233_e_c	http://example.org/stkg/time	"2026-02-05T22:40:24Z"^^<http://www.w3.org/2001/XMLSchema#dateTime>
http://example.org/stkg/id/obs_rel_BTR80_K2BlackPanther_20260205T224025Z_234_c_d	http://www.w3.org/1999/02/22-rdf-syntax-ns#type	http://example.org/stkg/id/SpatialRelationObservation
http://example.org/stkg/id/obs_rel_BTR80_K2BlackPanther_20260205T224025Z_234_c_d	http://example.org/stkg/subjectEntity	http://example.org/stkg/id/platform_BTR80
http://example.org/stkg/id/obs_rel_BTR80_K2BlackPanther_20260205T224025Z_234_c_d	http://example.org/stkg/objectEntity	http://example.org/stkg/id/platform_K2BlackPanther
http://example.org/stkg/id/obs_rel_BTR80_K2BlackPanther_20260205T224025Z_234_c_d	http://example.org/stkg/relationType	http://example.org/stkg/id/relation_behind_of
http://example.org/stkg/id/obs_rel_BTR80_K2BlackPanther_20260205T224025Z_234_c_d	http://example.org/stkg/time	"2026-02-05T22:40:25Z"^^<http://www.w3.org/2001/XMLSchema#dateTime>
http://example.org/stkg/id/obs_rel_K2BlackPanther_BTR80_20260205T224025Z_234_d_c	http://www.w3.org/1999/02/22-rdf-syntax-ns#type	http://example.org/stkg/id/SpatialRelationObservation
http://example.org/stkg/id/obs_rel_K2BlackPanther_BTR80_20260205T224025Z_234_d_c	http://example.org/stkg/subjectEntity	http://example.org/stkg/id/platform_K2BlackPanther
http://example.org/stkg/id/obs_rel_K2BlackPanther_BTR80_20260205T224025Z_234_d_c	http://example.org/stkg/objectEntity	http://example.org/stkg/id/platform_BTR80
http://example.org/stkg/id/obs_rel_K2BlackPanther_BTR80_20260205T224025Z_234_d_c	http://example.org/stkg/relationType	http://example.org/stkg/id/relation_ahead_of
http://example.org/stkg/id/obs_rel_K2BlackPanther_BTR80_20260205T224025Z_234_d_c	http://example.org/stkg/time	"2026-02-05T22:40:25Z"^^<http://www.w3.org/2001/XMLSchema#dateTime>
http://example.org/stkg/id/obs_rel_K2BlackPanther_T90_20260205T224025Z_234_d_e	http://www.w3.org/1999/02/22-rdf-syntax-ns#type	http://example.org/stkg/id/SpatialRelationObservation
http://example.org/stkg/id/obs_rel_K2BlackPanther_T90_20260205T224025Z_234_d_e	http://example.org/stkg/subjectEntity	http://example.org/stkg/id/platform_K2BlackPanther
http://example.org/stkg/id/obs_rel_K2BlackPanther_T90_20260205T224025Z_234_d_e	http://example.org/stkg/objectEntity	http://example.org/stkg/id/platform_T90
http://example.org/stkg/id/obs_rel_K2BlackPanther_T90_20260205T224025Z_234_d_e	http://example.org/stkg/relationType	http://example.org/stkg/id/relation_ahead_of
http://example.org/stkg/id/obs_rel_K2BlackPanther_T90_20260205T224025Z_234_d_e	http://example.org/stkg/time	"2026-02-05T22:40:25Z"^^<http://www.w3.org/2001/XMLSchema#dateTime>
http://example.org/stkg/id/obs_rel_T90_K2BlackPanther_20260205T224025Z_234_e_d	http://www.w3.org/1999/02/22-rdf-syntax-ns#type	http://example.org/stkg/id/SpatialRelationObservation
http://example.org/stkg/id/obs_rel_T90_K2BlackPanther_20260205T224025Z_234_e_d	http://example.org/stkg/subjectEntity	http://example.org/stkg/id/platform_T90
http://example.org/stkg/id/obs_rel_T90_K2BlackPanther_20260205T224025Z_234_e_d	http://example.org/stkg/objectEntity	http://example.org/stkg/id/platform_K2BlackPanther
http://example.org/stkg/id/obs_rel_T90_K2BlackPanther_20260205T224025Z_234_e_d	http://example.org/stkg/relationType	http://example.org/stkg/id/relation_behind_of
http://example.org/stkg/id/obs_rel_T90_K2BlackPanther_20260205T224025Z_234_e_d	http://example.org/stkg/time	"2026-02-05T22:40:25Z"^^<http://www.w3.org/2001/XMLSchema#dateTime>
http://example.org/stkg/id/obs_rel_BTR80_T90_20260205T224025Z_234_c_e	http://www.w3.org/1999/02/22-rdf-syntax-ns#type	http://example.org/stkg/id/SpatialRelationObservation
http://example.org/stkg/id/obs_rel_BTR80_T90_20260205T224025Z_234_c_e	http://example.org/stkg/subjectEntity	http://example.org/stkg/id/platform_BTR80
http://example.org/stkg/id/obs_rel_BTR80_T90_20260205T224025Z_234_c_e	http://example.org/stkg/objectEntity	http://example.org/stkg/id/platform_T90
http://example.org/stkg/id/obs_rel_BTR80_T90_20260205T224025Z_234_c_e	http://example.org/stkg/relationType	http://example.org/stkg/id/relation_behind_of
http://example.org/stkg/id/obs_rel_BTR80_T90_20260205T224025Z_234_c_e	http://example.org/stkg/time	"2026-02-05T22:40:25Z"^^<http://www.w3.org/2001/XMLSchema#dateTime>
http://example.org/stkg/id/obs_rel_T90_BTR80_20260205T224025Z_234_e_c	http://www.w3.org/1999/02/22-rdf-syntax-ns#type	http://example.org/stkg/id/SpatialRelationObservation
http://example.org/stkg/id/obs_rel_T90_BTR80_20260205T224025Z_234_e_c	http://example.org/stkg/subjectEntity	http://example.org/stkg/id/platform_T90
http://example.org/stkg/id/obs_rel_T90_BTR80_20260205T224025Z_234_e_c	http://example.org/stkg/objectEntity	http://example.org/stkg/id/platform_BTR80
http://example.org/stkg/id/obs_rel_T90_BTR80_20260205T224025Z_234_e_c	http://example.org/stkg/relationType	http://example.org/stkg/id/relation_ahead_of
http://example.org/stkg/id/obs_rel_T90_BTR80_20260205T224025Z_234_e_c	http://example.org/stkg/time	"2026-02-05T22:40:25Z"^^<http://www.w3.org/2001/XMLSchema#dateTime>
http://example.org/stkg/id/obs_rel_BTR80_K2BlackPanther_20260205T224026Z_235_c_d	http://www.w3.org/1999/02/22-rdf-syntax-ns#type	http://example.org/stkg/id/SpatialRelationObservation
http://example.org/stkg/id/obs_rel_BTR80_K2BlackPanther_20260205T224026Z_235_c_d	http://example.org/stkg/subjectEntity	http://example.org/stkg/id/platform_BTR80
http://example.org/stkg/id/obs_rel_BTR80_K2BlackPanther_20260205T224026Z_235_c_d	http://example.org/stkg/objectEntity	http://example.org/stkg/id/platform_K2BlackPanther
http://example.org/stkg/id/obs_rel_BTR80_K2BlackPanther_20260205T224026Z_235_c_d	http://example.org/stkg/relationType	http://example.org/stkg/id/relation_behind_of
http://example.org/stkg/id/obs_rel_BTR80_K2BlackPanther_20260205T224026Z_235_c_d	http://example.org/stkg/time	"2026-02-05T22:40:26Z"^^<http://www.w3.org/2001/XMLSchema#dateTime>
http://example.org/stkg/id/obs_rel_K2BlackPanther_BTR80_20260205T224026Z_235_d_c	http://www.w3.org/1999/02/22-rdf-syntax-ns#type	http://example.org/stkg/id/SpatialRelationObservation
http://example.org/stkg/id/obs_rel_K2BlackPanther_BTR80_20260205T224026Z_235_d_c	http://example.org/stkg/subjectEntity	http://example.org/stkg/id/platform_K2BlackPanther
http://example.org/stkg/id/obs_rel_K2BlackPanther_BTR80_20260205T224026Z_235_d_c	http://example.org/stkg/objectEntity	http://example.org/stkg/id/platform_BTR80
http://example.org/stkg/id/obs_rel_K2BlackPanther_BTR80_20260205T224026Z_235_d_c	http://example.org/stkg/relationType	http://example.org/stkg/id/relation_ahead_of
http://example.org/stkg/id/obs_rel_K2BlackPanther_BTR80_20260205T224026Z_235_d_c	http://example.org/stkg/time	"2026-02-05T22:40:26Z"^^<http://www.w3.org/2001/XMLSchema#dateTime>
http://example.org/stkg/id/obs_rel_K2BlackPanther_T90_20260205T224026Z_235_d_e	http://www.w3.org/1999/02/22-rdf-syntax-ns#type	http://example.org/stkg/id/SpatialRelationObservation
http://example.org/stkg/id/obs_rel_K2BlackPanther_T90_20260205T224026Z_235_d_e	http://example.org/stkg/subjectEntity	http://example.org/stkg/id/platform_K2BlackPanther
http://example.org/stkg/id/obs_rel_K2BlackPanther_T90_20260205T224026Z_235_d_e	http://example.org/stkg/objectEntity	http://example.org/stkg/id/platform_T90
http://example.org/stkg/id/obs_rel_K2BlackPanther_T90_20260205T224026Z_235_d_e	http://example.org/stkg/relationType	http://example.org/stkg/id/relation_ahead_of
http://example.org/stkg/id/obs_rel_K2BlackPanther_T90_20260205T224026Z_235_d_e	http://example.org/stkg/time	"2026-02-05T22:40:26Z"^^<http://www.w3.org/2001/XMLSchema#dateTime>
http://example.org/stkg/id/obs_rel_T90_K2BlackPanther_20260205T224026Z_235_e_d	http://www.w3.org/1999/02/22-rdf-syntax-ns#type	http://example.org/stkg/id/SpatialRelationObservation
http://example.org/stkg/id/obs_rel_T90_K2BlackPanther_20260205T224026Z_235_e_d	http://example.org/stkg/subjectEntity	http://example.org/stkg/id/platform_T90
http://example.org/stkg/id/obs_rel_T90_K2BlackPanther_20260205T224026Z_235_e_d	http://example.org/stkg/objectEntity	http://example.org/stkg/id/platform_K2BlackPanther
http://example.org/stkg/id/obs_rel_T90_K2BlackPanther_20260205T224026Z_235_e_d	http://example.org/stkg/relationType	http://example.org/stkg/id/relation_behind_of
http://example.org/stkg/id/obs_rel_T90_K2BlackPanther_20260205T224026Z_235_e_d	http://example.org/stkg/time	"2026-02-05T22:40:26Z"^^<http://www.w3.org/2001/XMLSchema#dateTime>
http://example.org/stkg/id/obs_rel_BTR80_T90_20260205T224026Z_235_c_e	http://www.w3.org/1999/02/22-rdf-syntax-ns#type	http://example.org/stkg/id/SpatialRelationObservation
http://example.org/stkg/id/obs_rel_BTR80_T90_20260205T224026Z_235_c_e	http://example.org/stkg/subjectEntity	http://example.org/stkg/id/platform_BTR80
http://example.org/stkg/id/obs_rel_BTR80_T90_20260205T224026Z_235_c_e	http://example.org/stkg/objectEntity	http://example.org/stkg/id/platform_T90
http://example.org/stkg/id/obs_rel_BTR80_T90_20260205T224026Z_235_c_e	http://example.org/stkg/relationType	http://example.org/stkg/id/relation_behind_of
http://example.org/stkg/id/obs_rel_BTR80_T90_20260205T224026Z_235_c_e	http://example.org/stkg/time	"2026-02-05T22:40:26Z"^^<http://www.w3.org/2001/XMLSchema#dateTime>
http://example.org/stkg/id/obs_rel_T90_BTR80_20260205T224026Z_235_e_c	http://www.w3.org/1999/02/22-rdf-syntax-ns#type	http://example.org/stkg/id/SpatialRelationObservation
http://example.org/stkg/id/obs_rel_T90_BTR80_20260205T224026Z_235_e_c	http://example.org/stkg/subjectEntity	http://example.org/stkg/id/platform_T90
http://example.org/stkg/id/obs_rel_T90_BTR80_20260205T224026Z_235_e_c	http://example.org/stkg/objectEntity	http://example.org/stkg/id/platform_BTR80
http://example.org/stkg/id/obs_rel_T90_BTR80_20260205T224026Z_235_e_c	http://example.org/stkg/relationType	http://example.org/stkg/id/relation_ahead_of
http://example.org/stkg/id/obs_rel_T90_BTR80_20260205T224026Z_235_e_c	http://example.org/stkg/time	"2026-02-05T22:40:26Z"^^<http://www.w3.org/2001/XMLSchema#dateTime>
http://example.org/stkg/id/obs_rel_BTR80_K2BlackPanther_20260205T224027Z_236_c_d	http://www.w3.org/1999/02/22-rdf-syntax-ns#type	http://example.org/stkg/id/SpatialRelationObservation
http://example.org/stkg/id/obs_rel_BTR80_K2BlackPanther_20260205T224027Z_236_c_d	http://example.org/stkg/subjectEntity	http://example.org/stkg/id/platform_BTR80
http://example.org/stkg/id/obs_rel_BTR80_K2BlackPanther_20260205T224027Z_236_c_d	http://example.org/stkg/objectEntity	http://example.org/stkg/id/platform_K2BlackPanther
http://example.org/stkg/id/obs_rel_BTR80_K2BlackPanther_20260205T224027Z_236_c_d	http://example.org/stkg/relationType	http://example.org/stkg/id/relation_behind_of
http://example.org/stkg/id/obs_rel_BTR80_K2BlackPanther_20260205T224027Z_236_c_d	http://example.org/stkg/time	"2026-02-05T22:40:27Z"^^<http://www.w3.org/2001/XMLSchema#dateTime>
http://example.org/stkg/id/obs_rel_K2BlackPanther_BTR80_20260205T224027Z_236_d_c	http://www.w3.org/1999/02/22-rdf-syntax-ns#type	http://example.org/stkg/id/SpatialRelationObservation
http://example.org/stkg/id/obs_rel_K2BlackPanther_BTR80_20260205T224027Z_236_d_c	http://example.org/stkg/subjectEntity	http://example.org/stkg/id/platform_K2BlackPanther
http://example.org/stkg/id/obs_rel_K2BlackPanther_BTR80_20260205T224027Z_236_d_c	http://example.org/stkg/objectEntity	http://example.org/stkg/id/platform_BTR80
http://example.org/stkg/id/obs_rel_K2BlackPanther_BTR80_20260205T224027Z_236_d_c	http://example.org/stkg/relationType	http://example.org/stkg/id/relation_ahead_of
http://example.org/stkg/id/obs_rel_K2BlackPanther_BTR80_20260205T224027Z_236_d_c	http://example.org/stkg/time	"2026-02-05T22:40:27Z"^^<http://www.w3.org/2001/XMLSchema#dateTime>
http://example.org/stkg/id/obs_rel_K2BlackPanther_T90_20260205T224027Z_236_d_e	http://www.w3.org/1999/02/22-rdf-syntax-ns#type	http://example.org/stkg/id/SpatialRelationObservation
http://example.org/stkg/id/obs_rel_K2BlackPanther_T90_20260205T224027Z_236_d_e	http://example.org/stkg/subjectEntity	http://example.org/stkg/id/platform_K2BlackPanther
http://example.org/stkg/id/obs_rel_K2BlackPanther_T90_20260205T224027Z_236_d_e	http://example.org/stkg/objectEntity	http://example.org/stkg/id/platform_T90
http://example.org/stkg/id/obs_rel_K2BlackPanther_T90_20260205T224027Z_236_d_e	http://example.org/stkg/relationType	http://example.org/stkg/id/relation_ahead_of
http://example.org/stkg/id/obs_rel_K2BlackPanther_T90_20260205T224027Z_236_d_e	http://example.org/stkg/time	"2026-02-05T22:40:27Z"^^<http://www.w3.org/2001/XMLSchema#dateTime>
http://example.org/stkg/id/obs_rel_T90_K2BlackPanther_20260205T224027Z_236_e_d	http://www.w3.org/1999/02/22-rdf-syntax-ns#type	http://example.org/stkg/id/SpatialRelationObservation
http://example.org/stkg/id/obs_rel_T90_K2BlackPanther_20260205T224027Z_236_e_d	http://example.org/stkg/subjectEntity	http://example.org/stkg/id/platform_T90
http://example.org/stkg/id/obs_rel_T90_K2BlackPanther_20260205T224027Z_236_e_d	http://example.org/stkg/objectEntity	http://example.org/stkg/id/platform_K2BlackPanther
http://example.org/stkg/id/obs_rel_T90_K2BlackPanther_20260205T224027Z_236_e_d	http://example.org/stkg/relationType	http://example.org/stkg/id/relation_behind_of
http://example.org/stkg/id/obs_rel_T90_K2BlackPanther_20260205T224027Z_236_e_d	http://example.org/stkg/time	"2026-02-05T22:40:27Z"^^<http://www.w3.org/2001/XMLSchema#dateTime>
http://example.org/stkg/id/obs_rel_BTR80_T90_20260205T224027Z_236_c_e	http://www.w3.org/1999/02/22-rdf-syntax-ns#type	http://example.org/stkg/id/SpatialRelationObservation
http://example.org/stkg/id/obs_rel_BTR80_T90_20260205T224027Z_236_c_e	http://example.org/stkg/subjectEntity	http://example.org/stkg/id/platform_BTR80
http://example.org/stkg/id/obs_rel_BTR80_T90_20260205T224027Z_236_c_e	http://example.org/stkg/objectEntity	http://example.org/stkg/id/platform_T90
http://example.org/stkg/id/obs_rel_BTR80_T90_20260205T224027Z_236_c_e	http://example.org/stkg/relationType	http://example.org/stkg/id/relation_behind_of
http://example.org/stkg/id/obs_rel_BTR80_T90_20260205T224027Z_236_c_e	http://example.org/stkg/time	"2026-02-05T22:40:27Z"^^<http://www.w3.org/2001/XMLSchema#dateTime>
http://example.org/stkg/id/obs_rel_T90_BTR80_20260205T224027Z_236_e_c	http://www.w3.org/1999/02/22-rdf-syntax-ns#type	http://example.org/stkg/id/SpatialRelationObservation
http://example.org/stkg/id/obs_rel_T90_BTR80_20260205T224027Z_236_e_c	http://example.org/stkg/subjectEntity	http://example.org/stkg/id/platform_T90
http://example.org/stkg/id/obs_rel_T90_BTR80_20260205T224027Z_236_e_c	http://example.org/stkg/objectEntity	http://example.org/stkg/id/platform_BTR80
http://example.org/stkg/id/obs_rel_T90_BTR80_20260205T224027Z_236_e_c	http://example.org/stkg/relationType	http://example.org/stkg/id/relation_ahead_of
http://example.org/stkg/id/obs_rel_T90_BTR80_20260205T224027Z_236_e_c	http://example.org/stkg/time	"2026-02-05T22:40:27Z"^^<http://www.w3.org/2001/XMLSchema#dateTime>
http://example.org/stkg/id/obs_rel_BTR80_K2BlackPanther_20260205T224028Z_237_c_d	http://www.w3.org/1999/02/22-rdf-syntax-ns#type	http://example.org/stkg/id/SpatialRelationObservation
http://example.org/stkg/id/obs_rel_BTR80_K2BlackPanther_20260205T224028Z_237_c_d	http://example.org/stkg/subjectEntity	http://example.org/stkg/id/platform_BTR80
http://example.org/stkg/id/obs_rel_BTR80_K2BlackPanther_20260205T224028Z_237_c_d	http://example.org/stkg/objectEntity	http://example.org/stkg/id/platform_K2BlackPanther
http://example.org/stkg/id/obs_rel_BTR80_K2BlackPanther_20260205T224028Z_237_c_d	http://example.org/stkg/relationType	http://example.org/stkg/id/relation_behind_of
http://example.org/stkg/id/obs_rel_BTR80_K2BlackPanther_20260205T224028Z_237_c_d	http://example.org/stkg/time	"2026-02-05T22:40:28Z"^^<http://www.w3.org/2001/XMLSchema#dateTime>
http://example.org/stkg/id/obs_rel_K2BlackPanther_BTR80_20260205T224028Z_237_d_c	http://www.w3.org/1999/02/22-rdf-syntax-ns#type	http://example.org/stkg/id/SpatialRelationObservation
http://example.org/stkg/id/obs_rel_K2BlackPanther_BTR80_20260205T224028Z_237_d_c	http://example.org/stkg/subjectEntity	http://example.org/stkg/id/platform_K2BlackPanther
http://example.org/stkg/id/obs_rel_K2BlackPanther_BTR80_20260205T224028Z_237_d_c	http://example.org/stkg/objectEntity	http://example.org/stkg/id/platform_BTR80
http://example.org/stkg/id/obs_rel_K2BlackPanther_BTR80_20260205T224028Z_237_d_c	http://example.org/stkg/relationType	http://example.org/stkg/id/relation_ahead_of
http://example.org/stkg/id/obs_rel_K2BlackPanther_BTR80_20260205T224028Z_237_d_c	http://example.org/stkg/time	"2026-02-05T22:40:28Z"^^<http://www.w3.org/2001/XMLSchema#dateTime>
http://example.org/stkg/id/obs_rel_K2BlackPanther_T90_20260205T224028Z_237_d_e	http://www.w3.org/1999/02/22-rdf-syntax-ns#type	http://example.org/stkg/id/SpatialRelationObservation
http://example.org/stkg/id/obs_rel_K2BlackPanther_T90_20260205T224028Z_237_d_e	http://example.org/stkg/subjectEntity	http://example.org/stkg/id/platform_K2BlackPanther
http://example.org/stkg/id/obs_rel_K2BlackPanther_T90_20260205T224028Z_237_d_e	http://example.org/stkg/objectEntity	http://example.org/stkg/id/platform_T90
http://example.org/stkg/id/obs_rel_K2BlackPanther_T90_20260205T224028Z_237_d_e	http://example.org/stkg/relationType	http://example.org/stkg/id/relation_ahead_of
http://example.org/stkg/id/obs_rel_K2BlackPanther_T90_20260205T224028Z_237_d_e	http://example.org/stkg/time	"2026-02-05T22:40:28Z"^^<http://www.w3.org/2001/XMLSchema#dateTime>
http://example.org/stkg/id/obs_rel_T90_K2BlackPanther_20260205T224028Z_237_e_d	http://www.w3.org/1999/02/22-rdf-syntax-ns#type	http://example.org/stkg/id/SpatialRelationObservation
http://example.org/stkg/id/obs_rel_T90_K2BlackPanther_20260205T224028Z_237_e_d	http://example.org/stkg/subjectEntity	http://example.org/stkg/id/platform_T90
http://example.org/stkg/id/obs_rel_T90_K2BlackPanther_20260205T224028Z_237_e_d	http://example.org/stkg/objectEntity	http://example.org/stkg/id/platform_K2BlackPanther
http://example.org/stkg/id/obs_rel_T90_K2BlackPanther_20260205T224028Z_237_e_d	http://example.org/stkg/relationType	http://example.org/stkg/id/relation_behind_of
http://example.org/stkg/id/obs_rel_T90_K2BlackPanther_20260205T224028Z_237_e_d	http://example.org/stkg/time	"2026-02-05T22:40:28Z"^^<http://www.w3.org/2001/XMLSchema#dateTime>
http://example.org/stkg/id/obs_rel_BTR80_T90_20260205T224028Z_237_c_e	http://www.w3.org/1999/02/22-rdf-syntax-ns#type	http://example.org/stkg/id/SpatialRelationObservation
http://example.org/stkg/id/obs_rel_BTR80_T90_20260205T224028Z_237_c_e	http://example.org/stkg/subjectEntity	http://example.org/stkg/id/platform_BTR80
http://example.org/stkg/id/obs_rel_BTR80_T90_20260205T224028Z_237_c_e	http://example.org/stkg/objectEntity	http://example.org/stkg/id/platform_T90
http://example.org/stkg/id/obs_rel_BTR80_T90_20260205T224028Z_237_c_e	http://example.org/stkg/relationType	http://example.org/stkg/id/relation_behind_of
http://example.org/stkg/id/obs_rel_BTR80_T90_20260205T224028Z_237_c_e	http://example.org/stkg/time	"2026-02-05T22:40:28Z"^^<http://www.w3.org/2001/XMLSchema#dateTime>
http://example.org/stkg/id/obs_rel_T90_BTR80_20260205T224028Z_237_e_c	http://www.w3.org/1999/02/22-rdf-syntax-ns#type	http://example.org/stkg/id/SpatialRelationObservation
http://example.org/stkg/id/obs_rel_T90_BTR80_20260205T224028Z_237_e_c	http://example.org/stkg/subjectEntity	http://example.org/stkg/id/platform_T90
http://example.org/stkg/id/obs_rel_T90_BTR80_20260205T224028Z_237_e_c	http://example.org/stkg/objectEntity	http://example.org/stkg/id/platform_BTR80
http://example.org/stkg/id/obs_rel_T90_BTR80_20260205T224028Z_237_e_c	http://example.org/stkg/relationType	http://example.org/stkg/id/relation_ahead_of
http://example.org/stkg/id/obs_rel_T90_BTR80_20260205T224028Z_237_e_c	http://example.org/stkg/time	"2026-02-05T22:40:28Z"^^<http://www.w3.org/2001/XMLSchema#dateTime>
http://example.org/stkg/id/obs_rel_BTR80_K2BlackPanther_20260205T224029Z_238_c_d	http://www.w3.org/1999/02/22-rdf-syntax-ns#type	http://example.org/stkg/id/SpatialRelationObservation
http://example.org/stkg/id/obs_rel_BTR80_K2BlackPanther_20260205T224029Z_238_c_d	http://example.org/stkg/subjectEntity	http://example.org/stkg/id/platform_BTR80
http://example.org/stkg/id/obs_rel_BTR80_K2BlackPanther_20260205T224029Z_238_c_d	http://example.org/stkg/objectEntity	http://example.org/stkg/id/platform_K2BlackPanther
http://example.org/stkg/id/obs_rel_BTR80_K2BlackPanther_20260205T224029Z_238_c_d	http://example.org/stkg/relationType	http://example.org/stkg/id/relation_behind_of
http://example.org/stkg/id/obs_rel_BTR80_K2BlackPanther_20260205T224029Z_238_c_d	http://example.org/stkg/time	"2026-02-05T22:40:29Z"^^<http://www.w3.org/2001/XMLSchema#dateTime>
http://example.org/stkg/id/obs_rel_K2BlackPanther_BTR80_20260205T224029Z_238_d_c	http://www.w3.org/1999/02/22-rdf-syntax-ns#type	http://example.org/stkg/id/SpatialRelationObservation
http://example.org/stkg/id/obs_rel_K2BlackPanther_BTR80_20260205T224029Z_238_d_c	http://example.org/stkg/subjectEntity	http://example.org/stkg/id/platform_K2BlackPanther
http://example.org/stkg/id/obs_rel_K2BlackPanther_BTR80_20260205T224029Z_238_d_c	http://example.org/stkg/objectEntity	http://example.org/stkg/id/platform_BTR80
http://example.org/stkg/id/obs_rel_K2BlackPanther_BTR80_20260205T224029Z_238_d_c	http://example.org/stkg/relationType	http://example.org/stkg/id/relation_ahead_of
http://example.org/stkg/id/obs_rel_K2BlackPanther_BTR80_20260205T224029Z_238_d_c	http://example.org/stkg/time	"2026-02-05T22:40:29Z"^^<http://www.w3.org/2001/XMLSchema#dateTime>
http://example.org/stkg/id/obs_rel_K2BlackPanther_T90_20260205T224029Z_238_d_e	http://www.w3.org/1999/02/22-rdf-syntax-ns#type	http://example.org/stkg/id/SpatialRelationObservation
http://example.org/stkg/id/obs_rel_K2BlackPanther_T90_20260205T224029Z_238_d_e	http://example.org/stkg/subjectEntity	http://example.org/stkg/id/platform_K2BlackPanther
http://example.org/stkg/id/obs_rel_K2BlackPanther_T90_20260205T224029Z_238_d_e	http://example.org/stkg/objectEntity	http://example.org/stkg/id/platform_T90
http://example.org/stkg/id/obs_rel_K2BlackPanther_T90_20260205T224029Z_238_d_e	http://example.org/stkg/relationType	http://example.org/stkg/id/relation_ahead_of
http://example.org/stkg/id/obs_rel_K2BlackPanther_T90_20260205T224029Z_238_d_e	http://example.org/stkg/time	"2026-02-05T22:40:29Z"^^<http://www.w3.org/2001/XMLSchema#dateTime>
http://example.org/stkg/id/obs_rel_T90_K2BlackPanther_20260205T224029Z_238_e_d	http://www.w3.org/1999/02/22-rdf-syntax-ns#type	http://example.org/stkg/id/SpatialRelationObservation
http://example.org/stkg/id/obs_rel_T90_K2BlackPanther_20260205T224029Z_238_e_d	http://example.org/stkg/subjectEntity	http://example.org/stkg/id/platform_T90
http://example.org/stkg/id/obs_rel_T90_K2BlackPanther_20260205T224029Z_238_e_d	http://example.org/stkg/objectEntity	http://example.org/stkg/id/platform_K2BlackPanther
http://example.org/stkg/id/obs_rel_T90_K2BlackPanther_20260205T224029Z_238_e_d	http://example.org/stkg/relationType	http://example.org/stkg/id/relation_behind_of
http://example.org/stkg/id/obs_rel_T90_K2BlackPanther_20260205T224029Z_238_e_d	http://example.org/stkg/time	"2026-02-05T22:40:29Z"^^<http://www.w3.org/2001/XMLSchema#dateTime>
http://example.org/stkg/id/obs_rel_BTR80_T90_20260205T224029Z_238_c_e	http://www.w3.org/1999/02/22-rdf-syntax-ns#type	http://example.org/stkg/id/SpatialRelationObservation
http://example.org/stkg/id/obs_rel_BTR80_T90_20260205T224029Z_238_c_e	http://example.org/stkg/subjectEntity	http://example.org/stkg/id/platform_BTR80
http://example.org/stkg/id/obs_rel_BTR80_T90_20260205T224029Z_238_c_e	http://example.org/stkg/objectEntity	http://example.org/stkg/id/platform_T90
http://example.org/stkg/id/obs_rel_BTR80_T90_20260205T224029Z_238_c_e	http://example.org/stkg/relationType	http://example.org/stkg/id/relation_behind_of
http://example.org/stkg/id/obs_rel_BTR80_T90_20260205T224029Z_238_c_e	http://example.org/stkg/time	"2026-02-05T22:40:29Z"^^<http://www.w3.org/2001/XMLSchema#dateTime>
http://example.org/stkg/id/obs_rel_T90_BTR80_20260205T224029Z_238_e_c	http://www.w3.org/1999/02/22-rdf-syntax-ns#type	http://example.org/stkg/id/SpatialRelationObservation
http://example.org/stkg/id/obs_rel_T90_BTR80_20260205T224029Z_238_e_c	http://example.org/stkg/subjectEntity	http://example.org/stkg/id/platform_T90
http://example.org/stkg/id/obs_rel_T90_BTR80_20260205T224029Z_238_e_c	http://example.org/stkg/objectEntity	http://example.org/stkg/id/platform_BTR80
http://example.org/stkg/id/obs_rel_T90_BTR80_20260205T224029Z_238_e_c	http://example.org/stkg/relationType	http://example.org/stkg/id/relation_ahead_of
http://example.org/stkg/id/obs_rel_T90_BTR80_20260205T224029Z_238_e_c	http://example.org/stkg/time	"2026-02-05T22:40:29Z"^^<http://www.w3.org/2001/XMLSchema#dateTime>
http://example.org/stkg/id/obs_rel_BTR80_K2BlackPanther_20260205T224030Z_239_c_d	http://www.w3.org/1999/02/22-rdf-syntax-ns#type	http://example.org/stkg/id/SpatialRelationObservation
http://example.org/stkg/id/obs_rel_BTR80_K2BlackPanther_20260205T224030Z_239_c_d	http://example.org/stkg/subjectEntity	http://example.org/stkg/id/platform_BTR80
http://example.org/stkg/id/obs_rel_BTR80_K2BlackPanther_20260205T224030Z_239_c_d	http://example.org/stkg/objectEntity	http://example.org/stkg/id/platform_K2BlackPanther
http://example.org/stkg/id/obs_rel_BTR80_K2BlackPanther_20260205T224030Z_239_c_d	http://example.org/stkg/relationType	http://example.org/stkg/id/relation_behind_of
http://example.org/stkg/id/obs_rel_BTR80_K2BlackPanther_20260205T224030Z_239_c_d	http://example.org/stkg/time	"2026-02-05T22:40:30Z"^^<http://www.w3.org/2001/XMLSchema#dateTime>
http://example.org/stkg/id/obs_rel_K2BlackPanther_BTR80_20260205T224030Z_239_d_c	http://www.w3.org/1999/02/22-rdf-syntax-ns#type	http://example.org/stkg/id/SpatialRelationObservation
http://example.org/stkg/id/obs_rel_K2BlackPanther_BTR80_20260205T224030Z_239_d_c	http://example.org/stkg/subjectEntity	http://example.org/stkg/id/platform_K2BlackPanther
http://example.org/stkg/id/obs_rel_K2BlackPanther_BTR80_20260205T224030Z_239_d_c	http://example.org/stkg/objectEntity	http://example.org/stkg/id/platform_BTR80
http://example.org/stkg/id/obs_rel_K2BlackPanther_BTR80_20260205T224030Z_239_d_c	http://example.org/stkg/relationType	http://example.org/stkg/id/relation_ahead_of
http://example.org/stkg/id/obs_rel_K2BlackPanther_BTR80_20260205T224030Z_239_d_c	http://example.org/stkg/time	"2026-02-05T22:40:30Z"^^<http://www.w3.org/2001/XMLSchema#dateTime>
http://example.org/stkg/id/obs_rel_K2BlackPanther_T90_20260205T224030Z_239_d_e	http://www.w3.org/1999/02/22-rdf-syntax-ns#type	http://example.org/stkg/id/SpatialRelationObservation
http://example.org/stkg/id/obs_rel_K2BlackPanther_T90_20260205T224030Z_239_d_e	http://example.org/stkg/subjectEntity	http://example.org/stkg/id/platform_K2BlackPanther
http://example.org/stkg/id/obs_rel_K2BlackPanther_T90_20260205T224030Z_239_d_e	http://example.org/stkg/objectEntity	http://example.org/stkg/id/platform_T90
http://example.org/stkg/id/obs_rel_K2BlackPanther_T90_20260205T224030Z_239_d_e	http://example.org/stkg/relationType	http://example.org/stkg/id/relation_ahead_of
http://example.org/stkg/id/obs_rel_K2BlackPanther_T90_20260205T224030Z_239_d_e	http://example.org/stkg/time	"2026-02-05T22:40:30Z"^^<http://www.w3.org/2001/XMLSchema#dateTime>
http://example.org/stkg/id/obs_rel_T90_K2BlackPanther_20260205T224030Z_239_e_d	http://www.w3.org/1999/02/22-rdf-syntax-ns#type	http://example.org/stkg/id/SpatialRelationObservation
http://example.org/stkg/id/obs_rel_T90_K2BlackPanther_20260205T224030Z_239_e_d	http://example.org/stkg/subjectEntity	http://example.org/stkg/id/platform_T90
http://example.org/stkg/id/obs_rel_T90_K2BlackPanther_20260205T224030Z_239_e_d	http://example.org/stkg/objectEntity	http://example.org/stkg/id/platform_K2BlackPanther
http://example.org/stkg/id/obs_rel_T90_K2BlackPanther_20260205T224030Z_239_e_d	http://example.org/stkg/relationType	http://example.org/stkg/id/relation_behind_of
http://example.org/stkg/id/obs_rel_T90_K2BlackPanther_20260205T224030Z_239_e_d	http://example.org/stkg/time	"2026-02-05T22:40:30Z"^^<http://www.w3.org/2001/XMLSchema#dateTime>
http://example.org/stkg/id/obs_rel_BTR80_T90_20260205T224030Z_239_c_e	http://www.w3.org/1999/02/22-rdf-syntax-ns#type	http://example.org/stkg/id/SpatialRelationObservation
http://example.org/stkg/id/obs_rel_BTR80_T90_20260205T224030Z_239_c_e	http://example.org/stkg/subjectEntity	http://example.org/stkg/id/platform_BTR80
http://example.org/stkg/id/obs_rel_BTR80_T90_20260205T224030Z_239_c_e	http://example.org/stkg/objectEntity	http://example.org/stkg/id/platform_T90
http://example.org/stkg/id/obs_rel_BTR80_T90_20260205T224030Z_239_c_e	http://example.org/stkg/relationType	http://example.org/stkg/id/relation_behind_of
http://example.org/stkg/id/obs_rel_BTR80_T90_20260205T224030Z_239_c_e	http://example.org/stkg/time	"2026-02-05T22:40:30Z"^^<http://www.w3.org/2001/XMLSchema#dateTime>
http://example.org/stkg/id/obs_rel_T90_BTR80_20260205T224030Z_239_e_c	http://www.w3.org/1999/02/22-rdf-syntax-ns#type	http://example.org/stkg/id/SpatialRelationObservation
http://example.org/stkg/id/obs_rel_T90_BTR80_20260205T224030Z_239_e_c	http://example.org/stkg/subjectEntity	http://example.org/stkg/id/platform_T90
http://example.org/stkg/id/obs_rel_T90_BTR80_20260205T224030Z_239_e_c	http://example.org/stkg/objectEntity	http://example.org/stkg/id/platform_BTR80
http://example.org/stkg/id/obs_rel_T90_BTR80_20260205T224030Z_239_e_c	http://example.org/stkg/relationType	http://example.org/stkg/id/relation_ahead_of
http://example.org/stkg/id/obs_rel_T90_BTR80_20260205T224030Z_239_e_c	http://example.org/stkg/time	"2026-02-05T22:40:30Z"^^<http://www.w3.org/2001/XMLSchema#dateTime>
http://example.org/stkg/id/obs_rel_BTR80_K2BlackPanther_20260205T224031Z_240_c_d	http://www.w3.org/1999/02/22-rdf-syntax-ns#type	http://example.org/stkg/id/SpatialRelationObservation
http://example.org/stkg/id/obs_rel_BTR80_K2BlackPanther_20260205T224031Z_240_c_d	http://example.org/stkg/subjectEntity	http://example.org/stkg/id/platform_BTR80
http://example.org/stkg/id/obs_rel_BTR80_K2BlackPanther_20260205T224031Z_240_c_d	http://example.org/stkg/objectEntity	http://example.org/stkg/id/platform_K2BlackPanther
http://example.org/stkg/id/obs_rel_BTR80_K2BlackPanther_20260205T224031Z_240_c_d	http://example.org/stkg/relationType	http://example.org/stkg/id/relation_behind_of
http://example.org/stkg/id/obs_rel_BTR80_K2BlackPanther_20260205T224031Z_240_c_d	http://example.org/stkg/time	"2026-02-05T22:40:31Z"^^<http://www.w3.org/2001/XMLSchema#dateTime>
http://example.org/stkg/id/obs_rel_K2BlackPanther_BTR80_20260205T224031Z_240_d_c	http://www.w3.org/1999/02/22-rdf-syntax-ns#type	http://example.org/stkg/id/SpatialRelationObservation
http://example.org/stkg/id/obs_rel_K2BlackPanther_BTR80_20260205T224031Z_240_d_c	http://example.org/stkg/subjectEntity	http://example.org/stkg/id/platform_K2BlackPanther
http://example.org/stkg/id/obs_rel_K2BlackPanther_BTR80_20260205T224031Z_240_d_c	http://example.org/stkg/objectEntity	http://example.org/stkg/id/platform_BTR80
http://example.org/stkg/id/obs_rel_K2BlackPanther_BTR80_20260205T224031Z_240_d_c	http://example.org/stkg/relationType	http://example.org/stkg/id/relation_ahead_of
http://example.org/stkg/id/obs_rel_K2BlackPanther_BTR80_20260205T224031Z_240_d_c	http://example.org/stkg/time	"2026-02-05T22:40:31Z"^^<http://www.w3.org/2001/XMLSchema#dateTime>
http://example.org/stkg/id/obs_rel_K2BlackPanther_T90_20260205T224031Z_240_d_e	http://www.w3.org/1999/02/22-rdf-syntax-ns#type	http://example.org/stkg/id/SpatialRelationObservation
http://example.org/stkg/id/obs_rel_K2BlackPanther_T90_20260205T224031Z_240_d_e	http://example.org/stkg/subjectEntity	http://example.org/stkg/id/platform_K2BlackPanther
http://example.org/stkg/id/obs_rel_K2BlackPanther_T90_20260205T224031Z_240_d_e	http://example.org/stkg/objectEntity	http://example.org/stkg/id/platform_T90
http://example.org/stkg/id/obs_rel_K2BlackPanther_T90_20260205T224031Z_240_d_e	http://example.org/stkg/relationType	http://example.org/stkg/id/relation_ahead_of
http://example.org/stkg/id/obs_rel_K2BlackPanther_T90_20260205T224031Z_240_d_e	http://example.org/stkg/time	"2026-02-05T22:40:31Z"^^<http://www.w3.org/2001/XMLSchema#dateTime>
http://example.org/stkg/id/obs_rel_T90_K2BlackPanther_20260205T224031Z_240_e_d	http://www.w3.org/1999/02/22-rdf-syntax-ns#type	http://example.org/stkg/id/SpatialRelationObservation
http://example.org/stkg/id/obs_rel_T90_K2BlackPanther_20260205T224031Z_240_e_d	http://example.org/stkg/subjectEntity	http://example.org/stkg/id/platform_T90
http://example.org/stkg/id/obs_rel_T90_K2BlackPanther_20260205T224031Z_240_e_d	http://example.org/stkg/objectEntity	http://example.org/stkg/id/platform_K2BlackPanther
http://example.org/stkg/id/obs_rel_T90_K2BlackPanther_20260205T224031Z_240_e_d	http://example.org/stkg/relationType	http://example.org/stkg/id/relation_behind_of
http://example.org/stkg/id/obs_rel_T90_K2BlackPanther_20260205T224031Z_240_e_d	http://example.org/stkg/time	"2026-02-05T22:40:31Z"^^<http://www.w3.org/2001/XMLSchema#dateTime>
http://example.org/stkg/id/obs_rel_BTR80_T90_20260205T224031Z_240_c_e	http://www.w3.org/1999/02/22-rdf-syntax-ns#type	http://example.org/stkg/id/SpatialRelationObservation
http://example.org/stkg/id/obs_rel_BTR80_T90_20260205T224031Z_240_c_e	http://example.org/stkg/subjectEntity	http://example.org/stkg/id/platform_BTR80
http://example.org/stkg/id/obs_rel_BTR80_T90_20260205T224031Z_240_c_e	http://example.org/stkg/objectEntity	http://example.org/stkg/id/platform_T90
http://example.org/stkg/id/obs_rel_BTR80_T90_20260205T224031Z_240_c_e	http://example.org/stkg/relationType	http://example.org/stkg/id/relation_behind_of
http://example.org/stkg/id/obs_rel_BTR80_T90_20260205T224031Z_240_c_e	http://example.org/stkg/time	"2026-02-05T22:40:31Z"^^<http://www.w3.org/2001/XMLSchema#dateTime>
http://example.org/stkg/id/obs_rel_T90_BTR80_20260205T224031Z_240_e_c	http://www.w3.org/1999/02/22-rdf-syntax-ns#type	http://example.org/stkg/id/SpatialRelationObservation
http://example.org/stkg/id/obs_rel_T90_BTR80_20260205T224031Z_240_e_c	http://example.org/stkg/subjectEntity	http://example.org/stkg/id/platform_T90
http://example.org/stkg/id/obs_rel_T90_BTR80_20260205T224031Z_240_e_c	http://example.org/stkg/objectEntity	http://example.org/stkg/id/platform_BTR80
http://example.org/stkg/id/obs_rel_T90_BTR80_20260205T224031Z_240_e_c	http://example.org/stkg/relationType	http://example.org/stkg/id/relation_ahead_of
http://example.org/stkg/id/obs_rel_T90_BTR80_20260205T224031Z_240_e_c	http://example.org/stkg/time	"2026-02-05T22:40:31Z"^^<http://www.w3.org/2001/XMLSchema#dateTime>
http://example.org/stkg/id/obs_rel_BTR80_K2BlackPanther_20260205T224032Z_241_c_d	http://www.w3.org/1999/02/22-rdf-syntax-ns#type	http://example.org/stkg/id/SpatialRelationObservation
http://example.org/stkg/id/obs_rel_BTR80_K2BlackPanther_20260205T224032Z_241_c_d	http://example.org/stkg/subjectEntity	http://example.org/stkg/id/platform_BTR80
http://example.org/stkg/id/obs_rel_BTR80_K2BlackPanther_20260205T224032Z_241_c_d	http://example.org/stkg/objectEntity	http://example.org/stkg/id/platform_K2BlackPanther
http://example.org/stkg/id/obs_rel_BTR80_K2BlackPanther_20260205T224032Z_241_c_d	http://example.org/stkg/relationType	http://example.org/stkg/id/relation_behind_of
http://example.org/stkg/id/obs_rel_BTR80_K2BlackPanther_20260205T224032Z_241_c_d	http://example.org/stkg/time	"2026-02-05T22:40:32Z"^^<http://www.w3.org/2001/XMLSchema#dateTime>
http://example.org/stkg/id/obs_rel_K2BlackPanther_BTR80_20260205T224032Z_241_d_c	http://www.w3.org/1999/02/22-rdf-syntax-ns#type	http://example.org/stkg/id/SpatialRelationObservation
http://example.org/stkg/id/obs_rel_K2BlackPanther_BTR80_20260205T224032Z_241_d_c	http://example.org/stkg/subjectEntity	http://example.org/stkg/id/platform_K2BlackPanther
http://example.org/stkg/id/obs_rel_K2BlackPanther_BTR80_20260205T224032Z_241_d_c	http://example.org/stkg/objectEntity	http://example.org/stkg/id/platform_BTR80
http://example.org/stkg/id/obs_rel_K2BlackPanther_BTR80_20260205T224032Z_241_d_c	http://example.org/stkg/relationType	http://example.org/stkg/id/relation_ahead_of
http://example.org/stkg/id/obs_rel_K2BlackPanther_BTR80_20260205T224032Z_241_d_c	http://example.org/stkg/time	"2026-02-05T22:40:32Z"^^<http://www.w3.org/2001/XMLSchema#dateTime>
http://example.org/stkg/id/obs_rel_K2BlackPanther_T90_20260205T224032Z_241_d_e	http://www.w3.org/1999/02/22-rdf-syntax-ns#type	http://example.org/stkg/id/SpatialRelationObservation
http://example.org/stkg/id/obs_rel_K2BlackPanther_T90_20260205T224032Z_241_d_e	http://example.org/stkg/subjectEntity	http://example.org/stkg/id/platform_K2BlackPanther
http://example.org/stkg/id/obs_rel_K2BlackPanther_T90_20260205T224032Z_241_d_e	http://example.org/stkg/objectEntity	http://example.org/stkg/id/platform_T90
http://example.org/stkg/id/obs_rel_K2BlackPanther_T90_20260205T224032Z_241_d_e	http://example.org/stkg/relationType	http://example.org/stkg/id/relation_ahead_of
http://example.org/stkg/id/obs_rel_K2BlackPanther_T90_20260205T224032Z_241_d_e	http://example.org/stkg/time	"2026-02-05T22:40:32Z"^^<http://www.w3.org/2001/XMLSchema#dateTime>
http://example.org/stkg/id/obs_rel_T90_K2BlackPanther_20260205T224032Z_241_e_d	http://www.w3.org/1999/02/22-rdf-syntax-ns#type	http://example.org/stkg/id/SpatialRelationObservation
http://example.org/stkg/id/obs_rel_T90_K2BlackPanther_20260205T224032Z_241_e_d	http://example.org/stkg/subjectEntity	http://example.org/stkg/id/platform_T90
http://example.org/stkg/id/obs_rel_T90_K2BlackPanther_20260205T224032Z_241_e_d	http://example.org/stkg/objectEntity	http://example.org/stkg/id/platform_K2BlackPanther
http://example.org/stkg/id/obs_rel_T90_K2BlackPanther_20260205T224032Z_241_e_d	http://example.org/stkg/relationType	http://example.org/stkg/id/relation_behind_of
http://example.org/stkg/id/obs_rel_T90_K2BlackPanther_20260205T224032Z_241_e_d	http://example.org/stkg/time	"2026-02-05T22:40:32Z"^^<http://www.w3.org/2001/XMLSchema#dateTime>
http://example.org/stkg/id/obs_rel_BTR80_T90_20260205T224032Z_241_c_e	http://www.w3.org/1999/02/22-rdf-syntax-ns#type	http://example.org/stkg/id/SpatialRelationObservation
http://example.org/stkg/id/obs_rel_BTR80_T90_20260205T224032Z_241_c_e	http://example.org/stkg/subjectEntity	http://example.org/stkg/id/platform_BTR80
http://example.org/stkg/id/obs_rel_BTR80_T90_20260205T224032Z_241_c_e	http://example.org/stkg/objectEntity	http://example.org/stkg/id/platform_T90
http://example.org/stkg/id/obs_rel_BTR80_T90_20260205T224032Z_241_c_e	http://example.org/stkg/relationType	http://example.org/stkg/id/relation_behind_of
http://example.org/stkg/id/obs_rel_BTR80_T90_20260205T224032Z_241_c_e	http://example.org/stkg/time	"2026-02-05T22:40:32Z"^^<http://www.w3.org/2001/XMLSchema#dateTime>
http://example.org/stkg/id/obs_rel_T90_BTR80_20260205T224032Z_241_e_c	http://www.w3.org/1999/02/22-rdf-syntax-ns#type	http://example.org/stkg/id/SpatialRelationObservation
http://example.org/stkg/id/obs_rel_T90_BTR80_20260205T224032Z_241_e_c	http://example.org/stkg/subjectEntity	http://example.org/stkg/id/platform_T90
http://example.org/stkg/id/obs_rel_T90_BTR80_20260205T224032Z_241_e_c	http://example.org/stkg/objectEntity	http://example.org/stkg/id/platform_BTR80
http://example.org/stkg/id/obs_rel_T90_BTR80_20260205T224032Z_241_e_c	http://example.org/stkg/relationType	http://example.org/stkg/id/relation_ahead_of
http://example.org/stkg/id/obs_rel_T90_BTR80_20260205T224032Z_241_e_c	http://example.org/stkg/time	"2026-02-05T22:40:32Z"^^<http://www.w3.org/2001/XMLSchema#dateTime>
http://example.org/stkg/id/obs_rel_BTR80_K2BlackPanther_20260205T224033Z_242_c_d	http://www.w3.org/1999/02/22-rdf-syntax-ns#type	http://example.org/stkg/id/SpatialRelationObservation
http://example.org/stkg/id/obs_rel_BTR80_K2BlackPanther_20260205T224033Z_242_c_d	http://example.org/stkg/subjectEntity	http://example.org/stkg/id/platform_BTR80
http://example.org/stkg/id/obs_rel_BTR80_K2BlackPanther_20260205T224033Z_242_c_d	http://example.org/stkg/objectEntity	http://example.org/stkg/id/platform_K2BlackPanther
http://example.org/stkg/id/obs_rel_BTR80_K2BlackPanther_20260205T224033Z_242_c_d	http://example.org/stkg/relationType	http://example.org/stkg/id/relation_behind_of
http://example.org/stkg/id/obs_rel_BTR80_K2BlackPanther_20260205T224033Z_242_c_d	http://example.org/stkg/time	"2026-02-05T22:40:33Z"^^<http://www.w3.org/2001/XMLSchema#dateTime>
http://example.org/stkg/id/obs_rel_K2BlackPanther_BTR80_20260205T224033Z_242_d_c	http://www.w3.org/1999/02/22-rdf-syntax-ns#type	http://example.org/stkg/id/SpatialRelationObservation
http://example.org/stkg/id/obs_rel_K2BlackPanther_BTR80_20260205T224033Z_242_d_c	http://example.org/stkg/subjectEntity	http://example.org/stkg/id/platform_K2BlackPanther
http://example.org/stkg/id/obs_rel_K2BlackPanther_BTR80_20260205T224033Z_242_d_c	http://example.org/stkg/objectEntity	http://example.org/stkg/id/platform_BTR80
http://example.org/stkg/id/obs_rel_K2BlackPanther_BTR80_20260205T224033Z_242_d_c	http://example.org/stkg/relationType	http://example.org/stkg/id/relation_ahead_of
http://example.org/stkg/id/obs_rel_K2BlackPanther_BTR80_20260205T224033Z_242_d_c	http://example.org/stkg/time	"2026-02-05T22:40:33Z"^^<http://www.w3.org/2001/XMLSchema#dateTime>
http://example.org/stkg/id/obs_rel_K2BlackPanther_T90_20260205T224033Z_242_d_e	http://www.w3.org/1999/02/22-rdf-syntax-ns#type	http://example.org/stkg/id/SpatialRelationObservation
http://example.org/stkg/id/obs_rel_K2BlackPanther_T90_20260205T224033Z_242_d_e	http://example.org/stkg/subjectEntity	http://example.org/stkg/id/platform_K2BlackPanther
http://example.org/stkg/id/obs_rel_K2BlackPanther_T90_20260205T224033Z_242_d_e	http://example.org/stkg/objectEntity	http://example.org/stkg/id/platform_T90
http://example.org/stkg/id/obs_rel_K2BlackPanther_T90_20260205T224033Z_242_d_e	http://example.org/stkg/relationType	http://example.org/stkg/id/relation_ahead_of
http://example.org/stkg/id/obs_rel_K2BlackPanther_T90_20260205T224033Z_242_d_e	http://example.org/stkg/time	"2026-02-05T22:40:33Z"^^<http://www.w3.org/2001/XMLSchema#dateTime>
http://example.org/stkg/id/obs_rel_T90_K2BlackPanther_20260205T224033Z_242_e_d	http://www.w3.org/1999/02/22-rdf-syntax-ns#type	http://example.org/stkg/id/SpatialRelationObservation
http://example.org/stkg/id/obs_rel_T90_K2BlackPanther_20260205T224033Z_242_e_d	http://example.org/stkg/subjectEntity	http://example.org/stkg/id/platform_T90
http://example.org/stkg/id/obs_rel_T90_K2BlackPanther_20260205T224033Z_242_e_d	http://example.org/stkg/objectEntity	http://example.org/stkg/id/platform_K2BlackPanther
http://example.org/stkg/id/obs_rel_T90_K2BlackPanther_20260205T224033Z_242_e_d	http://example.org/stkg/relationType	http://example.org/stkg/id/relation_behind_of
http://example.org/stkg/id/obs_rel_T90_K2BlackPanther_20260205T224033Z_242_e_d	http://example.org/stkg/time	"2026-02-05T22:40:33Z"^^<http://www.w3.org/2001/XMLSchema#dateTime>
http://example.org/stkg/id/obs_rel_BTR80_T90_20260205T224033Z_242_c_e	http://www.w3.org/1999/02/22-rdf-syntax-ns#type	http://example.org/stkg/id/SpatialRelationObservation
http://example.org/stkg/id/obs_rel_BTR80_T90_20260205T224033Z_242_c_e	http://example.org/stkg/subjectEntity	http://example.org/stkg/id/platform_BTR80
http://example.org/stkg/id/obs_rel_BTR80_T90_20260205T224033Z_242_c_e	http://example.org/stkg/objectEntity	http://example.org/stkg/id/platform_T90
http://example.org/stkg/id/obs_rel_BTR80_T90_20260205T224033Z_242_c_e	http://example.org/stkg/relationType	http://example.org/stkg/id/relation_behind_of
http://example.org/stkg/id/obs_rel_BTR80_T90_20260205T224033Z_242_c_e	http://example.org/stkg/time	"2026-02-05T22:40:33Z"^^<http://www.w3.org/2001/XMLSchema#dateTime>
http://example.org/stkg/id/obs_rel_T90_BTR80_20260205T224033Z_242_e_c	http://www.w3.org/1999/02/22-rdf-syntax-ns#type	http://example.org/stkg/id/SpatialRelationObservation
http://example.org/stkg/id/obs_rel_T90_BTR80_20260205T224033Z_242_e_c	http://example.org/stkg/subjectEntity	http://example.org/stkg/id/platform_T90
http://example.org/stkg/id/obs_rel_T90_BTR80_20260205T224033Z_242_e_c	http://example.org/stkg/objectEntity	http://example.org/stkg/id/platform_BTR80
http://example.org/stkg/id/obs_rel_T90_BTR80_20260205T224033Z_242_e_c	http://example.org/stkg/relationType	http://example.org/stkg/id/relation_ahead_of
http://example.org/stkg/id/obs_rel_T90_BTR80_20260205T224033Z_242_e_c	http://example.org/stkg/time	"2026-02-05T22:40:33Z"^^<http://www.w3.org/2001/XMLSchema#dateTime>
http://example.org/stkg/id/obs_rel_BTR80_K2BlackPanther_20260205T224034Z_243_c_d	http://www.w3.org/1999/02/22-rdf-syntax-ns#type	http://example.org/stkg/id/SpatialRelationObservation
http://example.org/stkg/id/obs_rel_BTR80_K2BlackPanther_20260205T224034Z_243_c_d	http://example.org/stkg/subjectEntity	http://example.org/stkg/id/platform_BTR80
http://example.org/stkg/id/obs_rel_BTR80_K2BlackPanther_20260205T224034Z_243_c_d	http://example.org/stkg/objectEntity	http://example.org/stkg/id/platform_K2BlackPanther
http://example.org/stkg/id/obs_rel_BTR80_K2BlackPanther_20260205T224034Z_243_c_d	http://example.org/stkg/relationType	http://example.org/stkg/id/relation_behind_of
http://example.org/stkg/id/obs_rel_BTR80_K2BlackPanther_20260205T224034Z_243_c_d	http://example.org/stkg/time	"2026-02-05T22:40:34Z"^^<http://www.w3.org/2001/XMLSchema#dateTime>
http://example.org/stkg/id/obs_rel_K2BlackPanther_BTR80_20260205T224034Z_243_d_c	http://www.w3.org/1999/02/22-rdf-syntax-ns#type	http://example.org/stkg/id/SpatialRelationObservation
http://example.org/stkg/id/obs_rel_K2BlackPanther_BTR80_20260205T224034Z_243_d_c	http://example.org/stkg/subjectEntity	http://example.org/stkg/id/platform_K2BlackPanther
http://example.org/stkg/id/obs_rel_K2BlackPanther_BTR80_20260205T224034Z_243_d_c	http://example.org/stkg/objectEntity	http://example.org/stkg/id/platform_BTR80
http://example.org/stkg/id/obs_rel_K2BlackPanther_BTR80_20260205T224034Z_243_d_c	http://example.org/stkg/relationType	http://example.org/stkg/id/relation_ahead_of
http://example.org/stkg/id/obs_rel_K2BlackPanther_BTR80_20260205T224034Z_243_d_c	http://example.org/stkg/time	"2026-02-05T22:40:34Z"^^<http://www.w3.org/2001/XMLSchema#dateTime>
http://example.org/stkg/id/obs_rel_K2BlackPanther_T90_20260205T224034Z_243_d_e	http://www.w3.org/1999/02/22-rdf-syntax-ns#type	http://example.org/stkg/id/SpatialRelationObservation
http://example.org/stkg/id/obs_rel_K2BlackPanther_T90_20260205T224034Z_243_d_e	http://example.org/stkg/subjectEntity	http://example.org/stkg/id/platform_K2BlackPanther
http://example.org/stkg/id/obs_rel_K2BlackPanther_T90_20260205T224034Z_243_d_e	http://example.org/stkg/objectEntity	http://example.org/stkg/id/platform_T90
http://example.org/stkg/id/obs_rel_K2BlackPanther_T90_20260205T224034Z_243_d_e	http://example.org/stkg/relationType	http://example.org/stkg/id/relation_ahead_of
http://example.org/stkg/id/obs_rel_K2BlackPanther_T90_20260205T224034Z_243_d_e	http://example.org/stkg/time	"2026-02-05T22:40:34Z"^^<http://www.w3.org/2001/XMLSchema#dateTime>
http://example.org/stkg/id/obs_rel_T90_K2BlackPanther_20260205T224034Z_243_e_d	http://www.w3.org/1999/02/22-rdf-syntax-ns#type	http://example.org/stkg/id/SpatialRelationObservation
http://example.org/stkg/id/obs_rel_T90_K2BlackPanther_20260205T224034Z_243_e_d	http://example.org/stkg/subjectEntity	http://example.org/stkg/id/platform_T90
http://example.org/stkg/id/obs_rel_T90_K2BlackPanther_20260205T224034Z_243_e_d	http://example.org/stkg/objectEntity	http://example.org/stkg/id/platform_K2BlackPanther
http://example.org/stkg/id/obs_rel_T90_K2BlackPanther_20260205T224034Z_243_e_d	http://example.org/stkg/relationType	http://example.org/stkg/id/relation_behind_of
http://example.org/stkg/id/obs_rel_T90_K2BlackPanther_20260205T224034Z_243_e_d	http://example.org/stkg/time	"2026-02-05T22:40:34Z"^^<http://www.w3.org/2001/XMLSchema#dateTime>
http://example.org/stkg/id/obs_rel_BTR80_T90_20260205T224034Z_243_c_e	http://www.w3.org/1999/02/22-rdf-syntax-ns#type	http://example.org/stkg/id/SpatialRelationObservation
http://example.org/stkg/id/obs_rel_BTR80_T90_20260205T224034Z_243_c_e	http://example.org/stkg/subjectEntity	http://example.org/stkg/id/platform_BTR80
http://example.org/stkg/id/obs_rel_BTR80_T90_20260205T224034Z_243_c_e	http://example.org/stkg/objectEntity	http://example.org/stkg/id/platform_T90
http://example.org/stkg/id/obs_rel_BTR80_T90_20260205T224034Z_243_c_e	http://example.org/stkg/relationType	http://example.org/stkg/id/relation_behind_of
http://example.org/stkg/id/obs_rel_BTR80_T90_20260205T224034Z_243_c_e	http://example.org/stkg/time	"2026-02-05T22:40:34Z"^^<http://www.w3.org/2001/XMLSchema#dateTime>
http://example.org/stkg/id/obs_rel_T90_BTR80_20260205T224034Z_243_e_c	http://www.w3.org/1999/02/22-rdf-syntax-ns#type	http://example.org/stkg/id/SpatialRelationObservation
http://example.org/stkg/id/obs_rel_T90_BTR80_20260205T224034Z_243_e_c	http://example.org/stkg/subjectEntity	http://example.org/stkg/id/platform_T90
http://example.org/stkg/id/obs_rel_T90_BTR80_20260205T224034Z_243_e_c	http://example.org/stkg/objectEntity	http://example.org/stkg/id/platform_BTR80
http://example.org/stkg/id/obs_rel_T90_BTR80_20260205T224034Z_243_e_c	http://example.org/stkg/relationType	http://example.org/stkg/id/relation_ahead_of
http://example.org/stkg/id/obs_rel_T90_BTR80_20260205T224034Z_243_e_c	http://example.org/stkg/time	"2026-02-05T22:40:34Z"^^<http://www.w3.org/2001/XMLSchema#dateTime>
http://example.org/stkg/id/obs_rel_BTR80_K2BlackPanther_20260205T224035Z_244_c_d	http://www.w3.org/1999/02/22-rdf-syntax-ns#type	http://example.org/stkg/id/SpatialRelationObservation
http://example.org/stkg/id/obs_rel_BTR80_K2BlackPanther_20260205T224035Z_244_c_d	http://example.org/stkg/subjectEntity	http://example.org/stkg/id/platform_BTR80
http://example.org/stkg/id/obs_rel_BTR80_K2BlackPanther_20260205T224035Z_244_c_d	http://example.org/stkg/objectEntity	http://example.org/stkg/id/platform_K2BlackPanther
http://example.org/stkg/id/obs_rel_BTR80_K2BlackPanther_20260205T224035Z_244_c_d	http://example.org/stkg/relationType	http://example.org/stkg/id/relation_behind_of
http://example.org/stkg/id/obs_rel_BTR80_K2BlackPanther_20260205T224035Z_244_c_d	http://example.org/stkg/time	"2026-02-05T22:40:35Z"^^<http://www.w3.org/2001/XMLSchema#dateTime>
http://example.org/stkg/id/obs_rel_K2BlackPanther_BTR80_20260205T224035Z_244_d_c	http://www.w3.org/1999/02/22-rdf-syntax-ns#type	http://example.org/stkg/id/SpatialRelationObservation
http://example.org/stkg/id/obs_rel_K2BlackPanther_BTR80_20260205T224035Z_244_d_c	http://example.org/stkg/subjectEntity	http://example.org/stkg/id/platform_K2BlackPanther
http://example.org/stkg/id/obs_rel_K2BlackPanther_BTR80_20260205T224035Z_244_d_c	http://example.org/stkg/objectEntity	http://example.org/stkg/id/platform_BTR80
http://example.org/stkg/id/obs_rel_K2BlackPanther_BTR80_20260205T224035Z_244_d_c	http://example.org/stkg/relationType	http://example.org/stkg/id/relation_ahead_of
http://example.org/stkg/id/obs_rel_K2BlackPanther_BTR80_20260205T224035Z_244_d_c	http://example.org/stkg/time	"2026-02-05T22:40:35Z"^^<http://www.w3.org/2001/XMLSchema#dateTime>
http://example.org/stkg/id/obs_rel_K2BlackPanther_T90_20260205T224035Z_244_d_e	http://www.w3.org/1999/02/22-rdf-syntax-ns#type	http://example.org/stkg/id/SpatialRelationObservation
http://example.org/stkg/id/obs_rel_K2BlackPanther_T90_20260205T224035Z_244_d_e	http://example.org/stkg/subjectEntity	http://example.org/stkg/id/platform_K2BlackPanther
http://example.org/stkg/id/obs_rel_K2BlackPanther_T90_20260205T224035Z_244_d_e	http://example.org/stkg/objectEntity	http://example.org/stkg/id/platform_T90
http://example.org/stkg/id/obs_rel_K2BlackPanther_T90_20260205T224035Z_244_d_e	http://example.org/stkg/relationType	http://example.org/stkg/id/relation_ahead_of
http://example.org/stkg/id/obs_rel_K2BlackPanther_T90_20260205T224035Z_244_d_e	http://example.org/stkg/time	"2026-02-05T22:40:35Z"^^<http://www.w3.org/2001/XMLSchema#dateTime>
http://example.org/stkg/id/obs_rel_T90_K2BlackPanther_20260205T224035Z_244_e_d	http://www.w3.org/1999/02/22-rdf-syntax-ns#type	http://example.org/stkg/id/SpatialRelationObservation
http://example.org/stkg/id/obs_rel_T90_K2BlackPanther_20260205T224035Z_244_e_d	http://example.org/stkg/subjectEntity	http://example.org/stkg/id/platform_T90
http://example.org/stkg/id/obs_rel_T90_K2BlackPanther_20260205T224035Z_244_e_d	http://example.org/stkg/objectEntity	http://example.org/stkg/id/platform_K2BlackPanther
http://example.org/stkg/id/obs_rel_T90_K2BlackPanther_20260205T224035Z_244_e_d	http://example.org/stkg/relationType	http://example.org/stkg/id/relation_behind_of
http://example.org/stkg/id/obs_rel_T90_K2BlackPanther_20260205T224035Z_244_e_d	http://example.org/stkg/time	"2026-02-05T22:40:35Z"^^<http://www.w3.org/2001/XMLSchema#dateTime>
http://example.org/stkg/id/obs_rel_BTR80_T90_20260205T224035Z_244_c_e	http://www.w3.org/1999/02/22-rdf-syntax-ns#type	http://example.org/stkg/id/SpatialRelationObservation
http://example.org/stkg/id/obs_rel_BTR80_T90_20260205T224035Z_244_c_e	http://example.org/stkg/subjectEntity	http://example.org/stkg/id/platform_BTR80
http://example.org/stkg/id/obs_rel_BTR80_T90_20260205T224035Z_244_c_e	http://example.org/stkg/objectEntity	http://example.org/stkg/id/platform_T90
http://example.org/stkg/id/obs_rel_BTR80_T90_20260205T224035Z_244_c_e	http://example.org/stkg/relationType	http://example.org/stkg/id/relation_behind_of
http://example.org/stkg/id/obs_rel_BTR80_T90_20260205T224035Z_244_c_e	http://example.org/stkg/time	"2026-02-05T22:40:35Z"^^<http://www.w3.org/2001/XMLSchema#dateTime>
http://example.org/stkg/id/obs_rel_T90_BTR80_20260205T224035Z_244_e_c	http://www.w3.org/1999/02/22-rdf-syntax-ns#type	http://example.org/stkg/id/SpatialRelationObservation
http://example.org/stkg/id/obs_rel_T90_BTR80_20260205T224035Z_244_e_c	http://example.org/stkg/subjectEntity	http://example.org/stkg/id/platform_T90
http://example.org/stkg/id/obs_rel_T90_BTR80_20260205T224035Z_244_e_c	http://example.org/stkg/objectEntity	http://example.org/stkg/id/platform_BTR80
http://example.org/stkg/id/obs_rel_T90_BTR80_20260205T224035Z_244_e_c	http://example.org/stkg/relationType	http://example.org/stkg/id/relation_ahead_of
http://example.org/stkg/id/obs_rel_T90_BTR80_20260205T224035Z_244_e_c	http://example.org/stkg/time	"2026-02-05T22:40:35Z"^^<http://www.w3.org/2001/XMLSchema#dateTime>
http://example.org/stkg/id/obs_rel_BTR80_K2BlackPanther_20260205T224036Z_245_c_d	http://www.w3.org/1999/02/22-rdf-syntax-ns#type	http://example.org/stkg/id/SpatialRelationObservation
http://example.org/stkg/id/obs_rel_BTR80_K2BlackPanther_20260205T224036Z_245_c_d	http://example.org/stkg/subjectEntity	http://example.org/stkg/id/platform_BTR80
http://example.org/stkg/id/obs_rel_BTR80_K2BlackPanther_20260205T224036Z_245_c_d	http://example.org/stkg/objectEntity	http://example.org/stkg/id/platform_K2BlackPanther
http://example.org/stkg/id/obs_rel_BTR80_K2BlackPanther_20260205T224036Z_245_c_d	http://example.org/stkg/relationType	http://example.org/stkg/id/relation_behind_of
http://example.org/stkg/id/obs_rel_BTR80_K2BlackPanther_20260205T224036Z_245_c_d	http://example.org/stkg/time	"2026-02-05T22:40:36Z"^^<http://www.w3.org/2001/XMLSchema#dateTime>
http://example.org/stkg/id/obs_rel_K2BlackPanther_BTR80_20260205T224036Z_245_d_c	http://www.w3.org/1999/02/22-rdf-syntax-ns#type	http://example.org/stkg/id/SpatialRelationObservation
http://example.org/stkg/id/obs_rel_K2BlackPanther_BTR80_20260205T224036Z_245_d_c	http://example.org/stkg/subjectEntity	http://example.org/stkg/id/platform_K2BlackPanther
http://example.org/stkg/id/obs_rel_K2BlackPanther_BTR80_20260205T224036Z_245_d_c	http://example.org/stkg/objectEntity	http://example.org/stkg/id/platform_BTR80
http://example.org/stkg/id/obs_rel_K2BlackPanther_BTR80_20260205T224036Z_245_d_c	http://example.org/stkg/relationType	http://example.org/stkg/id/relation_ahead_of
http://example.org/stkg/id/obs_rel_K2BlackPanther_BTR80_20260205T224036Z_245_d_c	http://example.org/stkg/time	"2026-02-05T22:40:36Z"^^<http://www.w3.org/2001/XMLSchema#dateTime>
http://example.org/stkg/id/obs_rel_K2BlackPanther_T90_20260205T224036Z_245_d_e	http://www.w3.org/1999/02/22-rdf-syntax-ns#type	http://example.org/stkg/id/SpatialRelationObservation
http://example.org/stkg/id/obs_rel_K2BlackPanther_T90_20260205T224036Z_245_d_e	http://example.org/stkg/subjectEntity	http://example.org/stkg/id/platform_K2BlackPanther
http://example.org/stkg/id/obs_rel_K2BlackPanther_T90_20260205T224036Z_245_d_e	http://example.org/stkg/objectEntity	http://example.org/stkg/id/platform_T90
http://example.org/stkg/id/obs_rel_K2BlackPanther_T90_20260205T224036Z_245_d_e	http://example.org/stkg/relationType	http://example.org/stkg/id/relation_ahead_of
http://example.org/stkg/id/obs_rel_K2BlackPanther_T90_20260205T224036Z_245_d_e	http://example.org/stkg/time	"2026-02-05T22:40:36Z"^^<http://www.w3.org/2001/XMLSchema#dateTime>
http://example.org/stkg/id/obs_rel_T90_K2BlackPanther_20260205T224036Z_245_e_d	http://www.w3.org/1999/02/22-rdf-syntax-ns#type	http://example.org/stkg/id/SpatialRelationObservation
http://example.org/stkg/id/obs_rel_T90_K2BlackPanther_20260205T224036Z_245_e_d	http://example.org/stkg/subjectEntity	http://example.org/stkg/id/platform_T90
http://example.org/stkg/id/obs_rel_T90_K2BlackPanther_20260205T224036Z_245_e_d	http://example.org/stkg/objectEntity	http://example.org/stkg/id/platform_K2BlackPanther
http://example.org/stkg/id/obs_rel_T90_K2BlackPanther_20260205T224036Z_245_e_d	http://example.org/stkg/relationType	http://example.org/stkg/id/relation_behind_of
http://example.org/stkg/id/obs_rel_T90_K2BlackPanther_20260205T224036Z_245_e_d	http://example.org/stkg/time	"2026-02-05T22:40:36Z"^^<http://www.w3.org/2001/XMLSchema#dateTime>
http://example.org/stkg/id/obs_rel_BTR80_T90_20260205T224036Z_245_c_e	http://www.w3.org/1999/02/22-rdf-syntax-ns#type	http://example.org/stkg/id/SpatialRelationObservation
http://example.org/stkg/id/obs_rel_BTR80_T90_20260205T224036Z_245_c_e	http://example.org/stkg/subjectEntity	http://example.org/stkg/id/platform_BTR80
http://example.org/stkg/id/obs_rel_BTR80_T90_20260205T224036Z_245_c_e	http://example.org/stkg/objectEntity	http://example.org/stkg/id/platform_T90
http://example.org/stkg/id/obs_rel_BTR80_T90_20260205T224036Z_245_c_e	http://example.org/stkg/relationType	http://example.org/stkg/id/relation_ahead_of
http://example.org/stkg/id/obs_rel_BTR80_T90_20260205T224036Z_245_c_e	http://example.org/stkg/time	"2026-02-05T22:40:36Z"^^<http://www.w3.org/2001/XMLSchema#dateTime>
http://example.org/stkg/id/obs_rel_T90_BTR80_20260205T224036Z_245_e_c	http://www.w3.org/1999/02/22-rdf-syntax-ns#type	http://example.org/stkg/id/SpatialRelationObservation
http://example.org/stkg/id/obs_rel_T90_BTR80_20260205T224036Z_245_e_c	http://example.org/stkg/subjectEntity	http://example.org/stkg/id/platform_T90
http://example.org/stkg/id/obs_rel_T90_BTR80_20260205T224036Z_245_e_c	http://example.org/stkg/objectEntity	http://example.org/stkg/id/platform_BTR80
http://example.org/stkg/id/obs_rel_T90_BTR80_20260205T224036Z_245_e_c	http://example.org/stkg/relationType	http://example.org/stkg/id/relation_behind_of
http://example.org/stkg/id/obs_rel_T90_BTR80_20260205T224036Z_245_e_c	http://example.org/stkg/time	"2026-02-05T22:40:36Z"^^<http://www.w3.org/2001/XMLSchema#dateTime>
http://example.org/stkg/id/obs_rel_BTR80_K2BlackPanther_20260205T224037Z_246_c_d	http://www.w3.org/1999/02/22-rdf-syntax-ns#type	http://example.org/stkg/id/SpatialRelationObservation
http://example.org/stkg/id/obs_rel_BTR80_K2BlackPanther_20260205T224037Z_246_c_d	http://example.org/stkg/subjectEntity	http://example.org/stkg/id/platform_BTR80
http://example.org/stkg/id/obs_rel_BTR80_K2BlackPanther_20260205T224037Z_246_c_d	http://example.org/stkg/objectEntity	http://example.org/stkg/id/platform_K2BlackPanther
http://example.org/stkg/id/obs_rel_BTR80_K2BlackPanther_20260205T224037Z_246_c_d	http://example.org/stkg/relationType	http://example.org/stkg/id/relation_behind_of
http://example.org/stkg/id/obs_rel_BTR80_K2BlackPanther_20260205T224037Z_246_c_d	http://example.org/stkg/time	"2026-02-05T22:40:37Z"^^<http://www.w3.org/2001/XMLSchema#dateTime>
http://example.org/stkg/id/obs_rel_K2BlackPanther_BTR80_20260205T224037Z_246_d_c	http://www.w3.org/1999/02/22-rdf-syntax-ns#type	http://example.org/stkg/id/SpatialRelationObservation
http://example.org/stkg/id/obs_rel_K2BlackPanther_BTR80_20260205T224037Z_246_d_c	http://example.org/stkg/subjectEntity	http://example.org/stkg/id/platform_K2BlackPanther
http://example.org/stkg/id/obs_rel_K2BlackPanther_BTR80_20260205T224037Z_246_d_c	http://example.org/stkg/objectEntity	http://example.org/stkg/id/platform_BTR80
http://example.org/stkg/id/obs_rel_K2BlackPanther_BTR80_20260205T224037Z_246_d_c	http://example.org/stkg/relationType	http://example.org/stkg/id/relation_ahead_of
http://example.org/stkg/id/obs_rel_K2BlackPanther_BTR80_20260205T224037Z_246_d_c	http://example.org/stkg/time	"2026-02-05T22:40:37Z"^^<http://www.w3.org/2001/XMLSchema#dateTime>
http://example.org/stkg/id/obs_rel_K2BlackPanther_T90_20260205T224037Z_246_d_e	http://www.w3.org/1999/02/22-rdf-syntax-ns#type	http://example.org/stkg/id/SpatialRelationObservation
http://example.org/stkg/id/obs_rel_K2BlackPanther_T90_20260205T224037Z_246_d_e	http://example.org/stkg/subjectEntity	http://example.org/stkg/id/platform_K2BlackPanther
http://example.org/stkg/id/obs_rel_K2BlackPanther_T90_20260205T224037Z_246_d_e	http://example.org/stkg/objectEntity	http://example.org/stkg/id/platform_T90
http://example.org/stkg/id/obs_rel_K2BlackPanther_T90_20260205T224037Z_246_d_e	http://example.org/stkg/relationType	http://example.org/stkg/id/relation_ahead_of
http://example.org/stkg/id/obs_rel_K2BlackPanther_T90_20260205T224037Z_246_d_e	http://example.org/stkg/time	"2026-02-05T22:40:37Z"^^<http://www.w3.org/2001/XMLSchema#dateTime>
http://example.org/stkg/id/obs_rel_T90_K2BlackPanther_20260205T224037Z_246_e_d	http://www.w3.org/1999/02/22-rdf-syntax-ns#type	http://example.org/stkg/id/SpatialRelationObservation
http://example.org/stkg/id/obs_rel_T90_K2BlackPanther_20260205T224037Z_246_e_d	http://example.org/stkg/subjectEntity	http://example.org/stkg/id/platform_T90
http://example.org/stkg/id/obs_rel_T90_K2BlackPanther_20260205T224037Z_246_e_d	http://example.org/stkg/objectEntity	http://example.org/stkg/id/platform_K2BlackPanther
http://example.org/stkg/id/obs_rel_T90_K2BlackPanther_20260205T224037Z_246_e_d	http://example.org/stkg/relationType	http://example.org/stkg/id/relation_behind_of
http://example.org/stkg/id/obs_rel_T90_K2BlackPanther_20260205T224037Z_246_e_d	http://example.org/stkg/time	"2026-02-05T22:40:37Z"^^<http://www.w3.org/2001/XMLSchema#dateTime>
http://example.org/stkg/id/obs_rel_BTR80_T90_20260205T224037Z_246_c_e	http://www.w3.org/1999/02/22-rdf-syntax-ns#type	http://example.org/stkg/id/SpatialRelationObservation
http://example.org/stkg/id/obs_rel_BTR80_T90_20260205T224037Z_246_c_e	http://example.org/stkg/subjectEntity	http://example.org/stkg/id/platform_BTR80
http://example.org/stkg/id/obs_rel_BTR80_T90_20260205T224037Z_246_c_e	http://example.org/stkg/objectEntity	http://example.org/stkg/id/platform_T90
http://example.org/stkg/id/obs_rel_BTR80_T90_20260205T224037Z_246_c_e	http://example.org/stkg/relationType	http://example.org/stkg/id/relation_ahead_of
http://example.org/stkg/id/obs_rel_BTR80_T90_20260205T224037Z_246_c_e	http://example.org/stkg/time	"2026-02-05T22:40:37Z"^^<http://www.w3.org/2001/XMLSchema#dateTime>
http://example.org/stkg/id/obs_rel_T90_BTR80_20260205T224037Z_246_e_c	http://www.w3.org/1999/02/22-rdf-syntax-ns#type	http://example.org/stkg/id/SpatialRelationObservation
http://example.org/stkg/id/obs_rel_T90_BTR80_20260205T224037Z_246_e_c	http://example.org/stkg/subjectEntity	http://example.org/stkg/id/platform_T90
http://example.org/stkg/id/obs_rel_T90_BTR80_20260205T224037Z_246_e_c	http://example.org/stkg/objectEntity	http://example.org/stkg/id/platform_BTR80
http://example.org/stkg/id/obs_rel_T90_BTR80_20260205T224037Z_246_e_c	http://example.org/stkg/relationType	http://example.org/stkg/id/relation_behind_of
http://example.org/stkg/id/obs_rel_T90_BTR80_20260205T224037Z_246_e_c	http://example.org/stkg/time	"2026-02-05T22:40:37Z"^^<http://www.w3.org/2001/XMLSchema#dateTime>
http://example.org/stkg/id/obs_rel_BTR80_K2BlackPanther_20260205T224038Z_247_c_d	http://www.w3.org/1999/02/22-rdf-syntax-ns#type	http://example.org/stkg/id/SpatialRelationObservation
http://example.org/stkg/id/obs_rel_BTR80_K2BlackPanther_20260205T224038Z_247_c_d	http://example.org/stkg/subjectEntity	http://example.org/stkg/id/platform_BTR80
http://example.org/stkg/id/obs_rel_BTR80_K2BlackPanther_20260205T224038Z_247_c_d	http://example.org/stkg/objectEntity	http://example.org/stkg/id/platform_K2BlackPanther
http://example.org/stkg/id/obs_rel_BTR80_K2BlackPanther_20260205T224038Z_247_c_d	http://example.org/stkg/relationType	http://example.org/stkg/id/relation_behind_of
http://example.org/stkg/id/obs_rel_BTR80_K2BlackPanther_20260205T224038Z_247_c_d	http://example.org/stkg/time	"2026-02-05T22:40:38Z"^^<http://www.w3.org/2001/XMLSchema#dateTime>
http://example.org/stkg/id/obs_rel_K2BlackPanther_BTR80_20260205T224038Z_247_d_c	http://www.w3.org/1999/02/22-rdf-syntax-ns#type	http://example.org/stkg/id/SpatialRelationObservation
http://example.org/stkg/id/obs_rel_K2BlackPanther_BTR80_20260205T224038Z_247_d_c	http://example.org/stkg/subjectEntity	http://example.org/stkg/id/platform_K2BlackPanther
http://example.org/stkg/id/obs_rel_K2BlackPanther_BTR80_20260205T224038Z_247_d_c	http://example.org/stkg/objectEntity	http://example.org/stkg/id/platform_BTR80
http://example.org/stkg/id/obs_rel_K2BlackPanther_BTR80_20260205T224038Z_247_d_c	http://example.org/stkg/relationType	http://example.org/stkg/id/relation_ahead_of
http://example.org/stkg/id/obs_rel_K2BlackPanther_BTR80_20260205T224038Z_247_d_c	http://example.org/stkg/time	"2026-02-05T22:40:38Z"^^<http://www.w3.org/2001/XMLSchema#dateTime>
http://example.org/stkg/id/obs_rel_K2BlackPanther_T90_20260205T224038Z_247_d_e	http://www.w3.org/1999/02/22-rdf-syntax-ns#type	http://example.org/stkg/id/SpatialRelationObservation
http://example.org/stkg/id/obs_rel_K2BlackPanther_T90_20260205T224038Z_247_d_e	http://example.org/stkg/subjectEntity	http://example.org/stkg/id/platform_K2BlackPanther
http://example.org/stkg/id/obs_rel_K2BlackPanther_T90_20260205T224038Z_247_d_e	http://example.org/stkg/objectEntity	http://example.org/stkg/id/platform_T90
http://example.org/stkg/id/obs_rel_K2BlackPanther_T90_20260205T224038Z_247_d_e	http://example.org/stkg/relationType	http://example.org/stkg/id/relation_ahead_of
http://example.org/stkg/id/obs_rel_K2BlackPanther_T90_20260205T224038Z_247_d_e	http://example.org/stkg/time	"2026-02-05T22:40:38Z"^^<http://www.w3.org/2001/XMLSchema#dateTime>
http://example.org/stkg/id/obs_rel_T90_K2BlackPanther_20260205T224038Z_247_e_d	http://www.w3.org/1999/02/22-rdf-syntax-ns#type	http://example.org/stkg/id/SpatialRelationObservation
http://example.org/stkg/id/obs_rel_T90_K2BlackPanther_20260205T224038Z_247_e_d	http://example.org/stkg/subjectEntity	http://example.org/stkg/id/platform_T90
http://example.org/stkg/id/obs_rel_T90_K2BlackPanther_20260205T224038Z_247_e_d	http://example.org/stkg/objectEntity	http://example.org/stkg/id/platform_K2BlackPanther
http://example.org/stkg/id/obs_rel_T90_K2BlackPanther_20260205T224038Z_247_e_d	http://example.org/stkg/relationType	http://example.org/stkg/id/relation_behind_of
http://example.org/stkg/id/obs_rel_T90_K2BlackPanther_20260205T224038Z_247_e_d	http://example.org/stkg/time	"2026-02-05T22:40:38Z"^^<http://www.w3.org/2001/XMLSchema#dateTime>
http://example.org/stkg/id/obs_rel_BTR80_T90_20260205T224038Z_247_c_e	http://www.w3.org/1999/02/22-rdf-syntax-ns#type	http://example.org/stkg/id/SpatialRelationObservation
http://example.org/stkg/id/obs_rel_BTR80_T90_20260205T224038Z_247_c_e	http://example.org/stkg/subjectEntity	http://example.org/stkg/id/platform_BTR80
http://example.org/stkg/id/obs_rel_BTR80_T90_20260205T224038Z_247_c_e	http://example.org/stkg/objectEntity	http://example.org/stkg/id/platform_T90
http://example.org/stkg/id/obs_rel_BTR80_T90_20260205T224038Z_247_c_e	http://example.org/stkg/relationType	http://example.org/stkg/id/relation_ahead_of
http://example.org/stkg/id/obs_rel_BTR80_T90_20260205T224038Z_247_c_e	http://example.org/stkg/time	"2026-02-05T22:40:38Z"^^<http://www.w3.org/2001/XMLSchema#dateTime>
http://example.org/stkg/id/obs_rel_T90_BTR80_20260205T224038Z_247_e_c	http://www.w3.org/1999/02/22-rdf-syntax-ns#type	http://example.org/stkg/id/SpatialRelationObservation
http://example.org/stkg/id/obs_rel_T90_BTR80_20260205T224038Z_247_e_c	http://example.org/stkg/subjectEntity	http://example.org/stkg/id/platform_T90
http://example.org/stkg/id/obs_rel_T90_BTR80_20260205T224038Z_247_e_c	http://example.org/stkg/objectEntity	http://example.org/stkg/id/platform_BTR80
http://example.org/stkg/id/obs_rel_T90_BTR80_20260205T224038Z_247_e_c	http://example.org/stkg/relationType	http://example.org/stkg/id/relation_behind_of
http://example.org/stkg/id/obs_rel_T90_BTR80_20260205T224038Z_247_e_c	http://example.org/stkg/time	"2026-02-05T22:40:38Z"^^<http://www.w3.org/2001/XMLSchema#dateTime>
http://example.org/stkg/id/obs_rel_BTR80_K2BlackPanther_20260205T224039Z_248_c_d	http://www.w3.org/1999/02/22-rdf-syntax-ns#type	http://example.org/stkg/id/SpatialRelationObservation
http://example.org/stkg/id/obs_rel_BTR80_K2BlackPanther_20260205T224039Z_248_c_d	http://example.org/stkg/subjectEntity	http://example.org/stkg/id/platform_BTR80
http://example.org/stkg/id/obs_rel_BTR80_K2BlackPanther_20260205T224039Z_248_c_d	http://example.org/stkg/objectEntity	http://example.org/stkg/id/platform_K2BlackPanther
http://example.org/stkg/id/obs_rel_BTR80_K2BlackPanther_20260205T224039Z_248_c_d	http://example.org/stkg/relationType	http://example.org/stkg/id/relation_behind_of
http://example.org/stkg/id/obs_rel_BTR80_K2BlackPanther_20260205T224039Z_248_c_d	http://example.org/stkg/time	"2026-02-05T22:40:39Z"^^<http://www.w3.org/2001/XMLSchema#dateTime>
http://example.org/stkg/id/obs_rel_K2BlackPanther_BTR80_20260205T224039Z_248_d_c	http://www.w3.org/1999/02/22-rdf-syntax-ns#type	http://example.org/stkg/id/SpatialRelationObservation
http://example.org/stkg/id/obs_rel_K2BlackPanther_BTR80_20260205T224039Z_248_d_c	http://example.org/stkg/subjectEntity	http://example.org/stkg/id/platform_K2BlackPanther
http://example.org/stkg/id/obs_rel_K2BlackPanther_BTR80_20260205T224039Z_248_d_c	http://example.org/stkg/objectEntity	http://example.org/stkg/id/platform_BTR80
http://example.org/stkg/id/obs_rel_K2BlackPanther_BTR80_20260205T224039Z_248_d_c	http://example.org/stkg/relationType	http://example.org/stkg/id/relation_ahead_of
http://example.org/stkg/id/obs_rel_K2BlackPanther_BTR80_20260205T224039Z_248_d_c	http://example.org/stkg/time	"2026-02-05T22:40:39Z"^^<http://www.w3.org/2001/XMLSchema#dateTime>
http://example.org/stkg/id/obs_rel_K2BlackPanther_T90_20260205T224039Z_248_d_e	http://www.w3.org/1999/02/22-rdf-syntax-ns#type	http://example.org/stkg/id/SpatialRelationObservation
http://example.org/stkg/id/obs_rel_K2BlackPanther_T90_20260205T224039Z_248_d_e	http://example.org/stkg/subjectEntity	http://example.org/stkg/id/platform_K2BlackPanther
http://example.org/stkg/id/obs_rel_K2BlackPanther_T90_20260205T224039Z_248_d_e	http://example.org/stkg/objectEntity	http://example.org/stkg/id/platform_T90
http://example.org/stkg/id/obs_rel_K2BlackPanther_T90_20260205T224039Z_248_d_e	http://example.org/stkg/relationType	http://example.org/stkg/id/relation_ahead_of
http://example.org/stkg/id/obs_rel_K2BlackPanther_T90_20260205T224039Z_248_d_e	http://example.org/stkg/time	"2026-02-05T22:40:39Z"^^<http://www.w3.org/2001/XMLSchema#dateTime>
http://example.org/stkg/id/obs_rel_T90_K2BlackPanther_20260205T224039Z_248_e_d	http://www.w3.org/1999/02/22-rdf-syntax-ns#type	http://example.org/stkg/id/SpatialRelationObservation
http://example.org/stkg/id/obs_rel_T90_K2BlackPanther_20260205T224039Z_248_e_d	http://example.org/stkg/subjectEntity	http://example.org/stkg/id/platform_T90
http://example.org/stkg/id/obs_rel_T90_K2BlackPanther_20260205T224039Z_248_e_d	http://example.org/stkg/objectEntity	http://example.org/stkg/id/platform_K2BlackPanther
http://example.org/stkg/id/obs_rel_T90_K2BlackPanther_20260205T224039Z_248_e_d	http://example.org/stkg/relationType	http://example.org/stkg/id/relation_behind_of
http://example.org/stkg/id/obs_rel_T90_K2BlackPanther_20260205T224039Z_248_e_d	http://example.org/stkg/time	"2026-02-05T22:40:39Z"^^<http://www.w3.org/2001/XMLSchema#dateTime>
http://example.org/stkg/id/obs_rel_BTR80_T90_20260205T224039Z_248_c_e	http://www.w3.org/1999/02/22-rdf-syntax-ns#type	http://example.org/stkg/id/SpatialRelationObservation
http://example.org/stkg/id/obs_rel_BTR80_T90_20260205T224039Z_248_c_e	http://example.org/stkg/subjectEntity	http://example.org/stkg/id/platform_BTR80
http://example.org/stkg/id/obs_rel_BTR80_T90_20260205T224039Z_248_c_e	http://example.org/stkg/objectEntity	http://example.org/stkg/id/platform_T90
http://example.org/stkg/id/obs_rel_BTR80_T90_20260205T224039Z_248_c_e	http://example.org/stkg/relationType	http://example.org/stkg/id/relation_ahead_of
http://example.org/stkg/id/obs_rel_BTR80_T90_20260205T224039Z_248_c_e	http://example.org/stkg/time	"2026-02-05T22:40:39Z"^^<http://www.w3.org/2001/XMLSchema#dateTime>
http://example.org/stkg/id/obs_rel_T90_BTR80_20260205T224039Z_248_e_c	http://www.w3.org/1999/02/22-rdf-syntax-ns#type	http://example.org/stkg/id/SpatialRelationObservation
http://example.org/stkg/id/obs_rel_T90_BTR80_20260205T224039Z_248_e_c	http://example.org/stkg/subjectEntity	http://example.org/stkg/id/platform_T90
http://example.org/stkg/id/obs_rel_T90_BTR80_20260205T224039Z_248_e_c	http://example.org/stkg/objectEntity	http://example.org/stkg/id/platform_BTR80
http://example.org/stkg/id/obs_rel_T90_BTR80_20260205T224039Z_248_e_c	http://example.org/stkg/relationType	http://example.org/stkg/id/relation_behind_of
http://example.org/stkg/id/obs_rel_T90_BTR80_20260205T224039Z_248_e_c	http://example.org/stkg/time	"2026-02-05T22:40:39Z"^^<http://www.w3.org/2001/XMLSchema#dateTime>
http://example.org/stkg/id/obs_rel_BTR80_K2BlackPanther_20260205T224040Z_249_c_d	http://www.w3.org/1999/02/22-rdf-syntax-ns#type	http://example.org/stkg/id/SpatialRelationObservation
http://example.org/stkg/id/obs_rel_BTR80_K2BlackPanther_20260205T224040Z_249_c_d	http://example.org/stkg/subjectEntity	http://example.org/stkg/id/platform_BTR80
http://example.org/stkg/id/obs_rel_BTR80_K2BlackPanther_20260205T224040Z_249_c_d	http://example.org/stkg/objectEntity	http://example.org/stkg/id/platform_K2BlackPanther
http://example.org/stkg/id/obs_rel_BTR80_K2BlackPanther_20260205T224040Z_249_c_d	http://example.org/stkg/relationType	http://example.org/stkg/id/relation_behind_of
http://example.org/stkg/id/obs_rel_BTR80_K2BlackPanther_20260205T224040Z_249_c_d	http://example.org/stkg/time	"2026-02-05T22:40:40Z"^^<http://www.w3.org/2001/XMLSchema#dateTime>
http://example.org/stkg/id/obs_rel_K2BlackPanther_BTR80_20260205T224040Z_249_d_c	http://www.w3.org/1999/02/22-rdf-syntax-ns#type	http://example.org/stkg/id/SpatialRelationObservation
http://example.org/stkg/id/obs_rel_K2BlackPanther_BTR80_20260205T224040Z_249_d_c	http://example.org/stkg/subjectEntity	http://example.org/stkg/id/platform_K2BlackPanther
http://example.org/stkg/id/obs_rel_K2BlackPanther_BTR80_20260205T224040Z_249_d_c	http://example.org/stkg/objectEntity	http://example.org/stkg/id/platform_BTR80
http://example.org/stkg/id/obs_rel_K2BlackPanther_BTR80_20260205T224040Z_249_d_c	http://example.org/stkg/relationType	http://example.org/stkg/id/relation_ahead_of
http://example.org/stkg/id/obs_rel_K2BlackPanther_BTR80_20260205T224040Z_249_d_c	http://example.org/stkg/time	"2026-02-05T22:40:40Z"^^<http://www.w3.org/2001/XMLSchema#dateTime>
http://example.org/stkg/id/obs_rel_K2BlackPanther_T90_20260205T224040Z_249_d_e	http://www.w3.org/1999/02/22-rdf-syntax-ns#type	http://example.org/stkg/id/SpatialRelationObservation
http://example.org/stkg/id/obs_rel_K2BlackPanther_T90_20260205T224040Z_249_d_e	http://example.org/stkg/subjectEntity	http://example.org/stkg/id/platform_K2BlackPanther
http://example.org/stkg/id/obs_rel_K2BlackPanther_T90_20260205T224040Z_249_d_e	http://example.org/stkg/objectEntity	http://example.org/stkg/id/platform_T90
http://example.org/stkg/id/obs_rel_K2BlackPanther_T90_20260205T224040Z_249_d_e	http://example.org/stkg/relationType	http://example.org/stkg/id/relation_ahead_of
http://example.org/stkg/id/obs_rel_K2BlackPanther_T90_20260205T224040Z_249_d_e	http://example.org/stkg/time	"2026-02-05T22:40:40Z"^^<http://www.w3.org/2001/XMLSchema#dateTime>
http://example.org/stkg/id/obs_rel_T90_K2BlackPanther_20260205T224040Z_249_e_d	http://www.w3.org/1999/02/22-rdf-syntax-ns#type	http://example.org/stkg/id/SpatialRelationObservation
http://example.org/stkg/id/obs_rel_T90_K2BlackPanther_20260205T224040Z_249_e_d	http://example.org/stkg/subjectEntity	http://example.org/stkg/id/platform_T90
http://example.org/stkg/id/obs_rel_T90_K2BlackPanther_20260205T224040Z_249_e_d	http://example.org/stkg/objectEntity	http://example.org/stkg/id/platform_K2BlackPanther
http://example.org/stkg/id/obs_rel_T90_K2BlackPanther_20260205T224040Z_249_e_d	http://example.org/stkg/relationType	http://example.org/stkg/id/relation_behind_of
http://example.org/stkg/id/obs_rel_T90_K2BlackPanther_20260205T224040Z_249_e_d	http://example.org/stkg/time	"2026-02-05T22:40:40Z"^^<http://www.w3.org/2001/XMLSchema#dateTime>
http://example.org/stkg/id/obs_rel_BTR80_T90_20260205T224040Z_249_c_e	http://www.w3.org/1999/02/22-rdf-syntax-ns#type	http://example.org/stkg/id/SpatialRelationObservation
http://example.org/stkg/id/obs_rel_BTR80_T90_20260205T224040Z_249_c_e	http://example.org/stkg/subjectEntity	http://example.org/stkg/id/platform_BTR80
http://example.org/stkg/id/obs_rel_BTR80_T90_20260205T224040Z_249_c_e	http://example.org/stkg/objectEntity	http://example.org/stkg/id/platform_T90
http://example.org/stkg/id/obs_rel_BTR80_T90_20260205T224040Z_249_c_e	http://example.org/stkg/relationType	http://example.org/stkg/id/relation_ahead_of
http://example.org/stkg/id/obs_rel_BTR80_T90_20260205T224040Z_249_c_e	http://example.org/stkg/time	"2026-02-05T22:40:40Z"^^<http://www.w3.org/2001/XMLSchema#dateTime>
http://example.org/stkg/id/obs_rel_T90_BTR80_20260205T224040Z_249_e_c	http://www.w3.org/1999/02/22-rdf-syntax-ns#type	http://example.org/stkg/id/SpatialRelationObservation
http://example.org/stkg/id/obs_rel_T90_BTR80_20260205T224040Z_249_e_c	http://example.org/stkg/subjectEntity	http://example.org/stkg/id/platform_T90
http://example.org/stkg/id/obs_rel_T90_BTR80_20260205T224040Z_249_e_c	http://example.org/stkg/objectEntity	http://example.org/stkg/id/platform_BTR80
http://example.org/stkg/id/obs_rel_T90_BTR80_20260205T224040Z_249_e_c	http://example.org/stkg/relationType	http://example.org/stkg/id/relation_behind_of
http://example.org/stkg/id/obs_rel_T90_BTR80_20260205T224040Z_249_e_c	http://example.org/stkg/time	"2026-02-05T22:40:40Z"^^<http://www.w3.org/2001/XMLSchema#dateTime>
http://example.org/stkg/id/obs_rel_BTR80_K2BlackPanther_20260205T224041Z_250_c_d	http://www.w3.org/1999/02/22-rdf-syntax-ns#type	http://example.org/stkg/id/SpatialRelationObservation
http://example.org/stkg/id/obs_rel_BTR80_K2BlackPanther_20260205T224041Z_250_c_d	http://example.org/stkg/subjectEntity	http://example.org/stkg/id/platform_BTR80
http://example.org/stkg/id/obs_rel_BTR80_K2BlackPanther_20260205T224041Z_250_c_d	http://example.org/stkg/objectEntity	http://example.org/stkg/id/platform_K2BlackPanther
http://example.org/stkg/id/obs_rel_BTR80_K2BlackPanther_20260205T224041Z_250_c_d	http://example.org/stkg/relationType	http://example.org/stkg/id/relation_behind_of
http://example.org/stkg/id/obs_rel_BTR80_K2BlackPanther_20260205T224041Z_250_c_d	http://example.org/stkg/time	"2026-02-05T22:40:41Z"^^<http://www.w3.org/2001/XMLSchema#dateTime>
http://example.org/stkg/id/obs_rel_K2BlackPanther_BTR80_20260205T224041Z_250_d_c	http://www.w3.org/1999/02/22-rdf-syntax-ns#type	http://example.org/stkg/id/SpatialRelationObservation
http://example.org/stkg/id/obs_rel_K2BlackPanther_BTR80_20260205T224041Z_250_d_c	http://example.org/stkg/subjectEntity	http://example.org/stkg/id/platform_K2BlackPanther
http://example.org/stkg/id/obs_rel_K2BlackPanther_BTR80_20260205T224041Z_250_d_c	http://example.org/stkg/objectEntity	http://example.org/stkg/id/platform_BTR80
http://example.org/stkg/id/obs_rel_K2BlackPanther_BTR80_20260205T224041Z_250_d_c	http://example.org/stkg/relationType	http://example.org/stkg/id/relation_ahead_of
http://example.org/stkg/id/obs_rel_K2BlackPanther_BTR80_20260205T224041Z_250_d_c	http://example.org/stkg/time	"2026-02-05T22:40:41Z"^^<http://www.w3.org/2001/XMLSchema#dateTime>
http://example.org/stkg/id/obs_rel_K2BlackPanther_T90_20260205T224041Z_250_d_e	http://www.w3.org/1999/02/22-rdf-syntax-ns#type	http://example.org/stkg/id/SpatialRelationObservation
http://example.org/stkg/id/obs_rel_K2BlackPanther_T90_20260205T224041Z_250_d_e	http://example.org/stkg/subjectEntity	http://example.org/stkg/id/platform_K2BlackPanther
http://example.org/stkg/id/obs_rel_K2BlackPanther_T90_20260205T224041Z_250_d_e	http://example.org/stkg/objectEntity	http://example.org/stkg/id/platform_T90
http://example.org/stkg/id/obs_rel_K2BlackPanther_T90_20260205T224041Z_250_d_e	http://example.org/stkg/relationType	http://example.org/stkg/id/relation_ahead_of
http://example.org/stkg/id/obs_rel_K2BlackPanther_T90_20260205T224041Z_250_d_e	http://example.org/stkg/time	"2026-02-05T22:40:41Z"^^<http://www.w3.org/2001/XMLSchema#dateTime>
http://example.org/stkg/id/obs_rel_T90_K2BlackPanther_20260205T224041Z_250_e_d	http://www.w3.org/1999/02/22-rdf-syntax-ns#type	http://example.org/stkg/id/SpatialRelationObservation
http://example.org/stkg/id/obs_rel_T90_K2BlackPanther_20260205T224041Z_250_e_d	http://example.org/stkg/subjectEntity	http://example.org/stkg/id/platform_T90
http://example.org/stkg/id/obs_rel_T90_K2BlackPanther_20260205T224041Z_250_e_d	http://example.org/stkg/objectEntity	http://example.org/stkg/id/platform_K2BlackPanther
http://example.org/stkg/id/obs_rel_T90_K2BlackPanther_20260205T224041Z_250_e_d	http://example.org/stkg/relationType	http://example.org/stkg/id/relation_behind_of
http://example.org/stkg/id/obs_rel_T90_K2BlackPanther_20260205T224041Z_250_e_d	http://example.org/stkg/time	"2026-02-05T22:40:41Z"^^<http://www.w3.org/2001/XMLSchema#dateTime>
http://example.org/stkg/id/obs_rel_BTR80_T90_20260205T224041Z_250_c_e	http://www.w3.org/1999/02/22-rdf-syntax-ns#type	http://example.org/stkg/id/SpatialRelationObservation
http://example.org/stkg/id/obs_rel_BTR80_T90_20260205T224041Z_250_c_e	http://example.org/stkg/subjectEntity	http://example.org/stkg/id/platform_BTR80
http://example.org/stkg/id/obs_rel_BTR80_T90_20260205T224041Z_250_c_e	http://example.org/stkg/objectEntity	http://example.org/stkg/id/platform_T90
http://example.org/stkg/id/obs_rel_BTR80_T90_20260205T224041Z_250_c_e	http://example.org/stkg/relationType	http://example.org/stkg/id/relation_ahead_of
http://example.org/stkg/id/obs_rel_BTR80_T90_20260205T224041Z_250_c_e	http://example.org/stkg/time	"2026-02-05T22:40:41Z"^^<http://www.w3.org/2001/XMLSchema#dateTime>
http://example.org/stkg/id/obs_rel_T90_BTR80_20260205T224041Z_250_e_c	http://www.w3.org/1999/02/22-rdf-syntax-ns#type	http://example.org/stkg/id/SpatialRelationObservation
http://example.org/stkg/id/obs_rel_T90_BTR80_20260205T224041Z_250_e_c	http://example.org/stkg/subjectEntity	http://example.org/stkg/id/platform_T90
http://example.org/stkg/id/obs_rel_T90_BTR80_20260205T224041Z_250_e_c	http://example.org/stkg/objectEntity	http://example.org/stkg/id/platform_BTR80
http://example.org/stkg/id/obs_rel_T90_BTR80_20260205T224041Z_250_e_c	http://example.org/stkg/relationType	http://example.org/stkg/id/relation_behind_of
http://example.org/stkg/id/obs_rel_T90_BTR80_20260205T224041Z_250_e_c	http://example.org/stkg/time	"2026-02-05T22:40:41Z"^^<http://www.w3.org/2001/XMLSchema#dateTime>
http://example.org/stkg/id/obs_rel_BTR80_K2BlackPanther_20260205T224042Z_251_c_d	http://www.w3.org/1999/02/22-rdf-syntax-ns#type	http://example.org/stkg/id/SpatialRelationObservation
http://example.org/stkg/id/obs_rel_BTR80_K2BlackPanther_20260205T224042Z_251_c_d	http://example.org/stkg/subjectEntity	http://example.org/stkg/id/platform_BTR80
http://example.org/stkg/id/obs_rel_BTR80_K2BlackPanther_20260205T224042Z_251_c_d	http://example.org/stkg/objectEntity	http://example.org/stkg/id/platform_K2BlackPanther
http://example.org/stkg/id/obs_rel_BTR80_K2BlackPanther_20260205T224042Z_251_c_d	http://example.org/stkg/relationType	http://example.org/stkg/id/relation_behind_of
http://example.org/stkg/id/obs_rel_BTR80_K2BlackPanther_20260205T224042Z_251_c_d	http://example.org/stkg/time	"2026-02-05T22:40:42Z"^^<http://www.w3.org/2001/XMLSchema#dateTime>
http://example.org/stkg/id/obs_rel_K2BlackPanther_BTR80_20260205T224042Z_251_d_c	http://www.w3.org/1999/02/22-rdf-syntax-ns#type	http://example.org/stkg/id/SpatialRelationObservation
http://example.org/stkg/id/obs_rel_K2BlackPanther_BTR80_20260205T224042Z_251_d_c	http://example.org/stkg/subjectEntity	http://example.org/stkg/id/platform_K2BlackPanther
http://example.org/stkg/id/obs_rel_K2BlackPanther_BTR80_20260205T224042Z_251_d_c	http://example.org/stkg/objectEntity	http://example.org/stkg/id/platform_BTR80
http://example.org/stkg/id/obs_rel_K2BlackPanther_BTR80_20260205T224042Z_251_d_c	http://example.org/stkg/relationType	http://example.org/stkg/id/relation_ahead_of
http://example.org/stkg/id/obs_rel_K2BlackPanther_BTR80_20260205T224042Z_251_d_c	http://example.org/stkg/time	"2026-02-05T22:40:42Z"^^<http://www.w3.org/2001/XMLSchema#dateTime>
http://example.org/stkg/id/obs_rel_K2BlackPanther_T90_20260205T224042Z_251_d_e	http://www.w3.org/1999/02/22-rdf-syntax-ns#type	http://example.org/stkg/id/SpatialRelationObservation
http://example.org/stkg/id/obs_rel_K2BlackPanther_T90_20260205T224042Z_251_d_e	http://example.org/stkg/subjectEntity	http://example.org/stkg/id/platform_K2BlackPanther
http://example.org/stkg/id/obs_rel_K2BlackPanther_T90_20260205T224042Z_251_d_e	http://example.org/stkg/objectEntity	http://example.org/stkg/id/platform_T90
http://example.org/stkg/id/obs_rel_K2BlackPanther_T90_20260205T224042Z_251_d_e	http://example.org/stkg/relationType	http://example.org/stkg/id/relation_ahead_of
http://example.org/stkg/id/obs_rel_K2BlackPanther_T90_20260205T224042Z_251_d_e	http://example.org/stkg/time	"2026-02-05T22:40:42Z"^^<http://www.w3.org/2001/XMLSchema#dateTime>
http://example.org/stkg/id/obs_rel_T90_K2BlackPanther_20260205T224042Z_251_e_d	http://www.w3.org/1999/02/22-rdf-syntax-ns#type	http://example.org/stkg/id/SpatialRelationObservation
http://example.org/stkg/id/obs_rel_T90_K2BlackPanther_20260205T224042Z_251_e_d	http://example.org/stkg/subjectEntity	http://example.org/stkg/id/platform_T90
http://example.org/stkg/id/obs_rel_T90_K2BlackPanther_20260205T224042Z_251_e_d	http://example.org/stkg/objectEntity	http://example.org/stkg/id/platform_K2BlackPanther
http://example.org/stkg/id/obs_rel_T90_K2BlackPanther_20260205T224042Z_251_e_d	http://example.org/stkg/relationType	http://example.org/stkg/id/relation_behind_of
http://example.org/stkg/id/obs_rel_T90_K2BlackPanther_20260205T224042Z_251_e_d	http://example.org/stkg/time	"2026-02-05T22:40:42Z"^^<http://www.w3.org/2001/XMLSchema#dateTime>
http://example.org/stkg/id/obs_rel_BTR80_T90_20260205T224042Z_251_c_e	http://www.w3.org/1999/02/22-rdf-syntax-ns#type	http://example.org/stkg/id/SpatialRelationObservation
http://example.org/stkg/id/obs_rel_BTR80_T90_20260205T224042Z_251_c_e	http://example.org/stkg/subjectEntity	http://example.org/stkg/id/platform_BTR80
http://example.org/stkg/id/obs_rel_BTR80_T90_20260205T224042Z_251_c_e	http://example.org/stkg/objectEntity	http://example.org/stkg/id/platform_T90
http://example.org/stkg/id/obs_rel_BTR80_T90_20260205T224042Z_251_c_e	http://example.org/stkg/relationType	http://example.org/stkg/id/relation_ahead_of
http://example.org/stkg/id/obs_rel_BTR80_T90_20260205T224042Z_251_c_e	http://example.org/stkg/time	"2026-02-05T22:40:42Z"^^<http://www.w3.org/2001/XMLSchema#dateTime>
http://example.org/stkg/id/obs_rel_T90_BTR80_20260205T224042Z_251_e_c	http://www.w3.org/1999/02/22-rdf-syntax-ns#type	http://example.org/stkg/id/SpatialRelationObservation
http://example.org/stkg/id/obs_rel_T90_BTR80_20260205T224042Z_251_e_c	http://example.org/stkg/subjectEntity	http://example.org/stkg/id/platform_T90
http://example.org/stkg/id/obs_rel_T90_BTR80_20260205T224042Z_251_e_c	http://example.org/stkg/objectEntity	http://example.org/stkg/id/platform_BTR80
http://example.org/stkg/id/obs_rel_T90_BTR80_20260205T224042Z_251_e_c	http://example.org/stkg/relationType	http://example.org/stkg/id/relation_behind_of
http://example.org/stkg/id/obs_rel_T90_BTR80_20260205T224042Z_251_e_c	http://example.org/stkg/time	"2026-02-05T22:40:42Z"^^<http://www.w3.org/2001/XMLSchema#dateTime>
http://example.org/stkg/id/obs_rel_BTR80_K2BlackPanther_20260205T224043Z_252_c_d	http://www.w3.org/1999/02/22-rdf-syntax-ns#type	http://example.org/stkg/id/SpatialRelationObservation
http://example.org/stkg/id/obs_rel_BTR80_K2BlackPanther_20260205T224043Z_252_c_d	http://example.org/stkg/subjectEntity	http://example.org/stkg/id/platform_BTR80
http://example.org/stkg/id/obs_rel_BTR80_K2BlackPanther_20260205T224043Z_252_c_d	http://example.org/stkg/objectEntity	http://example.org/stkg/id/platform_K2BlackPanther
http://example.org/stkg/id/obs_rel_BTR80_K2BlackPanther_20260205T224043Z_252_c_d	http://example.org/stkg/relationType	http://example.org/stkg/id/relation_behind_of
http://example.org/stkg/id/obs_rel_BTR80_K2BlackPanther_20260205T224043Z_252_c_d	http://example.org/stkg/time	"2026-02-05T22:40:43Z"^^<http://www.w3.org/2001/XMLSchema#dateTime>
http://example.org/stkg/id/obs_rel_K2BlackPanther_BTR80_20260205T224043Z_252_d_c	http://www.w3.org/1999/02/22-rdf-syntax-ns#type	http://example.org/stkg/id/SpatialRelationObservation
http://example.org/stkg/id/obs_rel_K2BlackPanther_BTR80_20260205T224043Z_252_d_c	http://example.org/stkg/subjectEntity	http://example.org/stkg/id/platform_K2BlackPanther
http://example.org/stkg/id/obs_rel_K2BlackPanther_BTR80_20260205T224043Z_252_d_c	http://example.org/stkg/objectEntity	http://example.org/stkg/id/platform_BTR80
http://example.org/stkg/id/obs_rel_K2BlackPanther_BTR80_20260205T224043Z_252_d_c	http://example.org/stkg/relationType	http://example.org/stkg/id/relation_ahead_of
http://example.org/stkg/id/obs_rel_K2BlackPanther_BTR80_20260205T224043Z_252_d_c	http://example.org/stkg/time	"2026-02-05T22:40:43Z"^^<http://www.w3.org/2001/XMLSchema#dateTime>
http://example.org/stkg/id/obs_rel_K2BlackPanther_T90_20260205T224043Z_252_d_e	http://www.w3.org/1999/02/22-rdf-syntax-ns#type	http://example.org/stkg/id/SpatialRelationObservation
http://example.org/stkg/id/obs_rel_K2BlackPanther_T90_20260205T224043Z_252_d_e	http://example.org/stkg/subjectEntity	http://example.org/stkg/id/platform_K2BlackPanther
http://example.org/stkg/id/obs_rel_K2BlackPanther_T90_20260205T224043Z_252_d_e	http://example.org/stkg/objectEntity	http://example.org/stkg/id/platform_T90
http://example.org/stkg/id/obs_rel_K2BlackPanther_T90_20260205T224043Z_252_d_e	http://example.org/stkg/relationType	http://example.org/stkg/id/relation_ahead_of
http://example.org/stkg/id/obs_rel_K2BlackPanther_T90_20260205T224043Z_252_d_e	http://example.org/stkg/time	"2026-02-05T22:40:43Z"^^<http://www.w3.org/2001/XMLSchema#dateTime>
http://example.org/stkg/id/obs_rel_T90_K2BlackPanther_20260205T224043Z_252_e_d	http://www.w3.org/1999/02/22-rdf-syntax-ns#type	http://example.org/stkg/id/SpatialRelationObservation
http://example.org/stkg/id/obs_rel_T90_K2BlackPanther_20260205T224043Z_252_e_d	http://example.org/stkg/subjectEntity	http://example.org/stkg/id/platform_T90
http://example.org/stkg/id/obs_rel_T90_K2BlackPanther_20260205T224043Z_252_e_d	http://example.org/stkg/objectEntity	http://example.org/stkg/id/platform_K2BlackPanther
http://example.org/stkg/id/obs_rel_T90_K2BlackPanther_20260205T224043Z_252_e_d	http://example.org/stkg/relationType	http://example.org/stkg/id/relation_behind_of
http://example.org/stkg/id/obs_rel_T90_K2BlackPanther_20260205T224043Z_252_e_d	http://example.org/stkg/time	"2026-02-05T22:40:43Z"^^<http://www.w3.org/2001/XMLSchema#dateTime>
http://example.org/stkg/id/obs_rel_BTR80_T90_20260205T224043Z_252_c_e	http://www.w3.org/1999/02/22-rdf-syntax-ns#type	http://example.org/stkg/id/SpatialRelationObservation
http://example.org/stkg/id/obs_rel_BTR80_T90_20260205T224043Z_252_c_e	http://example.org/stkg/subjectEntity	http://example.org/stkg/id/platform_BTR80
http://example.org/stkg/id/obs_rel_BTR80_T90_20260205T224043Z_252_c_e	http://example.org/stkg/objectEntity	http://example.org/stkg/id/platform_T90
http://example.org/stkg/id/obs_rel_BTR80_T90_20260205T224043Z_252_c_e	http://example.org/stkg/relationType	http://example.org/stkg/id/relation_ahead_of
http://example.org/stkg/id/obs_rel_BTR80_T90_20260205T224043Z_252_c_e	http://example.org/stkg/time	"2026-02-05T22:40:43Z"^^<http://www.w3.org/2001/XMLSchema#dateTime>
http://example.org/stkg/id/obs_rel_T90_BTR80_20260205T224043Z_252_e_c	http://www.w3.org/1999/02/22-rdf-syntax-ns#type	http://example.org/stkg/id/SpatialRelationObservation
http://example.org/stkg/id/obs_rel_T90_BTR80_20260205T224043Z_252_e_c	http://example.org/stkg/subjectEntity	http://example.org/stkg/id/platform_T90
http://example.org/stkg/id/obs_rel_T90_BTR80_20260205T224043Z_252_e_c	http://example.org/stkg/objectEntity	http://example.org/stkg/id/platform_BTR80
http://example.org/stkg/id/obs_rel_T90_BTR80_20260205T224043Z_252_e_c	http://example.org/stkg/relationType	http://example.org/stkg/id/relation_behind_of
http://example.org/stkg/id/obs_rel_T90_BTR80_20260205T224043Z_252_e_c	http://example.org/stkg/time	"2026-02-05T22:40:43Z"^^<http://www.w3.org/2001/XMLSchema#dateTime>
http://example.org/stkg/id/obs_rel_BTR80_K2BlackPanther_20260205T224044Z_253_c_d	http://www.w3.org/1999/02/22-rdf-syntax-ns#type	http://example.org/stkg/id/SpatialRelationObservation
http://example.org/stkg/id/obs_rel_BTR80_K2BlackPanther_20260205T224044Z_253_c_d	http://example.org/stkg/subjectEntity	http://example.org/stkg/id/platform_BTR80
http://example.org/stkg/id/obs_rel_BTR80_K2BlackPanther_20260205T224044Z_253_c_d	http://example.org/stkg/objectEntity	http://example.org/stkg/id/platform_K2BlackPanther
http://example.org/stkg/id/obs_rel_BTR80_K2BlackPanther_20260205T224044Z_253_c_d	http://example.org/stkg/relationType	http://example.org/stkg/id/relation_behind_of
http://example.org/stkg/id/obs_rel_BTR80_K2BlackPanther_20260205T224044Z_253_c_d	http://example.org/stkg/time	"2026-02-05T22:40:44Z"^^<http://www.w3.org/2001/XMLSchema#dateTime>
http://example.org/stkg/id/obs_rel_K2BlackPanther_BTR80_20260205T224044Z_253_d_c	http://www.w3.org/1999/02/22-rdf-syntax-ns#type	http://example.org/stkg/id/SpatialRelationObservation
http://example.org/stkg/id/obs_rel_K2BlackPanther_BTR80_20260205T224044Z_253_d_c	http://example.org/stkg/subjectEntity	http://example.org/stkg/id/platform_K2BlackPanther
http://example.org/stkg/id/obs_rel_K2BlackPanther_BTR80_20260205T224044Z_253_d_c	http://example.org/stkg/objectEntity	http://example.org/stkg/id/platform_BTR80
http://example.org/stkg/id/obs_rel_K2BlackPanther_BTR80_20260205T224044Z_253_d_c	http://example.org/stkg/relationType	http://example.org/stkg/id/relation_ahead_of
http://example.org/stkg/id/obs_rel_K2BlackPanther_BTR80_20260205T224044Z_253_d_c	http://example.org/stkg/time	"2026-02-05T22:40:44Z"^^<http://www.w3.org/2001/XMLSchema#dateTime>
http://example.org/stkg/id/obs_rel_K2BlackPanther_T90_20260205T224044Z_253_d_e	http://www.w3.org/1999/02/22-rdf-syntax-ns#type	http://example.org/stkg/id/SpatialRelationObservation
http://example.org/stkg/id/obs_rel_K2BlackPanther_T90_20260205T224044Z_253_d_e	http://example.org/stkg/subjectEntity	http://example.org/stkg/id/platform_K2BlackPanther
http://example.org/stkg/id/obs_rel_K2BlackPanther_T90_20260205T224044Z_253_d_e	http://example.org/stkg/objectEntity	http://example.org/stkg/id/platform_T90
http://example.org/stkg/id/obs_rel_K2BlackPanther_T90_20260205T224044Z_253_d_e	http://example.org/stkg/relationType	http://example.org/stkg/id/relation_ahead_of
http://example.org/stkg/id/obs_rel_K2BlackPanther_T90_20260205T224044Z_253_d_e	http://example.org/stkg/time	"2026-02-05T22:40:44Z"^^<http://www.w3.org/2001/XMLSchema#dateTime>
http://example.org/stkg/id/obs_rel_T90_K2BlackPanther_20260205T224044Z_253_e_d	http://www.w3.org/1999/02/22-rdf-syntax-ns#type	http://example.org/stkg/id/SpatialRelationObservation
http://example.org/stkg/id/obs_rel_T90_K2BlackPanther_20260205T224044Z_253_e_d	http://example.org/stkg/subjectEntity	http://example.org/stkg/id/platform_T90
http://example.org/stkg/id/obs_rel_T90_K2BlackPanther_20260205T224044Z_253_e_d	http://example.org/stkg/objectEntity	http://example.org/stkg/id/platform_K2BlackPanther
http://example.org/stkg/id/obs_rel_T90_K2BlackPanther_20260205T224044Z_253_e_d	http://example.org/stkg/relationType	http://example.org/stkg/id/relation_behind_of
http://example.org/stkg/id/obs_rel_T90_K2BlackPanther_20260205T224044Z_253_e_d	http://example.org/stkg/time	"2026-02-05T22:40:44Z"^^<http://www.w3.org/2001/XMLSchema#dateTime>
http://example.org/stkg/id/obs_rel_BTR80_T90_20260205T224044Z_253_c_e	http://www.w3.org/1999/02/22-rdf-syntax-ns#type	http://example.org/stkg/id/SpatialRelationObservation
http://example.org/stkg/id/obs_rel_BTR80_T90_20260205T224044Z_253_c_e	http://example.org/stkg/subjectEntity	http://example.org/stkg/id/platform_BTR80
http://example.org/stkg/id/obs_rel_BTR80_T90_20260205T224044Z_253_c_e	http://example.org/stkg/objectEntity	http://example.org/stkg/id/platform_T90
http://example.org/stkg/id/obs_rel_BTR80_T90_20260205T224044Z_253_c_e	http://example.org/stkg/relationType	http://example.org/stkg/id/relation_ahead_of
http://example.org/stkg/id/obs_rel_BTR80_T90_20260205T224044Z_253_c_e	http://example.org/stkg/time	"2026-02-05T22:40:44Z"^^<http://www.w3.org/2001/XMLSchema#dateTime>
http://example.org/stkg/id/obs_rel_T90_BTR80_20260205T224044Z_253_e_c	http://www.w3.org/1999/02/22-rdf-syntax-ns#type	http://example.org/stkg/id/SpatialRelationObservation
http://example.org/stkg/id/obs_rel_T90_BTR80_20260205T224044Z_253_e_c	http://example.org/stkg/subjectEntity	http://example.org/stkg/id/platform_T90
http://example.org/stkg/id/obs_rel_T90_BTR80_20260205T224044Z_253_e_c	http://example.org/stkg/objectEntity	http://example.org/stkg/id/platform_BTR80
http://example.org/stkg/id/obs_rel_T90_BTR80_20260205T224044Z_253_e_c	http://example.org/stkg/relationType	http://example.org/stkg/id/relation_behind_of
http://example.org/stkg/id/obs_rel_T90_BTR80_20260205T224044Z_253_e_c	http://example.org/stkg/time	"2026-02-05T22:40:44Z"^^<http://www.w3.org/2001/XMLSchema#dateTime>
http://example.org/stkg/id/obs_rel_BTR80_K2BlackPanther_20260205T224045Z_254_c_d	http://www.w3.org/1999/02/22-rdf-syntax-ns#type	http://example.org/stkg/id/SpatialRelationObservation
http://example.org/stkg/id/obs_rel_BTR80_K2BlackPanther_20260205T224045Z_254_c_d	http://example.org/stkg/subjectEntity	http://example.org/stkg/id/platform_BTR80
http://example.org/stkg/id/obs_rel_BTR80_K2BlackPanther_20260205T224045Z_254_c_d	http://example.org/stkg/objectEntity	http://example.org/stkg/id/platform_K2BlackPanther
http://example.org/stkg/id/obs_rel_BTR80_K2BlackPanther_20260205T224045Z_254_c_d	http://example.org/stkg/relationType	http://example.org/stkg/id/relation_behind_of
http://example.org/stkg/id/obs_rel_BTR80_K2BlackPanther_20260205T224045Z_254_c_d	http://example.org/stkg/time	"2026-02-05T22:40:45Z"^^<http://www.w3.org/2001/XMLSchema#dateTime>
http://example.org/stkg/id/obs_rel_K2BlackPanther_BTR80_20260205T224045Z_254_d_c	http://www.w3.org/1999/02/22-rdf-syntax-ns#type	http://example.org/stkg/id/SpatialRelationObservation
http://example.org/stkg/id/obs_rel_K2BlackPanther_BTR80_20260205T224045Z_254_d_c	http://example.org/stkg/subjectEntity	http://example.org/stkg/id/platform_K2BlackPanther
http://example.org/stkg/id/obs_rel_K2BlackPanther_BTR80_20260205T224045Z_254_d_c	http://example.org/stkg/objectEntity	http://example.org/stkg/id/platform_BTR80
http://example.org/stkg/id/obs_rel_K2BlackPanther_BTR80_20260205T224045Z_254_d_c	http://example.org/stkg/relationType	http://example.org/stkg/id/relation_ahead_of
http://example.org/stkg/id/obs_rel_K2BlackPanther_BTR80_20260205T224045Z_254_d_c	http://example.org/stkg/time	"2026-02-05T22:40:45Z"^^<http://www.w3.org/2001/XMLSchema#dateTime>
http://example.org/stkg/id/obs_rel_K2BlackPanther_T90_20260205T224045Z_254_d_e	http://www.w3.org/1999/02/22-rdf-syntax-ns#type	http://example.org/stkg/id/SpatialRelationObservation
http://example.org/stkg/id/obs_rel_K2BlackPanther_T90_20260205T224045Z_254_d_e	http://example.org/stkg/subjectEntity	http://example.org/stkg/id/platform_K2BlackPanther
http://example.org/stkg/id/obs_rel_K2BlackPanther_T90_20260205T224045Z_254_d_e	http://example.org/stkg/objectEntity	http://example.org/stkg/id/platform_T90
http://example.org/stkg/id/obs_rel_K2BlackPanther_T90_20260205T224045Z_254_d_e	http://example.org/stkg/relationType	http://example.org/stkg/id/relation_ahead_of
http://example.org/stkg/id/obs_rel_K2BlackPanther_T90_20260205T224045Z_254_d_e	http://example.org/stkg/time	"2026-02-05T22:40:45Z"^^<http://www.w3.org/2001/XMLSchema#dateTime>
http://example.org/stkg/id/obs_rel_T90_K2BlackPanther_20260205T224045Z_254_e_d	http://www.w3.org/1999/02/22-rdf-syntax-ns#type	http://example.org/stkg/id/SpatialRelationObservation
http://example.org/stkg/id/obs_rel_T90_K2BlackPanther_20260205T224045Z_254_e_d	http://example.org/stkg/subjectEntity	http://example.org/stkg/id/platform_T90
http://example.org/stkg/id/obs_rel_T90_K2BlackPanther_20260205T224045Z_254_e_d	http://example.org/stkg/objectEntity	http://example.org/stkg/id/platform_K2BlackPanther
http://example.org/stkg/id/obs_rel_T90_K2BlackPanther_20260205T224045Z_254_e_d	http://example.org/stkg/relationType	http://example.org/stkg/id/relation_behind_of
http://example.org/stkg/id/obs_rel_T90_K2BlackPanther_20260205T224045Z_254_e_d	http://example.org/stkg/time	"2026-02-05T22:40:45Z"^^<http://www.w3.org/2001/XMLSchema#dateTime>
http://example.org/stkg/id/obs_rel_BTR80_T90_20260205T224045Z_254_c_e	http://www.w3.org/1999/02/22-rdf-syntax-ns#type	http://example.org/stkg/id/SpatialRelationObservation
http://example.org/stkg/id/obs_rel_BTR80_T90_20260205T224045Z_254_c_e	http://example.org/stkg/subjectEntity	http://example.org/stkg/id/platform_BTR80
http://example.org/stkg/id/obs_rel_BTR80_T90_20260205T224045Z_254_c_e	http://example.org/stkg/objectEntity	http://example.org/stkg/id/platform_T90
http://example.org/stkg/id/obs_rel_BTR80_T90_20260205T224045Z_254_c_e	http://example.org/stkg/relationType	http://example.org/stkg/id/relation_ahead_of
http://example.org/stkg/id/obs_rel_BTR80_T90_20260205T224045Z_254_c_e	http://example.org/stkg/time	"2026-02-05T22:40:45Z"^^<http://www.w3.org/2001/XMLSchema#dateTime>
http://example.org/stkg/id/obs_rel_T90_BTR80_20260205T224045Z_254_e_c	http://www.w3.org/1999/02/22-rdf-syntax-ns#type	http://example.org/stkg/id/SpatialRelationObservation
http://example.org/stkg/id/obs_rel_T90_BTR80_20260205T224045Z_254_e_c	http://example.org/stkg/subjectEntity	http://example.org/stkg/id/platform_T90
http://example.org/stkg/id/obs_rel_T90_BTR80_20260205T224045Z_254_e_c	http://example.org/stkg/objectEntity	http://example.org/stkg/id/platform_BTR80
http://example.org/stkg/id/obs_rel_T90_BTR80_20260205T224045Z_254_e_c	http://example.org/stkg/relationType	http://example.org/stkg/id/relation_behind_of
http://example.org/stkg/id/obs_rel_T90_BTR80_20260205T224045Z_254_e_c	http://example.org/stkg/time	"2026-02-05T22:40:45Z"^^<http://www.w3.org/2001/XMLSchema#dateTime>
http://example.org/stkg/id/obs_rel_BTR80_K2BlackPanther_20260205T224046Z_255_c_d	http://www.w3.org/1999/02/22-rdf-syntax-ns#type	http://example.org/stkg/id/SpatialRelationObservation
http://example.org/stkg/id/obs_rel_BTR80_K2BlackPanther_20260205T224046Z_255_c_d	http://example.org/stkg/subjectEntity	http://example.org/stkg/id/platform_BTR80
http://example.org/stkg/id/obs_rel_BTR80_K2BlackPanther_20260205T224046Z_255_c_d	http://example.org/stkg/objectEntity	http://example.org/stkg/id/platform_K2BlackPanther
http://example.org/stkg/id/obs_rel_BTR80_K2BlackPanther_20260205T224046Z_255_c_d	http://example.org/stkg/relationType	http://example.org/stkg/id/relation_behind_of
http://example.org/stkg/id/obs_rel_BTR80_K2BlackPanther_20260205T224046Z_255_c_d	http://example.org/stkg/time	"2026-02-05T22:40:46Z"^^<http://www.w3.org/2001/XMLSchema#dateTime>
http://example.org/stkg/id/obs_rel_K2BlackPanther_BTR80_20260205T224046Z_255_d_c	http://www.w3.org/1999/02/22-rdf-syntax-ns#type	http://example.org/stkg/id/SpatialRelationObservation
http://example.org/stkg/id/obs_rel_K2BlackPanther_BTR80_20260205T224046Z_255_d_c	http://example.org/stkg/subjectEntity	http://example.org/stkg/id/platform_K2BlackPanther
http://example.org/stkg/id/obs_rel_K2BlackPanther_BTR80_20260205T224046Z_255_d_c	http://example.org/stkg/objectEntity	http://example.org/stkg/id/platform_BTR80
http://example.org/stkg/id/obs_rel_K2BlackPanther_BTR80_20260205T224046Z_255_d_c	http://example.org/stkg/relationType	http://example.org/stkg/id/relation_ahead_of
http://example.org/stkg/id/obs_rel_K2BlackPanther_BTR80_20260205T224046Z_255_d_c	http://example.org/stkg/time	"2026-02-05T22:40:46Z"^^<http://www.w3.org/2001/XMLSchema#dateTime>
http://example.org/stkg/id/obs_rel_K2BlackPanther_T90_20260205T224046Z_255_d_e	http://www.w3.org/1999/02/22-rdf-syntax-ns#type	http://example.org/stkg/id/SpatialRelationObservation
http://example.org/stkg/id/obs_rel_K2BlackPanther_T90_20260205T224046Z_255_d_e	http://example.org/stkg/subjectEntity	http://example.org/stkg/id/platform_K2BlackPanther
http://example.org/stkg/id/obs_rel_K2BlackPanther_T90_20260205T224046Z_255_d_e	http://example.org/stkg/objectEntity	http://example.org/stkg/id/platform_T90
http://example.org/stkg/id/obs_rel_K2BlackPanther_T90_20260205T224046Z_255_d_e	http://example.org/stkg/relationType	http://example.org/stkg/id/relation_ahead_of
http://example.org/stkg/id/obs_rel_K2BlackPanther_T90_20260205T224046Z_255_d_e	http://example.org/stkg/time	"2026-02-05T22:40:46Z"^^<http://www.w3.org/2001/XMLSchema#dateTime>
http://example.org/stkg/id/obs_rel_T90_K2BlackPanther_20260205T224046Z_255_e_d	http://www.w3.org/1999/02/22-rdf-syntax-ns#type	http://example.org/stkg/id/SpatialRelationObservation
http://example.org/stkg/id/obs_rel_T90_K2BlackPanther_20260205T224046Z_255_e_d	http://example.org/stkg/subjectEntity	http://example.org/stkg/id/platform_T90
http://example.org/stkg/id/obs_rel_T90_K2BlackPanther_20260205T224046Z_255_e_d	http://example.org/stkg/objectEntity	http://example.org/stkg/id/platform_K2BlackPanther
http://example.org/stkg/id/obs_rel_T90_K2BlackPanther_20260205T224046Z_255_e_d	http://example.org/stkg/relationType	http://example.org/stkg/id/relation_behind_of
http://example.org/stkg/id/obs_rel_T90_K2BlackPanther_20260205T224046Z_255_e_d	http://example.org/stkg/time	"2026-02-05T22:40:46Z"^^<http://www.w3.org/2001/XMLSchema#dateTime>
http://example.org/stkg/id/obs_rel_BTR80_T90_20260205T224046Z_255_c_e	http://www.w3.org/1999/02/22-rdf-syntax-ns#type	http://example.org/stkg/id/SpatialRelationObservation
http://example.org/stkg/id/obs_rel_BTR80_T90_20260205T224046Z_255_c_e	http://example.org/stkg/subjectEntity	http://example.org/stkg/id/platform_BTR80
http://example.org/stkg/id/obs_rel_BTR80_T90_20260205T224046Z_255_c_e	http://example.org/stkg/objectEntity	http://example.org/stkg/id/platform_T90
http://example.org/stkg/id/obs_rel_BTR80_T90_20260205T224046Z_255_c_e	http://example.org/stkg/relationType	http://example.org/stkg/id/relation_ahead_of
http://example.org/stkg/id/obs_rel_BTR80_T90_20260205T224046Z_255_c_e	http://example.org/stkg/time	"2026-02-05T22:40:46Z"^^<http://www.w3.org/2001/XMLSchema#dateTime>
http://example.org/stkg/id/obs_rel_T90_BTR80_20260205T224046Z_255_e_c	http://www.w3.org/1999/02/22-rdf-syntax-ns#type	http://example.org/stkg/id/SpatialRelationObservation
http://example.org/stkg/id/obs_rel_T90_BTR80_20260205T224046Z_255_e_c	http://example.org/stkg/subjectEntity	http://example.org/stkg/id/platform_T90
http://example.org/stkg/id/obs_rel_T90_BTR80_20260205T224046Z_255_e_c	http://example.org/stkg/objectEntity	http://example.org/stkg/id/platform_BTR80
http://example.org/stkg/id/obs_rel_T90_BTR80_20260205T224046Z_255_e_c	http://example.org/stkg/relationType	http://example.org/stkg/id/relation_behind_of
http://example.org/stkg/id/obs_rel_T90_BTR80_20260205T224046Z_255_e_c	http://example.org/stkg/time	"2026-02-05T22:40:46Z"^^<http://www.w3.org/2001/XMLSchema#dateTime>
http://example.org/stkg/id/obs_rel_BTR80_K2BlackPanther_20260205T224047Z_256_c_d	http://www.w3.org/1999/02/22-rdf-syntax-ns#type	http://example.org/stkg/id/SpatialRelationObservation
http://example.org/stkg/id/obs_rel_BTR80_K2BlackPanther_20260205T224047Z_256_c_d	http://example.org/stkg/subjectEntity	http://example.org/stkg/id/platform_BTR80
http://example.org/stkg/id/obs_rel_BTR80_K2BlackPanther_20260205T224047Z_256_c_d	http://example.org/stkg/objectEntity	http://example.org/stkg/id/platform_K2BlackPanther
http://example.org/stkg/id/obs_rel_BTR80_K2BlackPanther_20260205T224047Z_256_c_d	http://example.org/stkg/relationType	http://example.org/stkg/id/relation_behind_of
http://example.org/stkg/id/obs_rel_BTR80_K2BlackPanther_20260205T224047Z_256_c_d	http://example.org/stkg/time	"2026-02-05T22:40:47Z"^^<http://www.w3.org/2001/XMLSchema#dateTime>
http://example.org/stkg/id/obs_rel_K2BlackPanther_BTR80_20260205T224047Z_256_d_c	http://www.w3.org/1999/02/22-rdf-syntax-ns#type	http://example.org/stkg/id/SpatialRelationObservation
http://example.org/stkg/id/obs_rel_K2BlackPanther_BTR80_20260205T224047Z_256_d_c	http://example.org/stkg/subjectEntity	http://example.org/stkg/id/platform_K2BlackPanther
http://example.org/stkg/id/obs_rel_K2BlackPanther_BTR80_20260205T224047Z_256_d_c	http://example.org/stkg/objectEntity	http://example.org/stkg/id/platform_BTR80
http://example.org/stkg/id/obs_rel_K2BlackPanther_BTR80_20260205T224047Z_256_d_c	http://example.org/stkg/relationType	http://example.org/stkg/id/relation_ahead_of
http://example.org/stkg/id/obs_rel_K2BlackPanther_BTR80_20260205T224047Z_256_d_c	http://example.org/stkg/time	"2026-02-05T22:40:47Z"^^<http://www.w3.org/2001/XMLSchema#dateTime>
http://example.org/stkg/id/obs_rel_K2BlackPanther_T90_20260205T224047Z_256_d_e	http://www.w3.org/1999/02/22-rdf-syntax-ns#type	http://example.org/stkg/id/SpatialRelationObservation
http://example.org/stkg/id/obs_rel_K2BlackPanther_T90_20260205T224047Z_256_d_e	http://example.org/stkg/subjectEntity	http://example.org/stkg/id/platform_K2BlackPanther
http://example.org/stkg/id/obs_rel_K2BlackPanther_T90_20260205T224047Z_256_d_e	http://example.org/stkg/objectEntity	http://example.org/stkg/id/platform_T90
http://example.org/stkg/id/obs_rel_K2BlackPanther_T90_20260205T224047Z_256_d_e	http://example.org/stkg/relationType	http://example.org/stkg/id/relation_ahead_of
http://example.org/stkg/id/obs_rel_K2BlackPanther_T90_20260205T224047Z_256_d_e	http://example.org/stkg/time	"2026-02-05T22:40:47Z"^^<http://www.w3.org/2001/XMLSchema#dateTime>
http://example.org/stkg/id/obs_rel_T90_K2BlackPanther_20260205T224047Z_256_e_d	http://www.w3.org/1999/02/22-rdf-syntax-ns#type	http://example.org/stkg/id/SpatialRelationObservation
http://example.org/stkg/id/obs_rel_T90_K2BlackPanther_20260205T224047Z_256_e_d	http://example.org/stkg/subjectEntity	http://example.org/stkg/id/platform_T90
http://example.org/stkg/id/obs_rel_T90_K2BlackPanther_20260205T224047Z_256_e_d	http://example.org/stkg/objectEntity	http://example.org/stkg/id/platform_K2BlackPanther
http://example.org/stkg/id/obs_rel_T90_K2BlackPanther_20260205T224047Z_256_e_d	http://example.org/stkg/relationType	http://example.org/stkg/id/relation_behind_of
http://example.org/stkg/id/obs_rel_T90_K2BlackPanther_20260205T224047Z_256_e_d	http://example.org/stkg/time	"2026-02-05T22:40:47Z"^^<http://www.w3.org/2001/XMLSchema#dateTime>
http://example.org/stkg/id/obs_rel_BTR80_T90_20260205T224047Z_256_c_e	http://www.w3.org/1999/02/22-rdf-syntax-ns#type	http://example.org/stkg/id/SpatialRelationObservation
http://example.org/stkg/id/obs_rel_BTR80_T90_20260205T224047Z_256_c_e	http://example.org/stkg/subjectEntity	http://example.org/stkg/id/platform_BTR80
http://example.org/stkg/id/obs_rel_BTR80_T90_20260205T224047Z_256_c_e	http://example.org/stkg/objectEntity	http://example.org/stkg/id/platform_T90
http://example.org/stkg/id/obs_rel_BTR80_T90_20260205T224047Z_256_c_e	http://example.org/stkg/relationType	http://example.org/stkg/id/relation_ahead_of
http://example.org/stkg/id/obs_rel_BTR80_T90_20260205T224047Z_256_c_e	http://example.org/stkg/time	"2026-02-05T22:40:47Z"^^<http://www.w3.org/2001/XMLSchema#dateTime>
http://example.org/stkg/id/obs_rel_T90_BTR80_20260205T224047Z_256_e_c	http://www.w3.org/1999/02/22-rdf-syntax-ns#type	http://example.org/stkg/id/SpatialRelationObservation
http://example.org/stkg/id/obs_rel_T90_BTR80_20260205T224047Z_256_e_c	http://example.org/stkg/subjectEntity	http://example.org/stkg/id/platform_T90
http://example.org/stkg/id/obs_rel_T90_BTR80_20260205T224047Z_256_e_c	http://example.org/stkg/objectEntity	http://example.org/stkg/id/platform_BTR80
http://example.org/stkg/id/obs_rel_T90_BTR80_20260205T224047Z_256_e_c	http://example.org/stkg/relationType	http://example.org/stkg/id/relation_behind_of
http://example.org/stkg/id/obs_rel_T90_BTR80_20260205T224047Z_256_e_c	http://example.org/stkg/time	"2026-02-05T22:40:47Z"^^<http://www.w3.org/2001/XMLSchema#dateTime>
http://example.org/stkg/id/obs_rel_BTR80_K2BlackPanther_20260205T224048Z_257_c_d	http://www.w3.org/1999/02/22-rdf-syntax-ns#type	http://example.org/stkg/id/SpatialRelationObservation
http://example.org/stkg/id/obs_rel_BTR80_K2BlackPanther_20260205T224048Z_257_c_d	http://example.org/stkg/subjectEntity	http://example.org/stkg/id/platform_BTR80
http://example.org/stkg/id/obs_rel_BTR80_K2BlackPanther_20260205T224048Z_257_c_d	http://example.org/stkg/objectEntity	http://example.org/stkg/id/platform_K2BlackPanther
http://example.org/stkg/id/obs_rel_BTR80_K2BlackPanther_20260205T224048Z_257_c_d	http://example.org/stkg/relationType	http://example.org/stkg/id/relation_behind_of
http://example.org/stkg/id/obs_rel_BTR80_K2BlackPanther_20260205T224048Z_257_c_d	http://example.org/stkg/time	"2026-02-05T22:40:48Z"^^<http://www.w3.org/2001/XMLSchema#dateTime>
http://example.org/stkg/id/obs_rel_K2BlackPanther_BTR80_20260205T224048Z_257_d_c	http://www.w3.org/1999/02/22-rdf-syntax-ns#type	http://example.org/stkg/id/SpatialRelationObservation
http://example.org/stkg/id/obs_rel_K2BlackPanther_BTR80_20260205T224048Z_257_d_c	http://example.org/stkg/subjectEntity	http://example.org/stkg/id/platform_K2BlackPanther
http://example.org/stkg/id/obs_rel_K2BlackPanther_BTR80_20260205T224048Z_257_d_c	http://example.org/stkg/objectEntity	http://example.org/stkg/id/platform_BTR80
http://example.org/stkg/id/obs_rel_K2BlackPanther_BTR80_20260205T224048Z_257_d_c	http://example.org/stkg/relationType	http://example.org/stkg/id/relation_ahead_of
http://example.org/stkg/id/obs_rel_K2BlackPanther_BTR80_20260205T224048Z_257_d_c	http://example.org/stkg/time	"2026-02-05T22:40:48Z"^^<http://www.w3.org/2001/XMLSchema#dateTime>
http://example.org/stkg/id/obs_rel_K2BlackPanther_T90_20260205T224048Z_257_d_e	http://www.w3.org/1999/02/22-rdf-syntax-ns#type	http://example.org/stkg/id/SpatialRelationObservation
http://example.org/stkg/id/obs_rel_K2BlackPanther_T90_20260205T224048Z_257_d_e	http://example.org/stkg/subjectEntity	http://example.org/stkg/id/platform_K2BlackPanther
http://example.org/stkg/id/obs_rel_K2BlackPanther_T90_20260205T224048Z_257_d_e	http://example.org/stkg/objectEntity	http://example.org/stkg/id/platform_T90
http://example.org/stkg/id/obs_rel_K2BlackPanther_T90_20260205T224048Z_257_d_e	http://example.org/stkg/relationType	http://example.org/stkg/id/relation_ahead_of
http://example.org/stkg/id/obs_rel_K2BlackPanther_T90_20260205T224048Z_257_d_e	http://example.org/stkg/time	"2026-02-05T22:40:48Z"^^<http://www.w3.org/2001/XMLSchema#dateTime>
http://example.org/stkg/id/obs_rel_T90_K2BlackPanther_20260205T224048Z_257_e_d	http://www.w3.org/1999/02/22-rdf-syntax-ns#type	http://example.org/stkg/id/SpatialRelationObservation
http://example.org/stkg/id/obs_rel_T90_K2BlackPanther_20260205T224048Z_257_e_d	http://example.org/stkg/subjectEntity	http://example.org/stkg/id/platform_T90
http://example.org/stkg/id/obs_rel_T90_K2BlackPanther_20260205T224048Z_257_e_d	http://example.org/stkg/objectEntity	http://example.org/stkg/id/platform_K2BlackPanther
http://example.org/stkg/id/obs_rel_T90_K2BlackPanther_20260205T224048Z_257_e_d	http://example.org/stkg/relationType	http://example.org/stkg/id/relation_behind_of
http://example.org/stkg/id/obs_rel_T90_K2BlackPanther_20260205T224048Z_257_e_d	http://example.org/stkg/time	"2026-02-05T22:40:48Z"^^<http://www.w3.org/2001/XMLSchema#dateTime>
http://example.org/stkg/id/obs_rel_BTR80_T90_20260205T224048Z_257_c_e	http://www.w3.org/1999/02/22-rdf-syntax-ns#type	http://example.org/stkg/id/SpatialRelationObservation
http://example.org/stkg/id/obs_rel_BTR80_T90_20260205T224048Z_257_c_e	http://example.org/stkg/subjectEntity	http://example.org/stkg/id/platform_BTR80
http://example.org/stkg/id/obs_rel_BTR80_T90_20260205T224048Z_257_c_e	http://example.org/stkg/objectEntity	http://example.org/stkg/id/platform_T90
http://example.org/stkg/id/obs_rel_BTR80_T90_20260205T224048Z_257_c_e	http://example.org/stkg/relationType	http://example.org/stkg/id/relation_ahead_of
http://example.org/stkg/id/obs_rel_BTR80_T90_20260205T224048Z_257_c_e	http://example.org/stkg/time	"2026-02-05T22:40:48Z"^^<http://www.w3.org/2001/XMLSchema#dateTime>
http://example.org/stkg/id/obs_rel_T90_BTR80_20260205T224048Z_257_e_c	http://www.w3.org/1999/02/22-rdf-syntax-ns#type	http://example.org/stkg/id/SpatialRelationObservation
http://example.org/stkg/id/obs_rel_T90_BTR80_20260205T224048Z_257_e_c	http://example.org/stkg/subjectEntity	http://example.org/stkg/id/platform_T90
http://example.org/stkg/id/obs_rel_T90_BTR80_20260205T224048Z_257_e_c	http://example.org/stkg/objectEntity	http://example.org/stkg/id/platform_BTR80
http://example.org/stkg/id/obs_rel_T90_BTR80_20260205T224048Z_257_e_c	http://example.org/stkg/relationType	http://example.org/stkg/id/relation_behind_of
http://example.org/stkg/id/obs_rel_T90_BTR80_20260205T224048Z_257_e_c	http://example.org/stkg/time	"2026-02-05T22:40:48Z"^^<http://www.w3.org/2001/XMLSchema#dateTime>
http://example.org/stkg/id/obs_rel_BTR80_K2BlackPanther_20260205T224049Z_258_c_d	http://www.w3.org/1999/02/22-rdf-syntax-ns#type	http://example.org/stkg/id/SpatialRelationObservation
http://example.org/stkg/id/obs_rel_BTR80_K2BlackPanther_20260205T224049Z_258_c_d	http://example.org/stkg/subjectEntity	http://example.org/stkg/id/platform_BTR80
http://example.org/stkg/id/obs_rel_BTR80_K2BlackPanther_20260205T224049Z_258_c_d	http://example.org/stkg/objectEntity	http://example.org/stkg/id/platform_K2BlackPanther
http://example.org/stkg/id/obs_rel_BTR80_K2BlackPanther_20260205T224049Z_258_c_d	http://example.org/stkg/relationType	http://example.org/stkg/id/relation_behind_of
http://example.org/stkg/id/obs_rel_BTR80_K2BlackPanther_20260205T224049Z_258_c_d	http://example.org/stkg/time	"2026-02-05T22:40:49Z"^^<http://www.w3.org/2001/XMLSchema#dateTime>
http://example.org/stkg/id/obs_rel_K2BlackPanther_BTR80_20260205T224049Z_258_d_c	http://www.w3.org/1999/02/22-rdf-syntax-ns#type	http://example.org/stkg/id/SpatialRelationObservation
http://example.org/stkg/id/obs_rel_K2BlackPanther_BTR80_20260205T224049Z_258_d_c	http://example.org/stkg/subjectEntity	http://example.org/stkg/id/platform_K2BlackPanther
http://example.org/stkg/id/obs_rel_K2BlackPanther_BTR80_20260205T224049Z_258_d_c	http://example.org/stkg/objectEntity	http://example.org/stkg/id/platform_BTR80
http://example.org/stkg/id/obs_rel_K2BlackPanther_BTR80_20260205T224049Z_258_d_c	http://example.org/stkg/relationType	http://example.org/stkg/id/relation_ahead_of
http://example.org/stkg/id/obs_rel_K2BlackPanther_BTR80_20260205T224049Z_258_d_c	http://example.org/stkg/time	"2026-02-05T22:40:49Z"^^<http://www.w3.org/2001/XMLSchema#dateTime>
http://example.org/stkg/id/obs_rel_K2BlackPanther_T90_20260205T224049Z_258_d_e	http://www.w3.org/1999/02/22-rdf-syntax-ns#type	http://example.org/stkg/id/SpatialRelationObservation
http://example.org/stkg/id/obs_rel_K2BlackPanther_T90_20260205T224049Z_258_d_e	http://example.org/stkg/subjectEntity	http://example.org/stkg/id/platform_K2BlackPanther
http://example.org/stkg/id/obs_rel_K2BlackPanther_T90_20260205T224049Z_258_d_e	http://example.org/stkg/objectEntity	http://example.org/stkg/id/platform_T90
http://example.org/stkg/id/obs_rel_K2BlackPanther_T90_20260205T224049Z_258_d_e	http://example.org/stkg/relationType	http://example.org/stkg/id/relation_ahead_of
http://example.org/stkg/id/obs_rel_K2BlackPanther_T90_20260205T224049Z_258_d_e	http://example.org/stkg/time	"2026-02-05T22:40:49Z"^^<http://www.w3.org/2001/XMLSchema#dateTime>
http://example.org/stkg/id/obs_rel_T90_K2BlackPanther_20260205T224049Z_258_e_d	http://www.w3.org/1999/02/22-rdf-syntax-ns#type	http://example.org/stkg/id/SpatialRelationObservation
http://example.org/stkg/id/obs_rel_T90_K2BlackPanther_20260205T224049Z_258_e_d	http://example.org/stkg/subjectEntity	http://example.org/stkg/id/platform_T90
http://example.org/stkg/id/obs_rel_T90_K2BlackPanther_20260205T224049Z_258_e_d	http://example.org/stkg/objectEntity	http://example.org/stkg/id/platform_K2BlackPanther
http://example.org/stkg/id/obs_rel_T90_K2BlackPanther_20260205T224049Z_258_e_d	http://example.org/stkg/relationType	http://example.org/stkg/id/relation_behind_of
http://example.org/stkg/id/obs_rel_T90_K2BlackPanther_20260205T224049Z_258_e_d	http://example.org/stkg/time	"2026-02-05T22:40:49Z"^^<http://www.w3.org/2001/XMLSchema#dateTime>
http://example.org/stkg/id/obs_rel_BTR80_T90_20260205T224049Z_258_c_e	http://www.w3.org/1999/02/22-rdf-syntax-ns#type	http://example.org/stkg/id/SpatialRelationObservation
http://example.org/stkg/id/obs_rel_BTR80_T90_20260205T224049Z_258_c_e	http://example.org/stkg/subjectEntity	http://example.org/stkg/id/platform_BTR80
http://example.org/stkg/id/obs_rel_BTR80_T90_20260205T224049Z_258_c_e	http://example.org/stkg/objectEntity	http://example.org/stkg/id/platform_T90
http://example.org/stkg/id/obs_rel_BTR80_T90_20260205T224049Z_258_c_e	http://example.org/stkg/relationType	http://example.org/stkg/id/relation_ahead_of
http://example.org/stkg/id/obs_rel_BTR80_T90_20260205T224049Z_258_c_e	http://example.org/stkg/time	"2026-02-05T22:40:49Z"^^<http://www.w3.org/2001/XMLSchema#dateTime>
http://example.org/stkg/id/obs_rel_T90_BTR80_20260205T224049Z_258_e_c	http://www.w3.org/1999/02/22-rdf-syntax-ns#type	http://example.org/stkg/id/SpatialRelationObservation
http://example.org/stkg/id/obs_rel_T90_BTR80_20260205T224049Z_258_e_c	http://example.org/stkg/subjectEntity	http://example.org/stkg/id/platform_T90
http://example.org/stkg/id/obs_rel_T90_BTR80_20260205T224049Z_258_e_c	http://example.org/stkg/objectEntity	http://example.org/stkg/id/platform_BTR80
http://example.org/stkg/id/obs_rel_T90_BTR80_20260205T224049Z_258_e_c	http://example.org/stkg/relationType	http://example.org/stkg/id/relation_behind_of
http://example.org/stkg/id/obs_rel_T90_BTR80_20260205T224049Z_258_e_c	http://example.org/stkg/time	"2026-02-05T22:40:49Z"^^<http://www.w3.org/2001/XMLSchema#dateTime>
http://example.org/stkg/id/obs_rel_BTR80_K2BlackPanther_20260205T224050Z_259_c_d	http://www.w3.org/1999/02/22-rdf-syntax-ns#type	http://example.org/stkg/id/SpatialRelationObservation
http://example.org/stkg/id/obs_rel_BTR80_K2BlackPanther_20260205T224050Z_259_c_d	http://example.org/stkg/subjectEntity	http://example.org/stkg/id/platform_BTR80
http://example.org/stkg/id/obs_rel_BTR80_K2BlackPanther_20260205T224050Z_259_c_d	http://example.org/stkg/objectEntity	http://example.org/stkg/id/platform_K2BlackPanther
http://example.org/stkg/id/obs_rel_BTR80_K2BlackPanther_20260205T224050Z_259_c_d	http://example.org/stkg/relationType	http://example.org/stkg/id/relation_behind_of
http://example.org/stkg/id/obs_rel_BTR80_K2BlackPanther_20260205T224050Z_259_c_d	http://example.org/stkg/time	"2026-02-05T22:40:50Z"^^<http://www.w3.org/2001/XMLSchema#dateTime>
http://example.org/stkg/id/obs_rel_K2BlackPanther_BTR80_20260205T224050Z_259_d_c	http://www.w3.org/1999/02/22-rdf-syntax-ns#type	http://example.org/stkg/id/SpatialRelationObservation
http://example.org/stkg/id/obs_rel_K2BlackPanther_BTR80_20260205T224050Z_259_d_c	http://example.org/stkg/subjectEntity	http://example.org/stkg/id/platform_K2BlackPanther
http://example.org/stkg/id/obs_rel_K2BlackPanther_BTR80_20260205T224050Z_259_d_c	http://example.org/stkg/objectEntity	http://example.org/stkg/id/platform_BTR80
http://example.org/stkg/id/obs_rel_K2BlackPanther_BTR80_20260205T224050Z_259_d_c	http://example.org/stkg/relationType	http://example.org/stkg/id/relation_ahead_of
http://example.org/stkg/id/obs_rel_K2BlackPanther_BTR80_20260205T224050Z_259_d_c	http://example.org/stkg/time	"2026-02-05T22:40:50Z"^^<http://www.w3.org/2001/XMLSchema#dateTime>
http://example.org/stkg/id/obs_rel_K2BlackPanther_T90_20260205T224050Z_259_d_e	http://www.w3.org/1999/02/22-rdf-syntax-ns#type	http://example.org/stkg/id/SpatialRelationObservation
http://example.org/stkg/id/obs_rel_K2BlackPanther_T90_20260205T224050Z_259_d_e	http://example.org/stkg/subjectEntity	http://example.org/stkg/id/platform_K2BlackPanther
http://example.org/stkg/id/obs_rel_K2BlackPanther_T90_20260205T224050Z_259_d_e	http://example.org/stkg/objectEntity	http://example.org/stkg/id/platform_T90
http://example.org/stkg/id/obs_rel_K2BlackPanther_T90_20260205T224050Z_259_d_e	http://example.org/stkg/relationType	http://example.org/stkg/id/relation_ahead_of
http://example.org/stkg/id/obs_rel_K2BlackPanther_T90_20260205T224050Z_259_d_e	http://example.org/stkg/time	"2026-02-05T22:40:50Z"^^<http://www.w3.org/2001/XMLSchema#dateTime>
http://example.org/stkg/id/obs_rel_T90_K2BlackPanther_20260205T224050Z_259_e_d	http://www.w3.org/1999/02/22-rdf-syntax-ns#type	http://example.org/stkg/id/SpatialRelationObservation
http://example.org/stkg/id/obs_rel_T90_K2BlackPanther_20260205T224050Z_259_e_d	http://example.org/stkg/subjectEntity	http://example.org/stkg/id/platform_T90
http://example.org/stkg/id/obs_rel_T90_K2BlackPanther_20260205T224050Z_259_e_d	http://example.org/stkg/objectEntity	http://example.org/stkg/id/platform_K2BlackPanther
http://example.org/stkg/id/obs_rel_T90_K2BlackPanther_20260205T224050Z_259_e_d	http://example.org/stkg/relationType	http://example.org/stkg/id/relation_behind_of
http://example.org/stkg/id/obs_rel_T90_K2BlackPanther_20260205T224050Z_259_e_d	http://example.org/stkg/time	"2026-02-05T22:40:50Z"^^<http://www.w3.org/2001/XMLSchema#dateTime>
http://example.org/stkg/id/obs_rel_BTR80_T90_20260205T224050Z_259_c_e	http://www.w3.org/1999/02/22-rdf-syntax-ns#type	http://example.org/stkg/id/SpatialRelationObservation
http://example.org/stkg/id/obs_rel_BTR80_T90_20260205T224050Z_259_c_e	http://example.org/stkg/subjectEntity	http://example.org/stkg/id/platform_BTR80
http://example.org/stkg/id/obs_rel_BTR80_T90_20260205T224050Z_259_c_e	http://example.org/stkg/objectEntity	http://example.org/stkg/id/platform_T90
http://example.org/stkg/id/obs_rel_BTR80_T90_20260205T224050Z_259_c_e	http://example.org/stkg/relationType	http://example.org/stkg/id/relation_ahead_of
http://example.org/stkg/id/obs_rel_BTR80_T90_20260205T224050Z_259_c_e	http://example.org/stkg/time	"2026-02-05T22:40:50Z"^^<http://www.w3.org/2001/XMLSchema#dateTime>
http://example.org/stkg/id/obs_rel_T90_BTR80_20260205T224050Z_259_e_c	http://www.w3.org/1999/02/22-rdf-syntax-ns#type	http://example.org/stkg/id/SpatialRelationObservation
http://example.org/stkg/id/obs_rel_T90_BTR80_20260205T224050Z_259_e_c	http://example.org/stkg/subjectEntity	http://example.org/stkg/id/platform_T90
http://example.org/stkg/id/obs_rel_T90_BTR80_20260205T224050Z_259_e_c	http://example.org/stkg/objectEntity	http://example.org/stkg/id/platform_BTR80
http://example.org/stkg/id/obs_rel_T90_BTR80_20260205T224050Z_259_e_c	http://example.org/stkg/relationType	http://example.org/stkg/id/relation_behind_of
http://example.org/stkg/id/obs_rel_T90_BTR80_20260205T224050Z_259_e_c	http://example.org/stkg/time	"2026-02-05T22:40:50Z"^^<http://www.w3.org/2001/XMLSchema#dateTime>
http://example.org/stkg/id/obs_rel_BTR80_K2BlackPanther_20260205T224051Z_260_c_d	http://www.w3.org/1999/02/22-rdf-syntax-ns#type	http://example.org/stkg/id/SpatialRelationObservation
http://example.org/stkg/id/obs_rel_BTR80_K2BlackPanther_20260205T224051Z_260_c_d	http://example.org/stkg/subjectEntity	http://example.org/stkg/id/platform_BTR80
http://example.org/stkg/id/obs_rel_BTR80_K2BlackPanther_20260205T224051Z_260_c_d	http://example.org/stkg/objectEntity	http://example.org/stkg/id/platform_K2BlackPanther
http://example.org/stkg/id/obs_rel_BTR80_K2BlackPanther_20260205T224051Z_260_c_d	http://example.org/stkg/relationType	http://example.org/stkg/id/relation_behind_of
http://example.org/stkg/id/obs_rel_BTR80_K2BlackPanther_20260205T224051Z_260_c_d	http://example.org/stkg/time	"2026-02-05T22:40:51Z"^^<http://www.w3.org/2001/XMLSchema#dateTime>
http://example.org/stkg/id/obs_rel_K2BlackPanther_BTR80_20260205T224051Z_260_d_c	http://www.w3.org/1999/02/22-rdf-syntax-ns#type	http://example.org/stkg/id/SpatialRelationObservation
http://example.org/stkg/id/obs_rel_K2BlackPanther_BTR80_20260205T224051Z_260_d_c	http://example.org/stkg/subjectEntity	http://example.org/stkg/id/platform_K2BlackPanther
http://example.org/stkg/id/obs_rel_K2BlackPanther_BTR80_20260205T224051Z_260_d_c	http://example.org/stkg/objectEntity	http://example.org/stkg/id/platform_BTR80
http://example.org/stkg/id/obs_rel_K2BlackPanther_BTR80_20260205T224051Z_260_d_c	http://example.org/stkg/relationType	http://example.org/stkg/id/relation_ahead_of
http://example.org/stkg/id/obs_rel_K2BlackPanther_BTR80_20260205T224051Z_260_d_c	http://example.org/stkg/time	"2026-02-05T22:40:51Z"^^<http://www.w3.org/2001/XMLSchema#dateTime>
http://example.org/stkg/id/obs_rel_K2BlackPanther_T90_20260205T224051Z_260_d_e	http://www.w3.org/1999/02/22-rdf-syntax-ns#type	http://example.org/stkg/id/SpatialRelationObservation
http://example.org/stkg/id/obs_rel_K2BlackPanther_T90_20260205T224051Z_260_d_e	http://example.org/stkg/subjectEntity	http://example.org/stkg/id/platform_K2BlackPanther
http://example.org/stkg/id/obs_rel_K2BlackPanther_T90_20260205T224051Z_260_d_e	http://example.org/stkg/objectEntity	http://example.org/stkg/id/platform_T90
http://example.org/stkg/id/obs_rel_K2BlackPanther_T90_20260205T224051Z_260_d_e	http://example.org/stkg/relationType	http://example.org/stkg/id/relation_ahead_of
http://example.org/stkg/id/obs_rel_K2BlackPanther_T90_20260205T224051Z_260_d_e	http://example.org/stkg/time	"2026-02-05T22:40:51Z"^^<http://www.w3.org/2001/XMLSchema#dateTime>
http://example.org/stkg/id/obs_rel_T90_K2BlackPanther_20260205T224051Z_260_e_d	http://www.w3.org/1999/02/22-rdf-syntax-ns#type	http://example.org/stkg/id/SpatialRelationObservation
http://example.org/stkg/id/obs_rel_T90_K2BlackPanther_20260205T224051Z_260_e_d	http://example.org/stkg/subjectEntity	http://example.org/stkg/id/platform_T90
http://example.org/stkg/id/obs_rel_T90_K2BlackPanther_20260205T224051Z_260_e_d	http://example.org/stkg/objectEntity	http://example.org/stkg/id/platform_K2BlackPanther
http://example.org/stkg/id/obs_rel_T90_K2BlackPanther_20260205T224051Z_260_e_d	http://example.org/stkg/relationType	http://example.org/stkg/id/relation_behind_of
http://example.org/stkg/id/obs_rel_T90_K2BlackPanther_20260205T224051Z_260_e_d	http://example.org/stkg/time	"2026-02-05T22:40:51Z"^^<http://www.w3.org/2001/XMLSchema#dateTime>
http://example.org/stkg/id/obs_rel_BTR80_T90_20260205T224051Z_260_c_e	http://www.w3.org/1999/02/22-rdf-syntax-ns#type	http://example.org/stkg/id/SpatialRelationObservation
http://example.org/stkg/id/obs_rel_BTR80_T90_20260205T224051Z_260_c_e	http://example.org/stkg/subjectEntity	http://example.org/stkg/id/platform_BTR80
http://example.org/stkg/id/obs_rel_BTR80_T90_20260205T224051Z_260_c_e	http://example.org/stkg/objectEntity	http://example.org/stkg/id/platform_T90
http://example.org/stkg/id/obs_rel_BTR80_T90_20260205T224051Z_260_c_e	http://example.org/stkg/relationType	http://example.org/stkg/id/relation_ahead_of
http://example.org/stkg/id/obs_rel_BTR80_T90_20260205T224051Z_260_c_e	http://example.org/stkg/time	"2026-02-05T22:40:51Z"^^<http://www.w3.org/2001/XMLSchema#dateTime>
http://example.org/stkg/id/obs_rel_T90_BTR80_20260205T224051Z_260_e_c	http://www.w3.org/1999/02/22-rdf-syntax-ns#type	http://example.org/stkg/id/SpatialRelationObservation
http://example.org/stkg/id/obs_rel_T90_BTR80_20260205T224051Z_260_e_c	http://example.org/stkg/subjectEntity	http://example.org/stkg/id/platform_T90
http://example.org/stkg/id/obs_rel_T90_BTR80_20260205T224051Z_260_e_c	http://example.org/stkg/objectEntity	http://example.org/stkg/id/platform_BTR80
http://example.org/stkg/id/obs_rel_T90_BTR80_20260205T224051Z_260_e_c	http://example.org/stkg/relationType	http://example.org/stkg/id/relation_behind_of
http://example.org/stkg/id/obs_rel_T90_BTR80_20260205T224051Z_260_e_c	http://example.org/stkg/time	"2026-02-05T22:40:51Z"^^<http://www.w3.org/2001/XMLSchema#dateTime>
http://example.org/stkg/id/obs_rel_BTR80_K2BlackPanther_20260205T224052Z_261_c_d	http://www.w3.org/1999/02/22-rdf-syntax-ns#type	http://example.org/stkg/id/SpatialRelationObservation
http://example.org/stkg/id/obs_rel_BTR80_K2BlackPanther_20260205T224052Z_261_c_d	http://example.org/stkg/subjectEntity	http://example.org/stkg/id/platform_BTR80
http://example.org/stkg/id/obs_rel_BTR80_K2BlackPanther_20260205T224052Z_261_c_d	http://example.org/stkg/objectEntity	http://example.org/stkg/id/platform_K2BlackPanther
http://example.org/stkg/id/obs_rel_BTR80_K2BlackPanther_20260205T224052Z_261_c_d	http://example.org/stkg/relationType	http://example.org/stkg/id/relation_behind_of
http://example.org/stkg/id/obs_rel_BTR80_K2BlackPanther_20260205T224052Z_261_c_d	http://example.org/stkg/time	"2026-02-05T22:40:52Z"^^<http://www.w3.org/2001/XMLSchema#dateTime>
http://example.org/stkg/id/obs_rel_K2BlackPanther_BTR80_20260205T224052Z_261_d_c	http://www.w3.org/1999/02/22-rdf-syntax-ns#type	http://example.org/stkg/id/SpatialRelationObservation
http://example.org/stkg/id/obs_rel_K2BlackPanther_BTR80_20260205T224052Z_261_d_c	http://example.org/stkg/subjectEntity	http://example.org/stkg/id/platform_K2BlackPanther
http://example.org/stkg/id/obs_rel_K2BlackPanther_BTR80_20260205T224052Z_261_d_c	http://example.org/stkg/objectEntity	http://example.org/stkg/id/platform_BTR80
http://example.org/stkg/id/obs_rel_K2BlackPanther_BTR80_20260205T224052Z_261_d_c	http://example.org/stkg/relationType	http://example.org/stkg/id/relation_ahead_of
http://example.org/stkg/id/obs_rel_K2BlackPanther_BTR80_20260205T224052Z_261_d_c	http://example.org/stkg/time	"2026-02-05T22:40:52Z"^^<http://www.w3.org/2001/XMLSchema#dateTime>
http://example.org/stkg/id/obs_rel_K2BlackPanther_T90_20260205T224052Z_261_d_e	http://www.w3.org/1999/02/22-rdf-syntax-ns#type	http://example.org/stkg/id/SpatialRelationObservation
http://example.org/stkg/id/obs_rel_K2BlackPanther_T90_20260205T224052Z_261_d_e	http://example.org/stkg/subjectEntity	http://example.org/stkg/id/platform_K2BlackPanther
http://example.org/stkg/id/obs_rel_K2BlackPanther_T90_20260205T224052Z_261_d_e	http://example.org/stkg/objectEntity	http://example.org/stkg/id/platform_T90
http://example.org/stkg/id/obs_rel_K2BlackPanther_T90_20260205T224052Z_261_d_e	http://example.org/stkg/relationType	http://example.org/stkg/id/relation_ahead_of
http://example.org/stkg/id/obs_rel_K2BlackPanther_T90_20260205T224052Z_261_d_e	http://example.org/stkg/time	"2026-02-05T22:40:52Z"^^<http://www.w3.org/2001/XMLSchema#dateTime>
http://example.org/stkg/id/obs_rel_T90_K2BlackPanther_20260205T224052Z_261_e_d	http://www.w3.org/1999/02/22-rdf-syntax-ns#type	http://example.org/stkg/id/SpatialRelationObservation
http://example.org/stkg/id/obs_rel_T90_K2BlackPanther_20260205T224052Z_261_e_d	http://example.org/stkg/subjectEntity	http://example.org/stkg/id/platform_T90
http://example.org/stkg/id/obs_rel_T90_K2BlackPanther_20260205T224052Z_261_e_d	http://example.org/stkg/objectEntity	http://example.org/stkg/id/platform_K2BlackPanther
http://example.org/stkg/id/obs_rel_T90_K2BlackPanther_20260205T224052Z_261_e_d	http://example.org/stkg/relationType	http://example.org/stkg/id/relation_behind_of
http://example.org/stkg/id/obs_rel_T90_K2BlackPanther_20260205T224052Z_261_e_d	http://example.org/stkg/time	"2026-02-05T22:40:52Z"^^<http://www.w3.org/2001/XMLSchema#dateTime>
http://example.org/stkg/id/obs_rel_BTR80_T90_20260205T224052Z_261_c_e	http://www.w3.org/1999/02/22-rdf-syntax-ns#type	http://example.org/stkg/id/SpatialRelationObservation
http://example.org/stkg/id/obs_rel_BTR80_T90_20260205T224052Z_261_c_e	http://example.org/stkg/subjectEntity	http://example.org/stkg/id/platform_BTR80
http://example.org/stkg/id/obs_rel_BTR80_T90_20260205T224052Z_261_c_e	http://example.org/stkg/objectEntity	http://example.org/stkg/id/platform_T90
http://example.org/stkg/id/obs_rel_BTR80_T90_20260205T224052Z_261_c_e	http://example.org/stkg/relationType	http://example.org/stkg/id/relation_ahead_of
http://example.org/stkg/id/obs_rel_BTR80_T90_20260205T224052Z_261_c_e	http://example.org/stkg/time	"2026-02-05T22:40:52Z"^^<http://www.w3.org/2001/XMLSchema#dateTime>
http://example.org/stkg/id/obs_rel_T90_BTR80_20260205T224052Z_261_e_c	http://www.w3.org/1999/02/22-rdf-syntax-ns#type	http://example.org/stkg/id/SpatialRelationObservation
http://example.org/stkg/id/obs_rel_T90_BTR80_20260205T224052Z_261_e_c	http://example.org/stkg/subjectEntity	http://example.org/stkg/id/platform_T90
http://example.org/stkg/id/obs_rel_T90_BTR80_20260205T224052Z_261_e_c	http://example.org/stkg/objectEntity	http://example.org/stkg/id/platform_BTR80
http://example.org/stkg/id/obs_rel_T90_BTR80_20260205T224052Z_261_e_c	http://example.org/stkg/relationType	http://example.org/stkg/id/relation_behind_of
http://example.org/stkg/id/obs_rel_T90_BTR80_20260205T224052Z_261_e_c	http://example.org/stkg/time	"2026-02-05T22:40:52Z"^^<http://www.w3.org/2001/XMLSchema#dateTime>
http://example.org/stkg/id/obs_rel_BTR80_K2BlackPanther_20260205T224053Z_262_c_d	http://www.w3.org/1999/02/22-rdf-syntax-ns#type	http://example.org/stkg/id/SpatialRelationObservation
http://example.org/stkg/id/obs_rel_BTR80_K2BlackPanther_20260205T224053Z_262_c_d	http://example.org/stkg/subjectEntity	http://example.org/stkg/id/platform_BTR80
http://example.org/stkg/id/obs_rel_BTR80_K2BlackPanther_20260205T224053Z_262_c_d	http://example.org/stkg/objectEntity	http://example.org/stkg/id/platform_K2BlackPanther
http://example.org/stkg/id/obs_rel_BTR80_K2BlackPanther_20260205T224053Z_262_c_d	http://example.org/stkg/relationType	http://example.org/stkg/id/relation_behind_of
http://example.org/stkg/id/obs_rel_BTR80_K2BlackPanther_20260205T224053Z_262_c_d	http://example.org/stkg/time	"2026-02-05T22:40:53Z"^^<http://www.w3.org/2001/XMLSchema#dateTime>
http://example.org/stkg/id/obs_rel_K2BlackPanther_BTR80_20260205T224053Z_262_d_c	http://www.w3.org/1999/02/22-rdf-syntax-ns#type	http://example.org/stkg/id/SpatialRelationObservation
http://example.org/stkg/id/obs_rel_K2BlackPanther_BTR80_20260205T224053Z_262_d_c	http://example.org/stkg/subjectEntity	http://example.org/stkg/id/platform_K2BlackPanther
http://example.org/stkg/id/obs_rel_K2BlackPanther_BTR80_20260205T224053Z_262_d_c	http://example.org/stkg/objectEntity	http://example.org/stkg/id/platform_BTR80
http://example.org/stkg/id/obs_rel_K2BlackPanther_BTR80_20260205T224053Z_262_d_c	http://example.org/stkg/relationType	http://example.org/stkg/id/relation_ahead_of
http://example.org/stkg/id/obs_rel_K2BlackPanther_BTR80_20260205T224053Z_262_d_c	http://example.org/stkg/time	"2026-02-05T22:40:53Z"^^<http://www.w3.org/2001/XMLSchema#dateTime>
http://example.org/stkg/id/obs_rel_K2BlackPanther_T90_20260205T224053Z_262_d_e	http://www.w3.org/1999/02/22-rdf-syntax-ns#type	http://example.org/stkg/id/SpatialRelationObservation
http://example.org/stkg/id/obs_rel_K2BlackPanther_T90_20260205T224053Z_262_d_e	http://example.org/stkg/subjectEntity	http://example.org/stkg/id/platform_K2BlackPanther
http://example.org/stkg/id/obs_rel_K2BlackPanther_T90_20260205T224053Z_262_d_e	http://example.org/stkg/objectEntity	http://example.org/stkg/id/platform_T90
http://example.org/stkg/id/obs_rel_K2BlackPanther_T90_20260205T224053Z_262_d_e	http://example.org/stkg/relationType	http://example.org/stkg/id/relation_ahead_of
http://example.org/stkg/id/obs_rel_K2BlackPanther_T90_20260205T224053Z_262_d_e	http://example.org/stkg/time	"2026-02-05T22:40:53Z"^^<http://www.w3.org/2001/XMLSchema#dateTime>
http://example.org/stkg/id/obs_rel_T90_K2BlackPanther_20260205T224053Z_262_e_d	http://www.w3.org/1999/02/22-rdf-syntax-ns#type	http://example.org/stkg/id/SpatialRelationObservation
http://example.org/stkg/id/obs_rel_T90_K2BlackPanther_20260205T224053Z_262_e_d	http://example.org/stkg/subjectEntity	http://example.org/stkg/id/platform_T90
http://example.org/stkg/id/obs_rel_T90_K2BlackPanther_20260205T224053Z_262_e_d	http://example.org/stkg/objectEntity	http://example.org/stkg/id/platform_K2BlackPanther
http://example.org/stkg/id/obs_rel_T90_K2BlackPanther_20260205T224053Z_262_e_d	http://example.org/stkg/relationType	http://example.org/stkg/id/relation_behind_of
http://example.org/stkg/id/obs_rel_T90_K2BlackPanther_20260205T224053Z_262_e_d	http://example.org/stkg/time	"2026-02-05T22:40:53Z"^^<http://www.w3.org/2001/XMLSchema#dateTime>
http://example.org/stkg/id/obs_rel_BTR80_T90_20260205T224053Z_262_c_e	http://www.w3.org/1999/02/22-rdf-syntax-ns#type	http://example.org/stkg/id/SpatialRelationObservation
http://example.org/stkg/id/obs_rel_BTR80_T90_20260205T224053Z_262_c_e	http://example.org/stkg/subjectEntity	http://example.org/stkg/id/platform_BTR80
http://example.org/stkg/id/obs_rel_BTR80_T90_20260205T224053Z_262_c_e	http://example.org/stkg/objectEntity	http://example.org/stkg/id/platform_T90
http://example.org/stkg/id/obs_rel_BTR80_T90_20260205T224053Z_262_c_e	http://example.org/stkg/relationType	http://example.org/stkg/id/relation_ahead_of
http://example.org/stkg/id/obs_rel_BTR80_T90_20260205T224053Z_262_c_e	http://example.org/stkg/time	"2026-02-05T22:40:53Z"^^<http://www.w3.org/2001/XMLSchema#dateTime>
http://example.org/stkg/id/obs_rel_T90_BTR80_20260205T224053Z_262_e_c	http://www.w3.org/1999/02/22-rdf-syntax-ns#type	http://example.org/stkg/id/SpatialRelationObservation
http://example.org/stkg/id/obs_rel_T90_BTR80_20260205T224053Z_262_e_c	http://example.org/stkg/subjectEntity	http://example.org/stkg/id/platform_T90
http://example.org/stkg/id/obs_rel_T90_BTR80_20260205T224053Z_262_e_c	http://example.org/stkg/objectEntity	http://example.org/stkg/id/platform_BTR80
http://example.org/stkg/id/obs_rel_T90_BTR80_20260205T224053Z_262_e_c	http://example.org/stkg/relationType	http://example.org/stkg/id/relation_behind_of
http://example.org/stkg/id/obs_rel_T90_BTR80_20260205T224053Z_262_e_c	http://example.org/stkg/time	"2026-02-05T22:40:53Z"^^<http://www.w3.org/2001/XMLSchema#dateTime>
http://example.org/stkg/id/obs_rel_BTR80_K2BlackPanther_20260205T224054Z_263_c_d	http://www.w3.org/1999/02/22-rdf-syntax-ns#type	http://example.org/stkg/id/SpatialRelationObservation
http://example.org/stkg/id/obs_rel_BTR80_K2BlackPanther_20260205T224054Z_263_c_d	http://example.org/stkg/subjectEntity	http://example.org/stkg/id/platform_BTR80
http://example.org/stkg/id/obs_rel_BTR80_K2BlackPanther_20260205T224054Z_263_c_d	http://example.org/stkg/objectEntity	http://example.org/stkg/id/platform_K2BlackPanther
http://example.org/stkg/id/obs_rel_BTR80_K2BlackPanther_20260205T224054Z_263_c_d	http://example.org/stkg/relationType	http://example.org/stkg/id/relation_behind_of
http://example.org/stkg/id/obs_rel_BTR80_K2BlackPanther_20260205T224054Z_263_c_d	http://example.org/stkg/time	"2026-02-05T22:40:54Z"^^<http://www.w3.org/2001/XMLSchema#dateTime>
http://example.org/stkg/id/obs_rel_K2BlackPanther_BTR80_20260205T224054Z_263_d_c	http://www.w3.org/1999/02/22-rdf-syntax-ns#type	http://example.org/stkg/id/SpatialRelationObservation
http://example.org/stkg/id/obs_rel_K2BlackPanther_BTR80_20260205T224054Z_263_d_c	http://example.org/stkg/subjectEntity	http://example.org/stkg/id/platform_K2BlackPanther
http://example.org/stkg/id/obs_rel_K2BlackPanther_BTR80_20260205T224054Z_263_d_c	http://example.org/stkg/objectEntity	http://example.org/stkg/id/platform_BTR80
http://example.org/stkg/id/obs_rel_K2BlackPanther_BTR80_20260205T224054Z_263_d_c	http://example.org/stkg/relationType	http://example.org/stkg/id/relation_ahead_of
http://example.org/stkg/id/obs_rel_K2BlackPanther_BTR80_20260205T224054Z_263_d_c	http://example.org/stkg/time	"2026-02-05T22:40:54Z"^^<http://www.w3.org/2001/XMLSchema#dateTime>
http://example.org/stkg/id/obs_rel_K2BlackPanther_T90_20260205T224054Z_263_d_e	http://www.w3.org/1999/02/22-rdf-syntax-ns#type	http://example.org/stkg/id/SpatialRelationObservation
http://example.org/stkg/id/obs_rel_K2BlackPanther_T90_20260205T224054Z_263_d_e	http://example.org/stkg/subjectEntity	http://example.org/stkg/id/platform_K2BlackPanther
http://example.org/stkg/id/obs_rel_K2BlackPanther_T90_20260205T224054Z_263_d_e	http://example.org/stkg/objectEntity	http://example.org/stkg/id/platform_T90
http://example.org/stkg/id/obs_rel_K2BlackPanther_T90_20260205T224054Z_263_d_e	http://example.org/stkg/relationType	http://example.org/stkg/id/relation_ahead_of
http://example.org/stkg/id/obs_rel_K2BlackPanther_T90_20260205T224054Z_263_d_e	http://example.org/stkg/time	"2026-02-05T22:40:54Z"^^<http://www.w3.org/2001/XMLSchema#dateTime>
http://example.org/stkg/id/obs_rel_T90_K2BlackPanther_20260205T224054Z_263_e_d	http://www.w3.org/1999/02/22-rdf-syntax-ns#type	http://example.org/stkg/id/SpatialRelationObservation
http://example.org/stkg/id/obs_rel_T90_K2BlackPanther_20260205T224054Z_263_e_d	http://example.org/stkg/subjectEntity	http://example.org/stkg/id/platform_T90
http://example.org/stkg/id/obs_rel_T90_K2BlackPanther_20260205T224054Z_263_e_d	http://example.org/stkg/objectEntity	http://example.org/stkg/id/platform_K2BlackPanther
http://example.org/stkg/id/obs_rel_T90_K2BlackPanther_20260205T224054Z_263_e_d	http://example.org/stkg/relationType	http://example.org/stkg/id/relation_behind_of
http://example.org/stkg/id/obs_rel_T90_K2BlackPanther_20260205T224054Z_263_e_d	http://example.org/stkg/time	"2026-02-05T22:40:54Z"^^<http://www.w3.org/2001/XMLSchema#dateTime>
http://example.org/stkg/id/obs_rel_BTR80_T90_20260205T224054Z_263_c_e	http://www.w3.org/1999/02/22-rdf-syntax-ns#type	http://example.org/stkg/id/SpatialRelationObservation
http://example.org/stkg/id/obs_rel_BTR80_T90_20260205T224054Z_263_c_e	http://example.org/stkg/subjectEntity	http://example.org/stkg/id/platform_BTR80
http://example.org/stkg/id/obs_rel_BTR80_T90_20260205T224054Z_263_c_e	http://example.org/stkg/objectEntity	http://example.org/stkg/id/platform_T90
http://example.org/stkg/id/obs_rel_BTR80_T90_20260205T224054Z_263_c_e	http://example.org/stkg/relationType	http://example.org/stkg/id/relation_ahead_of
http://example.org/stkg/id/obs_rel_BTR80_T90_20260205T224054Z_263_c_e	http://example.org/stkg/time	"2026-02-05T22:40:54Z"^^<http://www.w3.org/2001/XMLSchema#dateTime>
http://example.org/stkg/id/obs_rel_T90_BTR80_20260205T224054Z_263_e_c	http://www.w3.org/1999/02/22-rdf-syntax-ns#type	http://example.org/stkg/id/SpatialRelationObservation
http://example.org/stkg/id/obs_rel_T90_BTR80_20260205T224054Z_263_e_c	http://example.org/stkg/subjectEntity	http://example.org/stkg/id/platform_T90
http://example.org/stkg/id/obs_rel_T90_BTR80_20260205T224054Z_263_e_c	http://example.org/stkg/objectEntity	http://example.org/stkg/id/platform_BTR80
http://example.org/stkg/id/obs_rel_T90_BTR80_20260205T224054Z_263_e_c	http://example.org/stkg/relationType	http://example.org/stkg/id/relation_behind_of
http://example.org/stkg/id/obs_rel_T90_BTR80_20260205T224054Z_263_e_c	http://example.org/stkg/time	"2026-02-05T22:40:54Z"^^<http://www.w3.org/2001/XMLSchema#dateTime>
http://example.org/stkg/id/obs_rel_BTR80_K2BlackPanther_20260205T224055Z_264_c_d	http://www.w3.org/1999/02/22-rdf-syntax-ns#type	http://example.org/stkg/id/SpatialRelationObservation
http://example.org/stkg/id/obs_rel_BTR80_K2BlackPanther_20260205T224055Z_264_c_d	http://example.org/stkg/subjectEntity	http://example.org/stkg/id/platform_BTR80
http://example.org/stkg/id/obs_rel_BTR80_K2BlackPanther_20260205T224055Z_264_c_d	http://example.org/stkg/objectEntity	http://example.org/stkg/id/platform_K2BlackPanther
http://example.org/stkg/id/obs_rel_BTR80_K2BlackPanther_20260205T224055Z_264_c_d	http://example.org/stkg/relationType	http://example.org/stkg/id/relation_behind_of
http://example.org/stkg/id/obs_rel_BTR80_K2BlackPanther_20260205T224055Z_264_c_d	http://example.org/stkg/time	"2026-02-05T22:40:55Z"^^<http://www.w3.org/2001/XMLSchema#dateTime>
http://example.org/stkg/id/obs_rel_K2BlackPanther_BTR80_20260205T224055Z_264_d_c	http://www.w3.org/1999/02/22-rdf-syntax-ns#type	http://example.org/stkg/id/SpatialRelationObservation
http://example.org/stkg/id/obs_rel_K2BlackPanther_BTR80_20260205T224055Z_264_d_c	http://example.org/stkg/subjectEntity	http://example.org/stkg/id/platform_K2BlackPanther
http://example.org/stkg/id/obs_rel_K2BlackPanther_BTR80_20260205T224055Z_264_d_c	http://example.org/stkg/objectEntity	http://example.org/stkg/id/platform_BTR80
http://example.org/stkg/id/obs_rel_K2BlackPanther_BTR80_20260205T224055Z_264_d_c	http://example.org/stkg/relationType	http://example.org/stkg/id/relation_ahead_of
http://example.org/stkg/id/obs_rel_K2BlackPanther_BTR80_20260205T224055Z_264_d_c	http://example.org/stkg/time	"2026-02-05T22:40:55Z"^^<http://www.w3.org/2001/XMLSchema#dateTime>
http://example.org/stkg/id/obs_rel_K2BlackPanther_T90_20260205T224055Z_264_d_e	http://www.w3.org/1999/02/22-rdf-syntax-ns#type	http://example.org/stkg/id/SpatialRelationObservation
http://example.org/stkg/id/obs_rel_K2BlackPanther_T90_20260205T224055Z_264_d_e	http://example.org/stkg/subjectEntity	http://example.org/stkg/id/platform_K2BlackPanther
http://example.org/stkg/id/obs_rel_K2BlackPanther_T90_20260205T224055Z_264_d_e	http://example.org/stkg/objectEntity	http://example.org/stkg/id/platform_T90
http://example.org/stkg/id/obs_rel_K2BlackPanther_T90_20260205T224055Z_264_d_e	http://example.org/stkg/relationType	http://example.org/stkg/id/relation_ahead_of
http://example.org/stkg/id/obs_rel_K2BlackPanther_T90_20260205T224055Z_264_d_e	http://example.org/stkg/time	"2026-02-05T22:40:55Z"^^<http://www.w3.org/2001/XMLSchema#dateTime>
http://example.org/stkg/id/obs_rel_T90_K2BlackPanther_20260205T224055Z_264_e_d	http://www.w3.org/1999/02/22-rdf-syntax-ns#type	http://example.org/stkg/id/SpatialRelationObservation
http://example.org/stkg/id/obs_rel_T90_K2BlackPanther_20260205T224055Z_264_e_d	http://example.org/stkg/subjectEntity	http://example.org/stkg/id/platform_T90
http://example.org/stkg/id/obs_rel_T90_K2BlackPanther_20260205T224055Z_264_e_d	http://example.org/stkg/objectEntity	http://example.org/stkg/id/platform_K2BlackPanther
http://example.org/stkg/id/obs_rel_T90_K2BlackPanther_20260205T224055Z_264_e_d	http://example.org/stkg/relationType	http://example.org/stkg/id/relation_behind_of
http://example.org/stkg/id/obs_rel_T90_K2BlackPanther_20260205T224055Z_264_e_d	http://example.org/stkg/time	"2026-02-05T22:40:55Z"^^<http://www.w3.org/2001/XMLSchema#dateTime>
http://example.org/stkg/id/obs_rel_BTR80_T90_20260205T224055Z_264_c_e	http://www.w3.org/1999/02/22-rdf-syntax-ns#type	http://example.org/stkg/id/SpatialRelationObservation
http://example.org/stkg/id/obs_rel_BTR80_T90_20260205T224055Z_264_c_e	http://example.org/stkg/subjectEntity	http://example.org/stkg/id/platform_BTR80
http://example.org/stkg/id/obs_rel_BTR80_T90_20260205T224055Z_264_c_e	http://example.org/stkg/objectEntity	http://example.org/stkg/id/platform_T90
http://example.org/stkg/id/obs_rel_BTR80_T90_20260205T224055Z_264_c_e	http://example.org/stkg/relationType	http://example.org/stkg/id/relation_ahead_of
http://example.org/stkg/id/obs_rel_BTR80_T90_20260205T224055Z_264_c_e	http://example.org/stkg/time	"2026-02-05T22:40:55Z"^^<http://www.w3.org/2001/XMLSchema#dateTime>
http://example.org/stkg/id/obs_rel_T90_BTR80_20260205T224055Z_264_e_c	http://www.w3.org/1999/02/22-rdf-syntax-ns#type	http://example.org/stkg/id/SpatialRelationObservation
http://example.org/stkg/id/obs_rel_T90_BTR80_20260205T224055Z_264_e_c	http://example.org/stkg/subjectEntity	http://example.org/stkg/id/platform_T90
http://example.org/stkg/id/obs_rel_T90_BTR80_20260205T224055Z_264_e_c	http://example.org/stkg/objectEntity	http://example.org/stkg/id/platform_BTR80
http://example.org/stkg/id/obs_rel_T90_BTR80_20260205T224055Z_264_e_c	http://example.org/stkg/relationType	http://example.org/stkg/id/relation_behind_of
http://example.org/stkg/id/obs_rel_T90_BTR80_20260205T224055Z_264_e_c	http://example.org/stkg/time	"2026-02-05T22:40:55Z"^^<http://www.w3.org/2001/XMLSchema#dateTime>
http://example.org/stkg/id/obs_rel_BTR80_K2BlackPanther_20260205T224056Z_265_c_d	http://www.w3.org/1999/02/22-rdf-syntax-ns#type	http://example.org/stkg/id/SpatialRelationObservation
http://example.org/stkg/id/obs_rel_BTR80_K2BlackPanther_20260205T224056Z_265_c_d	http://example.org/stkg/subjectEntity	http://example.org/stkg/id/platform_BTR80
http://example.org/stkg/id/obs_rel_BTR80_K2BlackPanther_20260205T224056Z_265_c_d	http://example.org/stkg/objectEntity	http://example.org/stkg/id/platform_K2BlackPanther
http://example.org/stkg/id/obs_rel_BTR80_K2BlackPanther_20260205T224056Z_265_c_d	http://example.org/stkg/relationType	http://example.org/stkg/id/relation_behind_of
http://example.org/stkg/id/obs_rel_BTR80_K2BlackPanther_20260205T224056Z_265_c_d	http://example.org/stkg/time	"2026-02-05T22:40:56Z"^^<http://www.w3.org/2001/XMLSchema#dateTime>
http://example.org/stkg/id/obs_rel_K2BlackPanther_BTR80_20260205T224056Z_265_d_c	http://www.w3.org/1999/02/22-rdf-syntax-ns#type	http://example.org/stkg/id/SpatialRelationObservation
http://example.org/stkg/id/obs_rel_K2BlackPanther_BTR80_20260205T224056Z_265_d_c	http://example.org/stkg/subjectEntity	http://example.org/stkg/id/platform_K2BlackPanther
http://example.org/stkg/id/obs_rel_K2BlackPanther_BTR80_20260205T224056Z_265_d_c	http://example.org/stkg/objectEntity	http://example.org/stkg/id/platform_BTR80
http://example.org/stkg/id/obs_rel_K2BlackPanther_BTR80_20260205T224056Z_265_d_c	http://example.org/stkg/relationType	http://example.org/stkg/id/relation_ahead_of
http://example.org/stkg/id/obs_rel_K2BlackPanther_BTR80_20260205T224056Z_265_d_c	http://example.org/stkg/time	"2026-02-05T22:40:56Z"^^<http://www.w3.org/2001/XMLSchema#dateTime>
http://example.org/stkg/id/obs_rel_K2BlackPanther_T90_20260205T224056Z_265_d_e	http://www.w3.org/1999/02/22-rdf-syntax-ns#type	http://example.org/stkg/id/SpatialRelationObservation
http://example.org/stkg/id/obs_rel_K2BlackPanther_T90_20260205T224056Z_265_d_e	http://example.org/stkg/subjectEntity	http://example.org/stkg/id/platform_K2BlackPanther
http://example.org/stkg/id/obs_rel_K2BlackPanther_T90_20260205T224056Z_265_d_e	http://example.org/stkg/objectEntity	http://example.org/stkg/id/platform_T90
http://example.org/stkg/id/obs_rel_K2BlackPanther_T90_20260205T224056Z_265_d_e	http://example.org/stkg/relationType	http://example.org/stkg/id/relation_ahead_of
http://example.org/stkg/id/obs_rel_K2BlackPanther_T90_20260205T224056Z_265_d_e	http://example.org/stkg/time	"2026-02-05T22:40:56Z"^^<http://www.w3.org/2001/XMLSchema#dateTime>
http://example.org/stkg/id/obs_rel_T90_K2BlackPanther_20260205T224056Z_265_e_d	http://www.w3.org/1999/02/22-rdf-syntax-ns#type	http://example.org/stkg/id/SpatialRelationObservation
http://example.org/stkg/id/obs_rel_T90_K2BlackPanther_20260205T224056Z_265_e_d	http://example.org/stkg/subjectEntity	http://example.org/stkg/id/platform_T90
http://example.org/stkg/id/obs_rel_T90_K2BlackPanther_20260205T224056Z_265_e_d	http://example.org/stkg/objectEntity	http://example.org/stkg/id/platform_K2BlackPanther
http://example.org/stkg/id/obs_rel_T90_K2BlackPanther_20260205T224056Z_265_e_d	http://example.org/stkg/relationType	http://example.org/stkg/id/relation_behind_of
http://example.org/stkg/id/obs_rel_T90_K2BlackPanther_20260205T224056Z_265_e_d	http://example.org/stkg/time	"2026-02-05T22:40:56Z"^^<http://www.w3.org/2001/XMLSchema#dateTime>
http://example.org/stkg/id/obs_rel_BTR80_T90_20260205T224056Z_265_c_e	http://www.w3.org/1999/02/22-rdf-syntax-ns#type	http://example.org/stkg/id/SpatialRelationObservation
http://example.org/stkg/id/obs_rel_BTR80_T90_20260205T224056Z_265_c_e	http://example.org/stkg/subjectEntity	http://example.org/stkg/id/platform_BTR80
http://example.org/stkg/id/obs_rel_BTR80_T90_20260205T224056Z_265_c_e	http://example.org/stkg/objectEntity	http://example.org/stkg/id/platform_T90
http://example.org/stkg/id/obs_rel_BTR80_T90_20260205T224056Z_265_c_e	http://example.org/stkg/relationType	http://example.org/stkg/id/relation_ahead_of
http://example.org/stkg/id/obs_rel_BTR80_T90_20260205T224056Z_265_c_e	http://example.org/stkg/time	"2026-02-05T22:40:56Z"^^<http://www.w3.org/2001/XMLSchema#dateTime>
http://example.org/stkg/id/obs_rel_T90_BTR80_20260205T224056Z_265_e_c	http://www.w3.org/1999/02/22-rdf-syntax-ns#type	http://example.org/stkg/id/SpatialRelationObservation
http://example.org/stkg/id/obs_rel_T90_BTR80_20260205T224056Z_265_e_c	http://example.org/stkg/subjectEntity	http://example.org/stkg/id/platform_T90
http://example.org/stkg/id/obs_rel_T90_BTR80_20260205T224056Z_265_e_c	http://example.org/stkg/objectEntity	http://example.org/stkg/id/platform_BTR80
http://example.org/stkg/id/obs_rel_T90_BTR80_20260205T224056Z_265_e_c	http://example.org/stkg/relationType	http://example.org/stkg/id/relation_behind_of
http://example.org/stkg/id/obs_rel_T90_BTR80_20260205T224056Z_265_e_c	http://example.org/stkg/time	"2026-02-05T22:40:56Z"^^<http://www.w3.org/2001/XMLSchema#dateTime>
http://example.org/stkg/id/obs_rel_BTR80_K2BlackPanther_20260205T224057Z_266_c_d	http://www.w3.org/1999/02/22-rdf-syntax-ns#type	http://example.org/stkg/id/SpatialRelationObservation
http://example.org/stkg/id/obs_rel_BTR80_K2BlackPanther_20260205T224057Z_266_c_d	http://example.org/stkg/subjectEntity	http://example.org/stkg/id/platform_BTR80
http://example.org/stkg/id/obs_rel_BTR80_K2BlackPanther_20260205T224057Z_266_c_d	http://example.org/stkg/objectEntity	http://example.org/stkg/id/platform_K2BlackPanther
http://example.org/stkg/id/obs_rel_BTR80_K2BlackPanther_20260205T224057Z_266_c_d	http://example.org/stkg/relationType	http://example.org/stkg/id/relation_behind_of
http://example.org/stkg/id/obs_rel_BTR80_K2BlackPanther_20260205T224057Z_266_c_d	http://example.org/stkg/time	"2026-02-05T22:40:57Z"^^<http://www.w3.org/2001/XMLSchema#dateTime>
http://example.org/stkg/id/obs_rel_K2BlackPanther_BTR80_20260205T224057Z_266_d_c	http://www.w3.org/1999/02/22-rdf-syntax-ns#type	http://example.org/stkg/id/SpatialRelationObservation
http://example.org/stkg/id/obs_rel_K2BlackPanther_BTR80_20260205T224057Z_266_d_c	http://example.org/stkg/subjectEntity	http://example.org/stkg/id/platform_K2BlackPanther
http://example.org/stkg/id/obs_rel_K2BlackPanther_BTR80_20260205T224057Z_266_d_c	http://example.org/stkg/objectEntity	http://example.org/stkg/id/platform_BTR80
http://example.org/stkg/id/obs_rel_K2BlackPanther_BTR80_20260205T224057Z_266_d_c	http://example.org/stkg/relationType	http://example.org/stkg/id/relation_ahead_of
http://example.org/stkg/id/obs_rel_K2BlackPanther_BTR80_20260205T224057Z_266_d_c	http://example.org/stkg/time	"2026-02-05T22:40:57Z"^^<http://www.w3.org/2001/XMLSchema#dateTime>
http://example.org/stkg/id/obs_rel_K2BlackPanther_T90_20260205T224057Z_266_d_e	http://www.w3.org/1999/02/22-rdf-syntax-ns#type	http://example.org/stkg/id/SpatialRelationObservation
http://example.org/stkg/id/obs_rel_K2BlackPanther_T90_20260205T224057Z_266_d_e	http://example.org/stkg/subjectEntity	http://example.org/stkg/id/platform_K2BlackPanther
http://example.org/stkg/id/obs_rel_K2BlackPanther_T90_20260205T224057Z_266_d_e	http://example.org/stkg/objectEntity	http://example.org/stkg/id/platform_T90
http://example.org/stkg/id/obs_rel_K2BlackPanther_T90_20260205T224057Z_266_d_e	http://example.org/stkg/relationType	http://example.org/stkg/id/relation_ahead_of
http://example.org/stkg/id/obs_rel_K2BlackPanther_T90_20260205T224057Z_266_d_e	http://example.org/stkg/time	"2026-02-05T22:40:57Z"^^<http://www.w3.org/2001/XMLSchema#dateTime>
http://example.org/stkg/id/obs_rel_T90_K2BlackPanther_20260205T224057Z_266_e_d	http://www.w3.org/1999/02/22-rdf-syntax-ns#type	http://example.org/stkg/id/SpatialRelationObservation
http://example.org/stkg/id/obs_rel_T90_K2BlackPanther_20260205T224057Z_266_e_d	http://example.org/stkg/subjectEntity	http://example.org/stkg/id/platform_T90
http://example.org/stkg/id/obs_rel_T90_K2BlackPanther_20260205T224057Z_266_e_d	http://example.org/stkg/objectEntity	http://example.org/stkg/id/platform_K2BlackPanther
http://example.org/stkg/id/obs_rel_T90_K2BlackPanther_20260205T224057Z_266_e_d	http://example.org/stkg/relationType	http://example.org/stkg/id/relation_behind_of
http://example.org/stkg/id/obs_rel_T90_K2BlackPanther_20260205T224057Z_266_e_d	http://example.org/stkg/time	"2026-02-05T22:40:57Z"^^<http://www.w3.org/2001/XMLSchema#dateTime>
http://example.org/stkg/id/obs_rel_BTR80_T90_20260205T224057Z_266_c_e	http://www.w3.org/1999/02/22-rdf-syntax-ns#type	http://example.org/stkg/id/SpatialRelationObservation
http://example.org/stkg/id/obs_rel_BTR80_T90_20260205T224057Z_266_c_e	http://example.org/stkg/subjectEntity	http://example.org/stkg/id/platform_BTR80
http://example.org/stkg/id/obs_rel_BTR80_T90_20260205T224057Z_266_c_e	http://example.org/stkg/objectEntity	http://example.org/stkg/id/platform_T90
http://example.org/stkg/id/obs_rel_BTR80_T90_20260205T224057Z_266_c_e	http://example.org/stkg/relationType	http://example.org/stkg/id/relation_ahead_of
http://example.org/stkg/id/obs_rel_BTR80_T90_20260205T224057Z_266_c_e	http://example.org/stkg/time	"2026-02-05T22:40:57Z"^^<http://www.w3.org/2001/XMLSchema#dateTime>
http://example.org/stkg/id/obs_rel_T90_BTR80_20260205T224057Z_266_e_c	http://www.w3.org/1999/02/22-rdf-syntax-ns#type	http://example.org/stkg/id/SpatialRelationObservation
http://example.org/stkg/id/obs_rel_T90_BTR80_20260205T224057Z_266_e_c	http://example.org/stkg/subjectEntity	http://example.org/stkg/id/platform_T90
http://example.org/stkg/id/obs_rel_T90_BTR80_20260205T224057Z_266_e_c	http://example.org/stkg/objectEntity	http://example.org/stkg/id/platform_BTR80
http://example.org/stkg/id/obs_rel_T90_BTR80_20260205T224057Z_266_e_c	http://example.org/stkg/relationType	http://example.org/stkg/id/relation_behind_of
http://example.org/stkg/id/obs_rel_T90_BTR80_20260205T224057Z_266_e_c	http://example.org/stkg/time	"2026-02-05T22:40:57Z"^^<http://www.w3.org/2001/XMLSchema#dateTime>
http://example.org/stkg/id/obs_rel_BTR80_K2BlackPanther_20260205T224058Z_267_c_d	http://www.w3.org/1999/02/22-rdf-syntax-ns#type	http://example.org/stkg/id/SpatialRelationObservation
http://example.org/stkg/id/obs_rel_BTR80_K2BlackPanther_20260205T224058Z_267_c_d	http://example.org/stkg/subjectEntity	http://example.org/stkg/id/platform_BTR80
http://example.org/stkg/id/obs_rel_BTR80_K2BlackPanther_20260205T224058Z_267_c_d	http://example.org/stkg/objectEntity	http://example.org/stkg/id/platform_K2BlackPanther
http://example.org/stkg/id/obs_rel_BTR80_K2BlackPanther_20260205T224058Z_267_c_d	http://example.org/stkg/relationType	http://example.org/stkg/id/relation_behind_of
http://example.org/stkg/id/obs_rel_BTR80_K2BlackPanther_20260205T224058Z_267_c_d	http://example.org/stkg/time	"2026-02-05T22:40:58Z"^^<http://www.w3.org/2001/XMLSchema#dateTime>
http://example.org/stkg/id/obs_rel_K2BlackPanther_BTR80_20260205T224058Z_267_d_c	http://www.w3.org/1999/02/22-rdf-syntax-ns#type	http://example.org/stkg/id/SpatialRelationObservation
http://example.org/stkg/id/obs_rel_K2BlackPanther_BTR80_20260205T224058Z_267_d_c	http://example.org/stkg/subjectEntity	http://example.org/stkg/id/platform_K2BlackPanther
http://example.org/stkg/id/obs_rel_K2BlackPanther_BTR80_20260205T224058Z_267_d_c	http://example.org/stkg/objectEntity	http://example.org/stkg/id/platform_BTR80
http://example.org/stkg/id/obs_rel_K2BlackPanther_BTR80_20260205T224058Z_267_d_c	http://example.org/stkg/relationType	http://example.org/stkg/id/relation_ahead_of
http://example.org/stkg/id/obs_rel_K2BlackPanther_BTR80_20260205T224058Z_267_d_c	http://example.org/stkg/time	"2026-02-05T22:40:58Z"^^<http://www.w3.org/2001/XMLSchema#dateTime>
http://example.org/stkg/id/obs_rel_K2BlackPanther_T90_20260205T224058Z_267_d_e	http://www.w3.org/1999/02/22-rdf-syntax-ns#type	http://example.org/stkg/id/SpatialRelationObservation
http://example.org/stkg/id/obs_rel_K2BlackPanther_T90_20260205T224058Z_267_d_e	http://example.org/stkg/subjectEntity	http://example.org/stkg/id/platform_K2BlackPanther
http://example.org/stkg/id/obs_rel_K2BlackPanther_T90_20260205T224058Z_267_d_e	http://example.org/stkg/objectEntity	http://example.org/stkg/id/platform_T90
http://example.org/stkg/id/obs_rel_K2BlackPanther_T90_20260205T224058Z_267_d_e	http://example.org/stkg/relationType	http://example.org/stkg/id/relation_ahead_of
http://example.org/stkg/id/obs_rel_K2BlackPanther_T90_20260205T224058Z_267_d_e	http://example.org/stkg/time	"2026-02-05T22:40:58Z"^^<http://www.w3.org/2001/XMLSchema#dateTime>
http://example.org/stkg/id/obs_rel_T90_K2BlackPanther_20260205T224058Z_267_e_d	http://www.w3.org/1999/02/22-rdf-syntax-ns#type	http://example.org/stkg/id/SpatialRelationObservation
http://example.org/stkg/id/obs_rel_T90_K2BlackPanther_20260205T224058Z_267_e_d	http://example.org/stkg/subjectEntity	http://example.org/stkg/id/platform_T90
http://example.org/stkg/id/obs_rel_T90_K2BlackPanther_20260205T224058Z_267_e_d	http://example.org/stkg/objectEntity	http://example.org/stkg/id/platform_K2BlackPanther
http://example.org/stkg/id/obs_rel_T90_K2BlackPanther_20260205T224058Z_267_e_d	http://example.org/stkg/relationType	http://example.org/stkg/id/relation_behind_of
http://example.org/stkg/id/obs_rel_T90_K2BlackPanther_20260205T224058Z_267_e_d	http://example.org/stkg/time	"2026-02-05T22:40:58Z"^^<http://www.w3.org/2001/XMLSchema#dateTime>
http://example.org/stkg/id/obs_rel_BTR80_T90_20260205T224058Z_267_c_e	http://www.w3.org/1999/02/22-rdf-syntax-ns#type	http://example.org/stkg/id/SpatialRelationObservation
http://example.org/stkg/id/obs_rel_BTR80_T90_20260205T224058Z_267_c_e	http://example.org/stkg/subjectEntity	http://example.org/stkg/id/platform_BTR80
http://example.org/stkg/id/obs_rel_BTR80_T90_20260205T224058Z_267_c_e	http://example.org/stkg/objectEntity	http://example.org/stkg/id/platform_T90
http://example.org/stkg/id/obs_rel_BTR80_T90_20260205T224058Z_267_c_e	http://example.org/stkg/relationType	http://example.org/stkg/id/relation_ahead_of
http://example.org/stkg/id/obs_rel_BTR80_T90_20260205T224058Z_267_c_e	http://example.org/stkg/time	"2026-02-05T22:40:58Z"^^<http://www.w3.org/2001/XMLSchema#dateTime>
http://example.org/stkg/id/obs_rel_T90_BTR80_20260205T224058Z_267_e_c	http://www.w3.org/1999/02/22-rdf-syntax-ns#type	http://example.org/stkg/id/SpatialRelationObservation
http://example.org/stkg/id/obs_rel_T90_BTR80_20260205T224058Z_267_e_c	http://example.org/stkg/subjectEntity	http://example.org/stkg/id/platform_T90
http://example.org/stkg/id/obs_rel_T90_BTR80_20260205T224058Z_267_e_c	http://example.org/stkg/objectEntity	http://example.org/stkg/id/platform_BTR80
http://example.org/stkg/id/obs_rel_T90_BTR80_20260205T224058Z_267_e_c	http://example.org/stkg/relationType	http://example.org/stkg/id/relation_behind_of
http://example.org/stkg/id/obs_rel_T90_BTR80_20260205T224058Z_267_e_c	http://example.org/stkg/time	"2026-02-05T22:40:58Z"^^<http://www.w3.org/2001/XMLSchema#dateTime>
http://example.org/stkg/id/obs_rel_BTR80_K2BlackPanther_20260205T224059Z_268_c_d	http://www.w3.org/1999/02/22-rdf-syntax-ns#type	http://example.org/stkg/id/SpatialRelationObservation
http://example.org/stkg/id/obs_rel_BTR80_K2BlackPanther_20260205T224059Z_268_c_d	http://example.org/stkg/subjectEntity	http://example.org/stkg/id/platform_BTR80
http://example.org/stkg/id/obs_rel_BTR80_K2BlackPanther_20260205T224059Z_268_c_d	http://example.org/stkg/objectEntity	http://example.org/stkg/id/platform_K2BlackPanther
http://example.org/stkg/id/obs_rel_BTR80_K2BlackPanther_20260205T224059Z_268_c_d	http://example.org/stkg/relationType	http://example.org/stkg/id/relation_behind_of
http://example.org/stkg/id/obs_rel_BTR80_K2BlackPanther_20260205T224059Z_268_c_d	http://example.org/stkg/time	"2026-02-05T22:40:59Z"^^<http://www.w3.org/2001/XMLSchema#dateTime>
http://example.org/stkg/id/obs_rel_K2BlackPanther_BTR80_20260205T224059Z_268_d_c	http://www.w3.org/1999/02/22-rdf-syntax-ns#type	http://example.org/stkg/id/SpatialRelationObservation
http://example.org/stkg/id/obs_rel_K2BlackPanther_BTR80_20260205T224059Z_268_d_c	http://example.org/stkg/subjectEntity	http://example.org/stkg/id/platform_K2BlackPanther
http://example.org/stkg/id/obs_rel_K2BlackPanther_BTR80_20260205T224059Z_268_d_c	http://example.org/stkg/objectEntity	http://example.org/stkg/id/platform_BTR80
http://example.org/stkg/id/obs_rel_K2BlackPanther_BTR80_20260205T224059Z_268_d_c	http://example.org/stkg/relationType	http://example.org/stkg/id/relation_ahead_of
http://example.org/stkg/id/obs_rel_K2BlackPanther_BTR80_20260205T224059Z_268_d_c	http://example.org/stkg/time	"2026-02-05T22:40:59Z"^^<http://www.w3.org/2001/XMLSchema#dateTime>
http://example.org/stkg/id/obs_rel_K2BlackPanther_T90_20260205T224059Z_268_d_e	http://www.w3.org/1999/02/22-rdf-syntax-ns#type	http://example.org/stkg/id/SpatialRelationObservation
http://example.org/stkg/id/obs_rel_K2BlackPanther_T90_20260205T224059Z_268_d_e	http://example.org/stkg/subjectEntity	http://example.org/stkg/id/platform_K2BlackPanther
http://example.org/stkg/id/obs_rel_K2BlackPanther_T90_20260205T224059Z_268_d_e	http://example.org/stkg/objectEntity	http://example.org/stkg/id/platform_T90
http://example.org/stkg/id/obs_rel_K2BlackPanther_T90_20260205T224059Z_268_d_e	http://example.org/stkg/relationType	http://example.org/stkg/id/relation_ahead_of
http://example.org/stkg/id/obs_rel_K2BlackPanther_T90_20260205T224059Z_268_d_e	http://example.org/stkg/time	"2026-02-05T22:40:59Z"^^<http://www.w3.org/2001/XMLSchema#dateTime>
http://example.org/stkg/id/obs_rel_T90_K2BlackPanther_20260205T224059Z_268_e_d	http://www.w3.org/1999/02/22-rdf-syntax-ns#type	http://example.org/stkg/id/SpatialRelationObservation
http://example.org/stkg/id/obs_rel_T90_K2BlackPanther_20260205T224059Z_268_e_d	http://example.org/stkg/subjectEntity	http://example.org/stkg/id/platform_T90
http://example.org/stkg/id/obs_rel_T90_K2BlackPanther_20260205T224059Z_268_e_d	http://example.org/stkg/objectEntity	http://example.org/stkg/id/platform_K2BlackPanther
http://example.org/stkg/id/obs_rel_T90_K2BlackPanther_20260205T224059Z_268_e_d	http://example.org/stkg/relationType	http://example.org/stkg/id/relation_behind_of
http://example.org/stkg/id/obs_rel_T90_K2BlackPanther_20260205T224059Z_268_e_d	http://example.org/stkg/time	"2026-02-05T22:40:59Z"^^<http://www.w3.org/2001/XMLSchema#dateTime>
http://example.org/stkg/id/obs_rel_BTR80_T90_20260205T224059Z_268_c_e	http://www.w3.org/1999/02/22-rdf-syntax-ns#type	http://example.org/stkg/id/SpatialRelationObservation
http://example.org/stkg/id/obs_rel_BTR80_T90_20260205T224059Z_268_c_e	http://example.org/stkg/subjectEntity	http://example.org/stkg/id/platform_BTR80
http://example.org/stkg/id/obs_rel_BTR80_T90_20260205T224059Z_268_c_e	http://example.org/stkg/objectEntity	http://example.org/stkg/id/platform_T90
http://example.org/stkg/id/obs_rel_BTR80_T90_20260205T224059Z_268_c_e	http://example.org/stkg/relationType	http://example.org/stkg/id/relation_ahead_of
http://example.org/stkg/id/obs_rel_BTR80_T90_20260205T224059Z_268_c_e	http://example.org/stkg/time	"2026-02-05T22:40:59Z"^^<http://www.w3.org/2001/XMLSchema#dateTime>
http://example.org/stkg/id/obs_rel_T90_BTR80_20260205T224059Z_268_e_c	http://www.w3.org/1999/02/22-rdf-syntax-ns#type	http://example.org/stkg/id/SpatialRelationObservation
http://example.org/stkg/id/obs_rel_T90_BTR80_20260205T224059Z_268_e_c	http://example.org/stkg/subjectEntity	http://example.org/stkg/id/platform_T90
http://example.org/stkg/id/obs_rel_T90_BTR80_20260205T224059Z_268_e_c	http://example.org/stkg/objectEntity	http://example.org/stkg/id/platform_BTR80
http://example.org/stkg/id/obs_rel_T90_BTR80_20260205T224059Z_268_e_c	http://example.org/stkg/relationType	http://example.org/stkg/id/relation_behind_of
http://example.org/stkg/id/obs_rel_T90_BTR80_20260205T224059Z_268_e_c	http://example.org/stkg/time	"2026-02-05T22:40:59Z"^^<http://www.w3.org/2001/XMLSchema#dateTime>
http://example.org/stkg/id/obs_rel_BTR80_K2BlackPanther_20260205T224100Z_269_c_d	http://www.w3.org/1999/02/22-rdf-syntax-ns#type	http://example.org/stkg/id/SpatialRelationObservation
http://example.org/stkg/id/obs_rel_BTR80_K2BlackPanther_20260205T224100Z_269_c_d	http://example.org/stkg/subjectEntity	http://example.org/stkg/id/platform_BTR80
http://example.org/stkg/id/obs_rel_BTR80_K2BlackPanther_20260205T224100Z_269_c_d	http://example.org/stkg/objectEntity	http://example.org/stkg/id/platform_K2BlackPanther
http://example.org/stkg/id/obs_rel_BTR80_K2BlackPanther_20260205T224100Z_269_c_d	http://example.org/stkg/relationType	http://example.org/stkg/id/relation_behind_of
http://example.org/stkg/id/obs_rel_BTR80_K2BlackPanther_20260205T224100Z_269_c_d	http://example.org/stkg/time	"2026-02-05T22:41:00Z"^^<http://www.w3.org/2001/XMLSchema#dateTime>
http://example.org/stkg/id/obs_rel_K2BlackPanther_BTR80_20260205T224100Z_269_d_c	http://www.w3.org/1999/02/22-rdf-syntax-ns#type	http://example.org/stkg/id/SpatialRelationObservation
http://example.org/stkg/id/obs_rel_K2BlackPanther_BTR80_20260205T224100Z_269_d_c	http://example.org/stkg/subjectEntity	http://example.org/stkg/id/platform_K2BlackPanther
http://example.org/stkg/id/obs_rel_K2BlackPanther_BTR80_20260205T224100Z_269_d_c	http://example.org/stkg/objectEntity	http://example.org/stkg/id/platform_BTR80
http://example.org/stkg/id/obs_rel_K2BlackPanther_BTR80_20260205T224100Z_269_d_c	http://example.org/stkg/relationType	http://example.org/stkg/id/relation_ahead_of
http://example.org/stkg/id/obs_rel_K2BlackPanther_BTR80_20260205T224100Z_269_d_c	http://example.org/stkg/time	"2026-02-05T22:41:00Z"^^<http://www.w3.org/2001/XMLSchema#dateTime>
http://example.org/stkg/id/obs_rel_K2BlackPanther_T90_20260205T224100Z_269_d_e	http://www.w3.org/1999/02/22-rdf-syntax-ns#type	http://example.org/stkg/id/SpatialRelationObservation
http://example.org/stkg/id/obs_rel_K2BlackPanther_T90_20260205T224100Z_269_d_e	http://example.org/stkg/subjectEntity	http://example.org/stkg/id/platform_K2BlackPanther
http://example.org/stkg/id/obs_rel_K2BlackPanther_T90_20260205T224100Z_269_d_e	http://example.org/stkg/objectEntity	http://example.org/stkg/id/platform_T90
http://example.org/stkg/id/obs_rel_K2BlackPanther_T90_20260205T224100Z_269_d_e	http://example.org/stkg/relationType	http://example.org/stkg/id/relation_ahead_of
http://example.org/stkg/id/obs_rel_K2BlackPanther_T90_20260205T224100Z_269_d_e	http://example.org/stkg/time	"2026-02-05T22:41:00Z"^^<http://www.w3.org/2001/XMLSchema#dateTime>
http://example.org/stkg/id/obs_rel_T90_K2BlackPanther_20260205T224100Z_269_e_d	http://www.w3.org/1999/02/22-rdf-syntax-ns#type	http://example.org/stkg/id/SpatialRelationObservation
http://example.org/stkg/id/obs_rel_T90_K2BlackPanther_20260205T224100Z_269_e_d	http://example.org/stkg/subjectEntity	http://example.org/stkg/id/platform_T90
http://example.org/stkg/id/obs_rel_T90_K2BlackPanther_20260205T224100Z_269_e_d	http://example.org/stkg/objectEntity	http://example.org/stkg/id/platform_K2BlackPanther
http://example.org/stkg/id/obs_rel_T90_K2BlackPanther_20260205T224100Z_269_e_d	http://example.org/stkg/relationType	http://example.org/stkg/id/relation_behind_of
http://example.org/stkg/id/obs_rel_T90_K2BlackPanther_20260205T224100Z_269_e_d	http://example.org/stkg/time	"2026-02-05T22:41:00Z"^^<http://www.w3.org/2001/XMLSchema#dateTime>
http://example.org/stkg/id/obs_rel_BTR80_T90_20260205T224100Z_269_c_e	http://www.w3.org/1999/02/22-rdf-syntax-ns#type	http://example.org/stkg/id/SpatialRelationObservation
http://example.org/stkg/id/obs_rel_BTR80_T90_20260205T224100Z_269_c_e	http://example.org/stkg/subjectEntity	http://example.org/stkg/id/platform_BTR80
http://example.org/stkg/id/obs_rel_BTR80_T90_20260205T224100Z_269_c_e	http://example.org/stkg/objectEntity	http://example.org/stkg/id/platform_T90
http://example.org/stkg/id/obs_rel_BTR80_T90_20260205T224100Z_269_c_e	http://example.org/stkg/relationType	http://example.org/stkg/id/relation_ahead_of
http://example.org/stkg/id/obs_rel_BTR80_T90_20260205T224100Z_269_c_e	http://example.org/stkg/time	"2026-02-05T22:41:00Z"^^<http://www.w3.org/2001/XMLSchema#dateTime>
http://example.org/stkg/id/obs_rel_T90_BTR80_20260205T224100Z_269_e_c	http://www.w3.org/1999/02/22-rdf-syntax-ns#type	http://example.org/stkg/id/SpatialRelationObservation
http://example.org/stkg/id/obs_rel_T90_BTR80_20260205T224100Z_269_e_c	http://example.org/stkg/subjectEntity	http://example.org/stkg/id/platform_T90
http://example.org/stkg/id/obs_rel_T90_BTR80_20260205T224100Z_269_e_c	http://example.org/stkg/objectEntity	http://example.org/stkg/id/platform_BTR80
http://example.org/stkg/id/obs_rel_T90_BTR80_20260205T224100Z_269_e_c	http://example.org/stkg/relationType	http://example.org/stkg/id/relation_behind_of
http://example.org/stkg/id/obs_rel_T90_BTR80_20260205T224100Z_269_e_c	http://example.org/stkg/time	"2026-02-05T22:41:00Z"^^<http://www.w3.org/2001/XMLSchema#dateTime>
http://example.org/stkg/id/obs_rel_BTR80_K2BlackPanther_20260205T224101Z_270_c_d	http://www.w3.org/1999/02/22-rdf-syntax-ns#type	http://example.org/stkg/id/SpatialRelationObservation
http://example.org/stkg/id/obs_rel_BTR80_K2BlackPanther_20260205T224101Z_270_c_d	http://example.org/stkg/subjectEntity	http://example.org/stkg/id/platform_BTR80
http://example.org/stkg/id/obs_rel_BTR80_K2BlackPanther_20260205T224101Z_270_c_d	http://example.org/stkg/objectEntity	http://example.org/stkg/id/platform_K2BlackPanther
http://example.org/stkg/id/obs_rel_BTR80_K2BlackPanther_20260205T224101Z_270_c_d	http://example.org/stkg/relationType	http://example.org/stkg/id/relation_behind_of
http://example.org/stkg/id/obs_rel_BTR80_K2BlackPanther_20260205T224101Z_270_c_d	http://example.org/stkg/time	"2026-02-05T22:41:01Z"^^<http://www.w3.org/2001/XMLSchema#dateTime>
http://example.org/stkg/id/obs_rel_K2BlackPanther_BTR80_20260205T224101Z_270_d_c	http://www.w3.org/1999/02/22-rdf-syntax-ns#type	http://example.org/stkg/id/SpatialRelationObservation
http://example.org/stkg/id/obs_rel_K2BlackPanther_BTR80_20260205T224101Z_270_d_c	http://example.org/stkg/subjectEntity	http://example.org/stkg/id/platform_K2BlackPanther
http://example.org/stkg/id/obs_rel_K2BlackPanther_BTR80_20260205T224101Z_270_d_c	http://example.org/stkg/objectEntity	http://example.org/stkg/id/platform_BTR80
http://example.org/stkg/id/obs_rel_K2BlackPanther_BTR80_20260205T224101Z_270_d_c	http://example.org/stkg/relationType	http://example.org/stkg/id/relation_ahead_of
http://example.org/stkg/id/obs_rel_K2BlackPanther_BTR80_20260205T224101Z_270_d_c	http://example.org/stkg/time	"2026-02-05T22:41:01Z"^^<http://www.w3.org/2001/XMLSchema#dateTime>
http://example.org/stkg/id/obs_rel_K2BlackPanther_T90_20260205T224101Z_270_d_e	http://www.w3.org/1999/02/22-rdf-syntax-ns#type	http://example.org/stkg/id/SpatialRelationObservation
http://example.org/stkg/id/obs_rel_K2BlackPanther_T90_20260205T224101Z_270_d_e	http://example.org/stkg/subjectEntity	http://example.org/stkg/id/platform_K2BlackPanther
http://example.org/stkg/id/obs_rel_K2BlackPanther_T90_20260205T224101Z_270_d_e	http://example.org/stkg/objectEntity	http://example.org/stkg/id/platform_T90
http://example.org/stkg/id/obs_rel_K2BlackPanther_T90_20260205T224101Z_270_d_e	http://example.org/stkg/relationType	http://example.org/stkg/id/relation_ahead_of
http://example.org/stkg/id/obs_rel_K2BlackPanther_T90_20260205T224101Z_270_d_e	http://example.org/stkg/time	"2026-02-05T22:41:01Z"^^<http://www.w3.org/2001/XMLSchema#dateTime>
http://example.org/stkg/id/obs_rel_T90_K2BlackPanther_20260205T224101Z_270_e_d	http://www.w3.org/1999/02/22-rdf-syntax-ns#type	http://example.org/stkg/id/SpatialRelationObservation
http://example.org/stkg/id/obs_rel_T90_K2BlackPanther_20260205T224101Z_270_e_d	http://example.org/stkg/subjectEntity	http://example.org/stkg/id/platform_T90
http://example.org/stkg/id/obs_rel_T90_K2BlackPanther_20260205T224101Z_270_e_d	http://example.org/stkg/objectEntity	http://example.org/stkg/id/platform_K2BlackPanther
http://example.org/stkg/id/obs_rel_T90_K2BlackPanther_20260205T224101Z_270_e_d	http://example.org/stkg/relationType	http://example.org/stkg/id/relation_behind_of
http://example.org/stkg/id/obs_rel_T90_K2BlackPanther_20260205T224101Z_270_e_d	http://example.org/stkg/time	"2026-02-05T22:41:01Z"^^<http://www.w3.org/2001/XMLSchema#dateTime>
http://example.org/stkg/id/obs_rel_BTR80_T90_20260205T224101Z_270_c_e	http://www.w3.org/1999/02/22-rdf-syntax-ns#type	http://example.org/stkg/id/SpatialRelationObservation
http://example.org/stkg/id/obs_rel_BTR80_T90_20260205T224101Z_270_c_e	http://example.org/stkg/subjectEntity	http://example.org/stkg/id/platform_BTR80
http://example.org/stkg/id/obs_rel_BTR80_T90_20260205T224101Z_270_c_e	http://example.org/stkg/objectEntity	http://example.org/stkg/id/platform_T90
http://example.org/stkg/id/obs_rel_BTR80_T90_20260205T224101Z_270_c_e	http://example.org/stkg/relationType	http://example.org/stkg/id/relation_ahead_of
http://example.org/stkg/id/obs_rel_BTR80_T90_20260205T224101Z_270_c_e	http://example.org/stkg/time	"2026-02-05T22:41:01Z"^^<http://www.w3.org/2001/XMLSchema#dateTime>
http://example.org/stkg/id/obs_rel_T90_BTR80_20260205T224101Z_270_e_c	http://www.w3.org/1999/02/22-rdf-syntax-ns#type	http://example.org/stkg/id/SpatialRelationObservation
http://example.org/stkg/id/obs_rel_T90_BTR80_20260205T224101Z_270_e_c	http://example.org/stkg/subjectEntity	http://example.org/stkg/id/platform_T90
http://example.org/stkg/id/obs_rel_T90_BTR80_20260205T224101Z_270_e_c	http://example.org/stkg/objectEntity	http://example.org/stkg/id/platform_BTR80
http://example.org/stkg/id/obs_rel_T90_BTR80_20260205T224101Z_270_e_c	http://example.org/stkg/relationType	http://example.org/stkg/id/relation_behind_of
http://example.org/stkg/id/obs_rel_T90_BTR80_20260205T224101Z_270_e_c	http://example.org/stkg/time	"2026-02-05T22:41:01Z"^^<http://www.w3.org/2001/XMLSchema#dateTime>
http://example.org/stkg/id/obs_rel_BTR80_K2BlackPanther_20260205T224102Z_271_c_d	http://www.w3.org/1999/02/22-rdf-syntax-ns#type	http://example.org/stkg/id/SpatialRelationObservation
http://example.org/stkg/id/obs_rel_BTR80_K2BlackPanther_20260205T224102Z_271_c_d	http://example.org/stkg/subjectEntity	http://example.org/stkg/id/platform_BTR80
http://example.org/stkg/id/obs_rel_BTR80_K2BlackPanther_20260205T224102Z_271_c_d	http://example.org/stkg/objectEntity	http://example.org/stkg/id/platform_K2BlackPanther
http://example.org/stkg/id/obs_rel_BTR80_K2BlackPanther_20260205T224102Z_271_c_d	http://example.org/stkg/relationType	http://example.org/stkg/id/relation_behind_of
http://example.org/stkg/id/obs_rel_BTR80_K2BlackPanther_20260205T224102Z_271_c_d	http://example.org/stkg/time	"2026-02-05T22:41:02Z"^^<http://www.w3.org/2001/XMLSchema#dateTime>
http://example.org/stkg/id/obs_rel_K2BlackPanther_BTR80_20260205T224102Z_271_d_c	http://www.w3.org/1999/02/22-rdf-syntax-ns#type	http://example.org/stkg/id/SpatialRelationObservation
http://example.org/stkg/id/obs_rel_K2BlackPanther_BTR80_20260205T224102Z_271_d_c	http://example.org/stkg/subjectEntity	http://example.org/stkg/id/platform_K2BlackPanther
http://example.org/stkg/id/obs_rel_K2BlackPanther_BTR80_20260205T224102Z_271_d_c	http://example.org/stkg/objectEntity	http://example.org/stkg/id/platform_BTR80
http://example.org/stkg/id/obs_rel_K2BlackPanther_BTR80_20260205T224102Z_271_d_c	http://example.org/stkg/relationType	http://example.org/stkg/id/relation_ahead_of
http://example.org/stkg/id/obs_rel_K2BlackPanther_BTR80_20260205T224102Z_271_d_c	http://example.org/stkg/time	"2026-02-05T22:41:02Z"^^<http://www.w3.org/2001/XMLSchema#dateTime>
http://example.org/stkg/id/obs_rel_K2BlackPanther_T90_20260205T224102Z_271_d_e	http://www.w3.org/1999/02/22-rdf-syntax-ns#type	http://example.org/stkg/id/SpatialRelationObservation
http://example.org/stkg/id/obs_rel_K2BlackPanther_T90_20260205T224102Z_271_d_e	http://example.org/stkg/subjectEntity	http://example.org/stkg/id/platform_K2BlackPanther
http://example.org/stkg/id/obs_rel_K2BlackPanther_T90_20260205T224102Z_271_d_e	http://example.org/stkg/objectEntity	http://example.org/stkg/id/platform_T90
http://example.org/stkg/id/obs_rel_K2BlackPanther_T90_20260205T224102Z_271_d_e	http://example.org/stkg/relationType	http://example.org/stkg/id/relation_ahead_of
http://example.org/stkg/id/obs_rel_K2BlackPanther_T90_20260205T224102Z_271_d_e	http://example.org/stkg/time	"2026-02-05T22:41:02Z"^^<http://www.w3.org/2001/XMLSchema#dateTime>
http://example.org/stkg/id/obs_rel_T90_K2BlackPanther_20260205T224102Z_271_e_d	http://www.w3.org/1999/02/22-rdf-syntax-ns#type	http://example.org/stkg/id/SpatialRelationObservation
http://example.org/stkg/id/obs_rel_T90_K2BlackPanther_20260205T224102Z_271_e_d	http://example.org/stkg/subjectEntity	http://example.org/stkg/id/platform_T90
http://example.org/stkg/id/obs_rel_T90_K2BlackPanther_20260205T224102Z_271_e_d	http://example.org/stkg/objectEntity	http://example.org/stkg/id/platform_K2BlackPanther
http://example.org/stkg/id/obs_rel_T90_K2BlackPanther_20260205T224102Z_271_e_d	http://example.org/stkg/relationType	http://example.org/stkg/id/relation_behind_of
http://example.org/stkg/id/obs_rel_T90_K2BlackPanther_20260205T224102Z_271_e_d	http://example.org/stkg/time	"2026-02-05T22:41:02Z"^^<http://www.w3.org/2001/XMLSchema#dateTime>
http://example.org/stkg/id/obs_rel_BTR80_T90_20260205T224102Z_271_c_e	http://www.w3.org/1999/02/22-rdf-syntax-ns#type	http://example.org/stkg/id/SpatialRelationObservation
http://example.org/stkg/id/obs_rel_BTR80_T90_20260205T224102Z_271_c_e	http://example.org/stkg/subjectEntity	http://example.org/stkg/id/platform_BTR80
http://example.org/stkg/id/obs_rel_BTR80_T90_20260205T224102Z_271_c_e	http://example.org/stkg/objectEntity	http://example.org/stkg/id/platform_T90
http://example.org/stkg/id/obs_rel_BTR80_T90_20260205T224102Z_271_c_e	http://example.org/stkg/relationType	http://example.org/stkg/id/relation_ahead_of
http://example.org/stkg/id/obs_rel_BTR80_T90_20260205T224102Z_271_c_e	http://example.org/stkg/time	"2026-02-05T22:41:02Z"^^<http://www.w3.org/2001/XMLSchema#dateTime>
http://example.org/stkg/id/obs_rel_T90_BTR80_20260205T224102Z_271_e_c	http://www.w3.org/1999/02/22-rdf-syntax-ns#type	http://example.org/stkg/id/SpatialRelationObservation
http://example.org/stkg/id/obs_rel_T90_BTR80_20260205T224102Z_271_e_c	http://example.org/stkg/subjectEntity	http://example.org/stkg/id/platform_T90
http://example.org/stkg/id/obs_rel_T90_BTR80_20260205T224102Z_271_e_c	http://example.org/stkg/objectEntity	http://example.org/stkg/id/platform_BTR80
http://example.org/stkg/id/obs_rel_T90_BTR80_20260205T224102Z_271_e_c	http://example.org/stkg/relationType	http://example.org/stkg/id/relation_behind_of
http://example.org/stkg/id/obs_rel_T90_BTR80_20260205T224102Z_271_e_c	http://example.org/stkg/time	"2026-02-05T22:41:02Z"^^<http://www.w3.org/2001/XMLSchema#dateTime>
http://example.org/stkg/id/obs_rel_BTR80_K2BlackPanther_20260205T224103Z_272_c_d	http://www.w3.org/1999/02/22-rdf-syntax-ns#type	http://example.org/stkg/id/SpatialRelationObservation
http://example.org/stkg/id/obs_rel_BTR80_K2BlackPanther_20260205T224103Z_272_c_d	http://example.org/stkg/subjectEntity	http://example.org/stkg/id/platform_BTR80
http://example.org/stkg/id/obs_rel_BTR80_K2BlackPanther_20260205T224103Z_272_c_d	http://example.org/stkg/objectEntity	http://example.org/stkg/id/platform_K2BlackPanther
http://example.org/stkg/id/obs_rel_BTR80_K2BlackPanther_20260205T224103Z_272_c_d	http://example.org/stkg/relationType	http://example.org/stkg/id/relation_behind_of
http://example.org/stkg/id/obs_rel_BTR80_K2BlackPanther_20260205T224103Z_272_c_d	http://example.org/stkg/time	"2026-02-05T22:41:03Z"^^<http://www.w3.org/2001/XMLSchema#dateTime>
http://example.org/stkg/id/obs_rel_K2BlackPanther_BTR80_20260205T224103Z_272_d_c	http://www.w3.org/1999/02/22-rdf-syntax-ns#type	http://example.org/stkg/id/SpatialRelationObservation
http://example.org/stkg/id/obs_rel_K2BlackPanther_BTR80_20260205T224103Z_272_d_c	http://example.org/stkg/subjectEntity	http://example.org/stkg/id/platform_K2BlackPanther
http://example.org/stkg/id/obs_rel_K2BlackPanther_BTR80_20260205T224103Z_272_d_c	http://example.org/stkg/objectEntity	http://example.org/stkg/id/platform_BTR80
http://example.org/stkg/id/obs_rel_K2BlackPanther_BTR80_20260205T224103Z_272_d_c	http://example.org/stkg/relationType	http://example.org/stkg/id/relation_ahead_of
http://example.org/stkg/id/obs_rel_K2BlackPanther_BTR80_20260205T224103Z_272_d_c	http://example.org/stkg/time	"2026-02-05T22:41:03Z"^^<http://www.w3.org/2001/XMLSchema#dateTime>
http://example.org/stkg/id/obs_rel_K2BlackPanther_T90_20260205T224103Z_272_d_e	http://www.w3.org/1999/02/22-rdf-syntax-ns#type	http://example.org/stkg/id/SpatialRelationObservation
http://example.org/stkg/id/obs_rel_K2BlackPanther_T90_20260205T224103Z_272_d_e	http://example.org/stkg/subjectEntity	http://example.org/stkg/id/platform_K2BlackPanther
http://example.org/stkg/id/obs_rel_K2BlackPanther_T90_20260205T224103Z_272_d_e	http://example.org/stkg/objectEntity	http://example.org/stkg/id/platform_T90
http://example.org/stkg/id/obs_rel_K2BlackPanther_T90_20260205T224103Z_272_d_e	http://example.org/stkg/relationType	http://example.org/stkg/id/relation_ahead_of
http://example.org/stkg/id/obs_rel_K2BlackPanther_T90_20260205T224103Z_272_d_e	http://example.org/stkg/time	"2026-02-05T22:41:03Z"^^<http://www.w3.org/2001/XMLSchema#dateTime>
http://example.org/stkg/id/obs_rel_T90_K2BlackPanther_20260205T224103Z_272_e_d	http://www.w3.org/1999/02/22-rdf-syntax-ns#type	http://example.org/stkg/id/SpatialRelationObservation
http://example.org/stkg/id/obs_rel_T90_K2BlackPanther_20260205T224103Z_272_e_d	http://example.org/stkg/subjectEntity	http://example.org/stkg/id/platform_T90
http://example.org/stkg/id/obs_rel_T90_K2BlackPanther_20260205T224103Z_272_e_d	http://example.org/stkg/objectEntity	http://example.org/stkg/id/platform_K2BlackPanther
http://example.org/stkg/id/obs_rel_T90_K2BlackPanther_20260205T224103Z_272_e_d	http://example.org/stkg/relationType	http://example.org/stkg/id/relation_behind_of
http://example.org/stkg/id/obs_rel_T90_K2BlackPanther_20260205T224103Z_272_e_d	http://example.org/stkg/time	"2026-02-05T22:41:03Z"^^<http://www.w3.org/2001/XMLSchema#dateTime>
http://example.org/stkg/id/obs_rel_BTR80_T90_20260205T224103Z_272_c_e	http://www.w3.org/1999/02/22-rdf-syntax-ns#type	http://example.org/stkg/id/SpatialRelationObservation
http://example.org/stkg/id/obs_rel_BTR80_T90_20260205T224103Z_272_c_e	http://example.org/stkg/subjectEntity	http://example.org/stkg/id/platform_BTR80
http://example.org/stkg/id/obs_rel_BTR80_T90_20260205T224103Z_272_c_e	http://example.org/stkg/objectEntity	http://example.org/stkg/id/platform_T90
http://example.org/stkg/id/obs_rel_BTR80_T90_20260205T224103Z_272_c_e	http://example.org/stkg/relationType	http://example.org/stkg/id/relation_ahead_of
http://example.org/stkg/id/obs_rel_BTR80_T90_20260205T224103Z_272_c_e	http://example.org/stkg/time	"2026-02-05T22:41:03Z"^^<http://www.w3.org/2001/XMLSchema#dateTime>
http://example.org/stkg/id/obs_rel_T90_BTR80_20260205T224103Z_272_e_c	http://www.w3.org/1999/02/22-rdf-syntax-ns#type	http://example.org/stkg/id/SpatialRelationObservation
http://example.org/stkg/id/obs_rel_T90_BTR80_20260205T224103Z_272_e_c	http://example.org/stkg/subjectEntity	http://example.org/stkg/id/platform_T90
http://example.org/stkg/id/obs_rel_T90_BTR80_20260205T224103Z_272_e_c	http://example.org/stkg/objectEntity	http://example.org/stkg/id/platform_BTR80
http://example.org/stkg/id/obs_rel_T90_BTR80_20260205T224103Z_272_e_c	http://example.org/stkg/relationType	http://example.org/stkg/id/relation_behind_of
http://example.org/stkg/id/obs_rel_T90_BTR80_20260205T224103Z_272_e_c	http://example.org/stkg/time	"2026-02-05T22:41:03Z"^^<http://www.w3.org/2001/XMLSchema#dateTime>
http://example.org/stkg/id/obs_rel_BTR80_K2BlackPanther_20260205T224104Z_273_c_d	http://www.w3.org/1999/02/22-rdf-syntax-ns#type	http://example.org/stkg/id/SpatialRelationObservation
http://example.org/stkg/id/obs_rel_BTR80_K2BlackPanther_20260205T224104Z_273_c_d	http://example.org/stkg/subjectEntity	http://example.org/stkg/id/platform_BTR80
http://example.org/stkg/id/obs_rel_BTR80_K2BlackPanther_20260205T224104Z_273_c_d	http://example.org/stkg/objectEntity	http://example.org/stkg/id/platform_K2BlackPanther
http://example.org/stkg/id/obs_rel_BTR80_K2BlackPanther_20260205T224104Z_273_c_d	http://example.org/stkg/relationType	http://example.org/stkg/id/relation_behind_of
http://example.org/stkg/id/obs_rel_BTR80_K2BlackPanther_20260205T224104Z_273_c_d	http://example.org/stkg/time	"2026-02-05T22:41:04Z"^^<http://www.w3.org/2001/XMLSchema#dateTime>
http://example.org/stkg/id/obs_rel_K2BlackPanther_BTR80_20260205T224104Z_273_d_c	http://www.w3.org/1999/02/22-rdf-syntax-ns#type	http://example.org/stkg/id/SpatialRelationObservation
http://example.org/stkg/id/obs_rel_K2BlackPanther_BTR80_20260205T224104Z_273_d_c	http://example.org/stkg/subjectEntity	http://example.org/stkg/id/platform_K2BlackPanther
http://example.org/stkg/id/obs_rel_K2BlackPanther_BTR80_20260205T224104Z_273_d_c	http://example.org/stkg/objectEntity	http://example.org/stkg/id/platform_BTR80
http://example.org/stkg/id/obs_rel_K2BlackPanther_BTR80_20260205T224104Z_273_d_c	http://example.org/stkg/relationType	http://example.org/stkg/id/relation_ahead_of
http://example.org/stkg/id/obs_rel_K2BlackPanther_BTR80_20260205T224104Z_273_d_c	http://example.org/stkg/time	"2026-02-05T22:41:04Z"^^<http://www.w3.org/2001/XMLSchema#dateTime>
http://example.org/stkg/id/obs_rel_K2BlackPanther_T90_20260205T224104Z_273_d_e	http://www.w3.org/1999/02/22-rdf-syntax-ns#type	http://example.org/stkg/id/SpatialRelationObservation
http://example.org/stkg/id/obs_rel_K2BlackPanther_T90_20260205T224104Z_273_d_e	http://example.org/stkg/subjectEntity	http://example.org/stkg/id/platform_K2BlackPanther
http://example.org/stkg/id/obs_rel_K2BlackPanther_T90_20260205T224104Z_273_d_e	http://example.org/stkg/objectEntity	http://example.org/stkg/id/platform_T90
http://example.org/stkg/id/obs_rel_K2BlackPanther_T90_20260205T224104Z_273_d_e	http://example.org/stkg/relationType	http://example.org/stkg/id/relation_ahead_of
http://example.org/stkg/id/obs_rel_K2BlackPanther_T90_20260205T224104Z_273_d_e	http://example.org/stkg/time	"2026-02-05T22:41:04Z"^^<http://www.w3.org/2001/XMLSchema#dateTime>
http://example.org/stkg/id/obs_rel_T90_K2BlackPanther_20260205T224104Z_273_e_d	http://www.w3.org/1999/02/22-rdf-syntax-ns#type	http://example.org/stkg/id/SpatialRelationObservation
http://example.org/stkg/id/obs_rel_T90_K2BlackPanther_20260205T224104Z_273_e_d	http://example.org/stkg/subjectEntity	http://example.org/stkg/id/platform_T90
http://example.org/stkg/id/obs_rel_T90_K2BlackPanther_20260205T224104Z_273_e_d	http://example.org/stkg/objectEntity	http://example.org/stkg/id/platform_K2BlackPanther
http://example.org/stkg/id/obs_rel_T90_K2BlackPanther_20260205T224104Z_273_e_d	http://example.org/stkg/relationType	http://example.org/stkg/id/relation_behind_of
http://example.org/stkg/id/obs_rel_T90_K2BlackPanther_20260205T224104Z_273_e_d	http://example.org/stkg/time	"2026-02-05T22:41:04Z"^^<http://www.w3.org/2001/XMLSchema#dateTime>
http://example.org/stkg/id/obs_rel_BTR80_T90_20260205T224104Z_273_c_e	http://www.w3.org/1999/02/22-rdf-syntax-ns#type	http://example.org/stkg/id/SpatialRelationObservation
http://example.org/stkg/id/obs_rel_BTR80_T90_20260205T224104Z_273_c_e	http://example.org/stkg/subjectEntity	http://example.org/stkg/id/platform_BTR80
http://example.org/stkg/id/obs_rel_BTR80_T90_20260205T224104Z_273_c_e	http://example.org/stkg/objectEntity	http://example.org/stkg/id/platform_T90
http://example.org/stkg/id/obs_rel_BTR80_T90_20260205T224104Z_273_c_e	http://example.org/stkg/relationType	http://example.org/stkg/id/relation_ahead_of
http://example.org/stkg/id/obs_rel_BTR80_T90_20260205T224104Z_273_c_e	http://example.org/stkg/time	"2026-02-05T22:41:04Z"^^<http://www.w3.org/2001/XMLSchema#dateTime>
http://example.org/stkg/id/obs_rel_T90_BTR80_20260205T224104Z_273_e_c	http://www.w3.org/1999/02/22-rdf-syntax-ns#type	http://example.org/stkg/id/SpatialRelationObservation
http://example.org/stkg/id/obs_rel_T90_BTR80_20260205T224104Z_273_e_c	http://example.org/stkg/subjectEntity	http://example.org/stkg/id/platform_T90
http://example.org/stkg/id/obs_rel_T90_BTR80_20260205T224104Z_273_e_c	http://example.org/stkg/objectEntity	http://example.org/stkg/id/platform_BTR80
http://example.org/stkg/id/obs_rel_T90_BTR80_20260205T224104Z_273_e_c	http://example.org/stkg/relationType	http://example.org/stkg/id/relation_behind_of
http://example.org/stkg/id/obs_rel_T90_BTR80_20260205T224104Z_273_e_c	http://example.org/stkg/time	"2026-02-05T22:41:04Z"^^<http://www.w3.org/2001/XMLSchema#dateTime>
http://example.org/stkg/id/obs_rel_BTR80_K2BlackPanther_20260205T224105Z_274_c_d	http://www.w3.org/1999/02/22-rdf-syntax-ns#type	http://example.org/stkg/id/SpatialRelationObservation
http://example.org/stkg/id/obs_rel_BTR80_K2BlackPanther_20260205T224105Z_274_c_d	http://example.org/stkg/subjectEntity	http://example.org/stkg/id/platform_BTR80
http://example.org/stkg/id/obs_rel_BTR80_K2BlackPanther_20260205T224105Z_274_c_d	http://example.org/stkg/objectEntity	http://example.org/stkg/id/platform_K2BlackPanther
http://example.org/stkg/id/obs_rel_BTR80_K2BlackPanther_20260205T224105Z_274_c_d	http://example.org/stkg/relationType	http://example.org/stkg/id/relation_behind_of
http://example.org/stkg/id/obs_rel_BTR80_K2BlackPanther_20260205T224105Z_274_c_d	http://example.org/stkg/time	"2026-02-05T22:41:05Z"^^<http://www.w3.org/2001/XMLSchema#dateTime>
http://example.org/stkg/id/obs_rel_K2BlackPanther_BTR80_20260205T224105Z_274_d_c	http://www.w3.org/1999/02/22-rdf-syntax-ns#type	http://example.org/stkg/id/SpatialRelationObservation
http://example.org/stkg/id/obs_rel_K2BlackPanther_BTR80_20260205T224105Z_274_d_c	http://example.org/stkg/subjectEntity	http://example.org/stkg/id/platform_K2BlackPanther
http://example.org/stkg/id/obs_rel_K2BlackPanther_BTR80_20260205T224105Z_274_d_c	http://example.org/stkg/objectEntity	http://example.org/stkg/id/platform_BTR80
http://example.org/stkg/id/obs_rel_K2BlackPanther_BTR80_20260205T224105Z_274_d_c	http://example.org/stkg/relationType	http://example.org/stkg/id/relation_ahead_of
http://example.org/stkg/id/obs_rel_K2BlackPanther_BTR80_20260205T224105Z_274_d_c	http://example.org/stkg/time	"2026-02-05T22:41:05Z"^^<http://www.w3.org/2001/XMLSchema#dateTime>
http://example.org/stkg/id/obs_rel_K2BlackPanther_T90_20260205T224105Z_274_d_e	http://www.w3.org/1999/02/22-rdf-syntax-ns#type	http://example.org/stkg/id/SpatialRelationObservation
http://example.org/stkg/id/obs_rel_K2BlackPanther_T90_20260205T224105Z_274_d_e	http://example.org/stkg/subjectEntity	http://example.org/stkg/id/platform_K2BlackPanther
http://example.org/stkg/id/obs_rel_K2BlackPanther_T90_20260205T224105Z_274_d_e	http://example.org/stkg/objectEntity	http://example.org/stkg/id/platform_T90
http://example.org/stkg/id/obs_rel_K2BlackPanther_T90_20260205T224105Z_274_d_e	http://example.org/stkg/relationType	http://example.org/stkg/id/relation_ahead_of
http://example.org/stkg/id/obs_rel_K2BlackPanther_T90_20260205T224105Z_274_d_e	http://example.org/stkg/time	"2026-02-05T22:41:05Z"^^<http://www.w3.org/2001/XMLSchema#dateTime>
http://example.org/stkg/id/obs_rel_T90_K2BlackPanther_20260205T224105Z_274_e_d	http://www.w3.org/1999/02/22-rdf-syntax-ns#type	http://example.org/stkg/id/SpatialRelationObservation
http://example.org/stkg/id/obs_rel_T90_K2BlackPanther_20260205T224105Z_274_e_d	http://example.org/stkg/subjectEntity	http://example.org/stkg/id/platform_T90
http://example.org/stkg/id/obs_rel_T90_K2BlackPanther_20260205T224105Z_274_e_d	http://example.org/stkg/objectEntity	http://example.org/stkg/id/platform_K2BlackPanther
http://example.org/stkg/id/obs_rel_T90_K2BlackPanther_20260205T224105Z_274_e_d	http://example.org/stkg/relationType	http://example.org/stkg/id/relation_behind_of
http://example.org/stkg/id/obs_rel_T90_K2BlackPanther_20260205T224105Z_274_e_d	http://example.org/stkg/time	"2026-02-05T22:41:05Z"^^<http://www.w3.org/2001/XMLSchema#dateTime>
http://example.org/stkg/id/obs_rel_BTR80_T90_20260205T224105Z_274_c_e	http://www.w3.org/1999/02/22-rdf-syntax-ns#type	http://example.org/stkg/id/SpatialRelationObservation
http://example.org/stkg/id/obs_rel_BTR80_T90_20260205T224105Z_274_c_e	http://example.org/stkg/subjectEntity	http://example.org/stkg/id/platform_BTR80
http://example.org/stkg/id/obs_rel_BTR80_T90_20260205T224105Z_274_c_e	http://example.org/stkg/objectEntity	http://example.org/stkg/id/platform_T90
http://example.org/stkg/id/obs_rel_BTR80_T90_20260205T224105Z_274_c_e	http://example.org/stkg/relationType	http://example.org/stkg/id/relation_ahead_of
http://example.org/stkg/id/obs_rel_BTR80_T90_20260205T224105Z_274_c_e	http://example.org/stkg/time	"2026-02-05T22:41:05Z"^^<http://www.w3.org/2001/XMLSchema#dateTime>
http://example.org/stkg/id/obs_rel_T90_BTR80_20260205T224105Z_274_e_c	http://www.w3.org/1999/02/22-rdf-syntax-ns#type	http://example.org/stkg/id/SpatialRelationObservation
http://example.org/stkg/id/obs_rel_T90_BTR80_20260205T224105Z_274_e_c	http://example.org/stkg/subjectEntity	http://example.org/stkg/id/platform_T90
http://example.org/stkg/id/obs_rel_T90_BTR80_20260205T224105Z_274_e_c	http://example.org/stkg/objectEntity	http://example.org/stkg/id/platform_BTR80
http://example.org/stkg/id/obs_rel_T90_BTR80_20260205T224105Z_274_e_c	http://example.org/stkg/relationType	http://example.org/stkg/id/relation_behind_of
http://example.org/stkg/id/obs_rel_T90_BTR80_20260205T224105Z_274_e_c	http://example.org/stkg/time	"2026-02-05T22:41:05Z"^^<http://www.w3.org/2001/XMLSchema#dateTime>
http://example.org/stkg/id/obs_rel_BTR80_K2BlackPanther_20260205T224106Z_275_c_d	http://www.w3.org/1999/02/22-rdf-syntax-ns#type	http://example.org/stkg/id/SpatialRelationObservation
http://example.org/stkg/id/obs_rel_BTR80_K2BlackPanther_20260205T224106Z_275_c_d	http://example.org/stkg/subjectEntity	http://example.org/stkg/id/platform_BTR80
http://example.org/stkg/id/obs_rel_BTR80_K2BlackPanther_20260205T224106Z_275_c_d	http://example.org/stkg/objectEntity	http://example.org/stkg/id/platform_K2BlackPanther
http://example.org/stkg/id/obs_rel_BTR80_K2BlackPanther_20260205T224106Z_275_c_d	http://example.org/stkg/relationType	http://example.org/stkg/id/relation_behind_of
http://example.org/stkg/id/obs_rel_BTR80_K2BlackPanther_20260205T224106Z_275_c_d	http://example.org/stkg/time	"2026-02-05T22:41:06Z"^^<http://www.w3.org/2001/XMLSchema#dateTime>
http://example.org/stkg/id/obs_rel_K2BlackPanther_BTR80_20260205T224106Z_275_d_c	http://www.w3.org/1999/02/22-rdf-syntax-ns#type	http://example.org/stkg/id/SpatialRelationObservation
http://example.org/stkg/id/obs_rel_K2BlackPanther_BTR80_20260205T224106Z_275_d_c	http://example.org/stkg/subjectEntity	http://example.org/stkg/id/platform_K2BlackPanther
http://example.org/stkg/id/obs_rel_K2BlackPanther_BTR80_20260205T224106Z_275_d_c	http://example.org/stkg/objectEntity	http://example.org/stkg/id/platform_BTR80
http://example.org/stkg/id/obs_rel_K2BlackPanther_BTR80_20260205T224106Z_275_d_c	http://example.org/stkg/relationType	http://example.org/stkg/id/relation_ahead_of
http://example.org/stkg/id/obs_rel_K2BlackPanther_BTR80_20260205T224106Z_275_d_c	http://example.org/stkg/time	"2026-02-05T22:41:06Z"^^<http://www.w3.org/2001/XMLSchema#dateTime>
http://example.org/stkg/id/obs_rel_K2BlackPanther_T90_20260205T224106Z_275_d_e	http://www.w3.org/1999/02/22-rdf-syntax-ns#type	http://example.org/stkg/id/SpatialRelationObservation
http://example.org/stkg/id/obs_rel_K2BlackPanther_T90_20260205T224106Z_275_d_e	http://example.org/stkg/subjectEntity	http://example.org/stkg/id/platform_K2BlackPanther
http://example.org/stkg/id/obs_rel_K2BlackPanther_T90_20260205T224106Z_275_d_e	http://example.org/stkg/objectEntity	http://example.org/stkg/id/platform_T90
http://example.org/stkg/id/obs_rel_K2BlackPanther_T90_20260205T224106Z_275_d_e	http://example.org/stkg/relationType	http://example.org/stkg/id/relation_ahead_of
http://example.org/stkg/id/obs_rel_K2BlackPanther_T90_20260205T224106Z_275_d_e	http://example.org/stkg/time	"2026-02-05T22:41:06Z"^^<http://www.w3.org/2001/XMLSchema#dateTime>
http://example.org/stkg/id/obs_rel_T90_K2BlackPanther_20260205T224106Z_275_e_d	http://www.w3.org/1999/02/22-rdf-syntax-ns#type	http://example.org/stkg/id/SpatialRelationObservation
http://example.org/stkg/id/obs_rel_T90_K2BlackPanther_20260205T224106Z_275_e_d	http://example.org/stkg/subjectEntity	http://example.org/stkg/id/platform_T90
http://example.org/stkg/id/obs_rel_T90_K2BlackPanther_20260205T224106Z_275_e_d	http://example.org/stkg/objectEntity	http://example.org/stkg/id/platform_K2BlackPanther
http://example.org/stkg/id/obs_rel_T90_K2BlackPanther_20260205T224106Z_275_e_d	http://example.org/stkg/relationType	http://example.org/stkg/id/relation_behind_of
http://example.org/stkg/id/obs_rel_T90_K2BlackPanther_20260205T224106Z_275_e_d	http://example.org/stkg/time	"2026-02-05T22:41:06Z"^^<http://www.w3.org/2001/XMLSchema#dateTime>
http://example.org/stkg/id/obs_rel_BTR80_T90_20260205T224106Z_275_c_e	http://www.w3.org/1999/02/22-rdf-syntax-ns#type	http://example.org/stkg/id/SpatialRelationObservation
http://example.org/stkg/id/obs_rel_BTR80_T90_20260205T224106Z_275_c_e	http://example.org/stkg/subjectEntity	http://example.org/stkg/id/platform_BTR80
http://example.org/stkg/id/obs_rel_BTR80_T90_20260205T224106Z_275_c_e	http://example.org/stkg/objectEntity	http://example.org/stkg/id/platform_T90
http://example.org/stkg/id/obs_rel_BTR80_T90_20260205T224106Z_275_c_e	http://example.org/stkg/relationType	http://example.org/stkg/id/relation_ahead_of
http://example.org/stkg/id/obs_rel_BTR80_T90_20260205T224106Z_275_c_e	http://example.org/stkg/time	"2026-02-05T22:41:06Z"^^<http://www.w3.org/2001/XMLSchema#dateTime>
http://example.org/stkg/id/obs_rel_T90_BTR80_20260205T224106Z_275_e_c	http://www.w3.org/1999/02/22-rdf-syntax-ns#type	http://example.org/stkg/id/SpatialRelationObservation
http://example.org/stkg/id/obs_rel_T90_BTR80_20260205T224106Z_275_e_c	http://example.org/stkg/subjectEntity	http://example.org/stkg/id/platform_T90
http://example.org/stkg/id/obs_rel_T90_BTR80_20260205T224106Z_275_e_c	http://example.org/stkg/objectEntity	http://example.org/stkg/id/platform_BTR80
http://example.org/stkg/id/obs_rel_T90_BTR80_20260205T224106Z_275_e_c	http://example.org/stkg/relationType	http://example.org/stkg/id/relation_behind_of
http://example.org/stkg/id/obs_rel_T90_BTR80_20260205T224106Z_275_e_c	http://example.org/stkg/time	"2026-02-05T22:41:06Z"^^<http://www.w3.org/2001/XMLSchema#dateTime>
http://example.org/stkg/id/obs_rel_BTR80_K2BlackPanther_20260205T224107Z_276_c_d	http://www.w3.org/1999/02/22-rdf-syntax-ns#type	http://example.org/stkg/id/SpatialRelationObservation
http://example.org/stkg/id/obs_rel_BTR80_K2BlackPanther_20260205T224107Z_276_c_d	http://example.org/stkg/subjectEntity	http://example.org/stkg/id/platform_BTR80
http://example.org/stkg/id/obs_rel_BTR80_K2BlackPanther_20260205T224107Z_276_c_d	http://example.org/stkg/objectEntity	http://example.org/stkg/id/platform_K2BlackPanther
http://example.org/stkg/id/obs_rel_BTR80_K2BlackPanther_20260205T224107Z_276_c_d	http://example.org/stkg/relationType	http://example.org/stkg/id/relation_behind_of
http://example.org/stkg/id/obs_rel_BTR80_K2BlackPanther_20260205T224107Z_276_c_d	http://example.org/stkg/time	"2026-02-05T22:41:07Z"^^<http://www.w3.org/2001/XMLSchema#dateTime>
http://example.org/stkg/id/obs_rel_K2BlackPanther_BTR80_20260205T224107Z_276_d_c	http://www.w3.org/1999/02/22-rdf-syntax-ns#type	http://example.org/stkg/id/SpatialRelationObservation
http://example.org/stkg/id/obs_rel_K2BlackPanther_BTR80_20260205T224107Z_276_d_c	http://example.org/stkg/subjectEntity	http://example.org/stkg/id/platform_K2BlackPanther
http://example.org/stkg/id/obs_rel_K2BlackPanther_BTR80_20260205T224107Z_276_d_c	http://example.org/stkg/objectEntity	http://example.org/stkg/id/platform_BTR80
http://example.org/stkg/id/obs_rel_K2BlackPanther_BTR80_20260205T224107Z_276_d_c	http://example.org/stkg/relationType	http://example.org/stkg/id/relation_ahead_of
http://example.org/stkg/id/obs_rel_K2BlackPanther_BTR80_20260205T224107Z_276_d_c	http://example.org/stkg/time	"2026-02-05T22:41:07Z"^^<http://www.w3.org/2001/XMLSchema#dateTime>
http://example.org/stkg/id/obs_rel_K2BlackPanther_T90_20260205T224107Z_276_d_e	http://www.w3.org/1999/02/22-rdf-syntax-ns#type	http://example.org/stkg/id/SpatialRelationObservation
http://example.org/stkg/id/obs_rel_K2BlackPanther_T90_20260205T224107Z_276_d_e	http://example.org/stkg/subjectEntity	http://example.org/stkg/id/platform_K2BlackPanther
http://example.org/stkg/id/obs_rel_K2BlackPanther_T90_20260205T224107Z_276_d_e	http://example.org/stkg/objectEntity	http://example.org/stkg/id/platform_T90
http://example.org/stkg/id/obs_rel_K2BlackPanther_T90_20260205T224107Z_276_d_e	http://example.org/stkg/relationType	http://example.org/stkg/id/relation_ahead_of
http://example.org/stkg/id/obs_rel_K2BlackPanther_T90_20260205T224107Z_276_d_e	http://example.org/stkg/time	"2026-02-05T22:41:07Z"^^<http://www.w3.org/2001/XMLSchema#dateTime>
http://example.org/stkg/id/obs_rel_T90_K2BlackPanther_20260205T224107Z_276_e_d	http://www.w3.org/1999/02/22-rdf-syntax-ns#type	http://example.org/stkg/id/SpatialRelationObservation
http://example.org/stkg/id/obs_rel_T90_K2BlackPanther_20260205T224107Z_276_e_d	http://example.org/stkg/subjectEntity	http://example.org/stkg/id/platform_T90
http://example.org/stkg/id/obs_rel_T90_K2BlackPanther_20260205T224107Z_276_e_d	http://example.org/stkg/objectEntity	http://example.org/stkg/id/platform_K2BlackPanther
http://example.org/stkg/id/obs_rel_T90_K2BlackPanther_20260205T224107Z_276_e_d	http://example.org/stkg/relationType	http://example.org/stkg/id/relation_behind_of
http://example.org/stkg/id/obs_rel_T90_K2BlackPanther_20260205T224107Z_276_e_d	http://example.org/stkg/time	"2026-02-05T22:41:07Z"^^<http://www.w3.org/2001/XMLSchema#dateTime>
http://example.org/stkg/id/obs_rel_BTR80_T90_20260205T224107Z_276_c_e	http://www.w3.org/1999/02/22-rdf-syntax-ns#type	http://example.org/stkg/id/SpatialRelationObservation
http://example.org/stkg/id/obs_rel_BTR80_T90_20260205T224107Z_276_c_e	http://example.org/stkg/subjectEntity	http://example.org/stkg/id/platform_BTR80
http://example.org/stkg/id/obs_rel_BTR80_T90_20260205T224107Z_276_c_e	http://example.org/stkg/objectEntity	http://example.org/stkg/id/platform_T90
http://example.org/stkg/id/obs_rel_BTR80_T90_20260205T224107Z_276_c_e	http://example.org/stkg/relationType	http://example.org/stkg/id/relation_ahead_of
http://example.org/stkg/id/obs_rel_BTR80_T90_20260205T224107Z_276_c_e	http://example.org/stkg/time	"2026-02-05T22:41:07Z"^^<http://www.w3.org/2001/XMLSchema#dateTime>
http://example.org/stkg/id/obs_rel_T90_BTR80_20260205T224107Z_276_e_c	http://www.w3.org/1999/02/22-rdf-syntax-ns#type	http://example.org/stkg/id/SpatialRelationObservation
http://example.org/stkg/id/obs_rel_T90_BTR80_20260205T224107Z_276_e_c	http://example.org/stkg/subjectEntity	http://example.org/stkg/id/platform_T90
http://example.org/stkg/id/obs_rel_T90_BTR80_20260205T224107Z_276_e_c	http://example.org/stkg/objectEntity	http://example.org/stkg/id/platform_BTR80
http://example.org/stkg/id/obs_rel_T90_BTR80_20260205T224107Z_276_e_c	http://example.org/stkg/relationType	http://example.org/stkg/id/relation_behind_of
http://example.org/stkg/id/obs_rel_T90_BTR80_20260205T224107Z_276_e_c	http://example.org/stkg/time	"2026-02-05T22:41:07Z"^^<http://www.w3.org/2001/XMLSchema#dateTime>
http://example.org/stkg/id/obs_rel_BTR80_K2BlackPanther_20260205T224108Z_277_c_d	http://www.w3.org/1999/02/22-rdf-syntax-ns#type	http://example.org/stkg/id/SpatialRelationObservation
http://example.org/stkg/id/obs_rel_BTR80_K2BlackPanther_20260205T224108Z_277_c_d	http://example.org/stkg/subjectEntity	http://example.org/stkg/id/platform_BTR80
http://example.org/stkg/id/obs_rel_BTR80_K2BlackPanther_20260205T224108Z_277_c_d	http://example.org/stkg/objectEntity	http://example.org/stkg/id/platform_K2BlackPanther
http://example.org/stkg/id/obs_rel_BTR80_K2BlackPanther_20260205T224108Z_277_c_d	http://example.org/stkg/relationType	http://example.org/stkg/id/relation_behind_of
http://example.org/stkg/id/obs_rel_BTR80_K2BlackPanther_20260205T224108Z_277_c_d	http://example.org/stkg/time	"2026-02-05T22:41:08Z"^^<http://www.w3.org/2001/XMLSchema#dateTime>
http://example.org/stkg/id/obs_rel_K2BlackPanther_BTR80_20260205T224108Z_277_d_c	http://www.w3.org/1999/02/22-rdf-syntax-ns#type	http://example.org/stkg/id/SpatialRelationObservation
http://example.org/stkg/id/obs_rel_K2BlackPanther_BTR80_20260205T224108Z_277_d_c	http://example.org/stkg/subjectEntity	http://example.org/stkg/id/platform_K2BlackPanther
http://example.org/stkg/id/obs_rel_K2BlackPanther_BTR80_20260205T224108Z_277_d_c	http://example.org/stkg/objectEntity	http://example.org/stkg/id/platform_BTR80
http://example.org/stkg/id/obs_rel_K2BlackPanther_BTR80_20260205T224108Z_277_d_c	http://example.org/stkg/relationType	http://example.org/stkg/id/relation_ahead_of
http://example.org/stkg/id/obs_rel_K2BlackPanther_BTR80_20260205T224108Z_277_d_c	http://example.org/stkg/time	"2026-02-05T22:41:08Z"^^<http://www.w3.org/2001/XMLSchema#dateTime>
http://example.org/stkg/id/obs_rel_K2BlackPanther_T90_20260205T224108Z_277_d_e	http://www.w3.org/1999/02/22-rdf-syntax-ns#type	http://example.org/stkg/id/SpatialRelationObservation
http://example.org/stkg/id/obs_rel_K2BlackPanther_T90_20260205T224108Z_277_d_e	http://example.org/stkg/subjectEntity	http://example.org/stkg/id/platform_K2BlackPanther
http://example.org/stkg/id/obs_rel_K2BlackPanther_T90_20260205T224108Z_277_d_e	http://example.org/stkg/objectEntity	http://example.org/stkg/id/platform_T90
http://example.org/stkg/id/obs_rel_K2BlackPanther_T90_20260205T224108Z_277_d_e	http://example.org/stkg/relationType	http://example.org/stkg/id/relation_ahead_of
http://example.org/stkg/id/obs_rel_K2BlackPanther_T90_20260205T224108Z_277_d_e	http://example.org/stkg/time	"2026-02-05T22:41:08Z"^^<http://www.w3.org/2001/XMLSchema#dateTime>
http://example.org/stkg/id/obs_rel_T90_K2BlackPanther_20260205T224108Z_277_e_d	http://www.w3.org/1999/02/22-rdf-syntax-ns#type	http://example.org/stkg/id/SpatialRelationObservation
http://example.org/stkg/id/obs_rel_T90_K2BlackPanther_20260205T224108Z_277_e_d	http://example.org/stkg/subjectEntity	http://example.org/stkg/id/platform_T90
http://example.org/stkg/id/obs_rel_T90_K2BlackPanther_20260205T224108Z_277_e_d	http://example.org/stkg/objectEntity	http://example.org/stkg/id/platform_K2BlackPanther
http://example.org/stkg/id/obs_rel_T90_K2BlackPanther_20260205T224108Z_277_e_d	http://example.org/stkg/relationType	http://example.org/stkg/id/relation_behind_of
http://example.org/stkg/id/obs_rel_T90_K2BlackPanther_20260205T224108Z_277_e_d	http://example.org/stkg/time	"2026-02-05T22:41:08Z"^^<http://www.w3.org/2001/XMLSchema#dateTime>
http://example.org/stkg/id/obs_rel_BTR80_T90_20260205T224108Z_277_c_e	http://www.w3.org/1999/02/22-rdf-syntax-ns#type	http://example.org/stkg/id/SpatialRelationObservation
http://example.org/stkg/id/obs_rel_BTR80_T90_20260205T224108Z_277_c_e	http://example.org/stkg/subjectEntity	http://example.org/stkg/id/platform_BTR80
http://example.org/stkg/id/obs_rel_BTR80_T90_20260205T224108Z_277_c_e	http://example.org/stkg/objectEntity	http://example.org/stkg/id/platform_T90
http://example.org/stkg/id/obs_rel_BTR80_T90_20260205T224108Z_277_c_e	http://example.org/stkg/relationType	http://example.org/stkg/id/relation_ahead_of
http://example.org/stkg/id/obs_rel_BTR80_T90_20260205T224108Z_277_c_e	http://example.org/stkg/time	"2026-02-05T22:41:08Z"^^<http://www.w3.org/2001/XMLSchema#dateTime>
http://example.org/stkg/id/obs_rel_T90_BTR80_20260205T224108Z_277_e_c	http://www.w3.org/1999/02/22-rdf-syntax-ns#type	http://example.org/stkg/id/SpatialRelationObservation
http://example.org/stkg/id/obs_rel_T90_BTR80_20260205T224108Z_277_e_c	http://example.org/stkg/subjectEntity	http://example.org/stkg/id/platform_T90
http://example.org/stkg/id/obs_rel_T90_BTR80_20260205T224108Z_277_e_c	http://example.org/stkg/objectEntity	http://example.org/stkg/id/platform_BTR80
http://example.org/stkg/id/obs_rel_T90_BTR80_20260205T224108Z_277_e_c	http://example.org/stkg/relationType	http://example.org/stkg/id/relation_behind_of
http://example.org/stkg/id/obs_rel_T90_BTR80_20260205T224108Z_277_e_c	http://example.org/stkg/time	"2026-02-05T22:41:08Z"^^<http://www.w3.org/2001/XMLSchema#dateTime>
http://example.org/stkg/id/obs_rel_BTR80_K2BlackPanther_20260205T224109Z_278_c_d	http://www.w3.org/1999/02/22-rdf-syntax-ns#type	http://example.org/stkg/id/SpatialRelationObservation
http://example.org/stkg/id/obs_rel_BTR80_K2BlackPanther_20260205T224109Z_278_c_d	http://example.org/stkg/subjectEntity	http://example.org/stkg/id/platform_BTR80
http://example.org/stkg/id/obs_rel_BTR80_K2BlackPanther_20260205T224109Z_278_c_d	http://example.org/stkg/objectEntity	http://example.org/stkg/id/platform_K2BlackPanther
http://example.org/stkg/id/obs_rel_BTR80_K2BlackPanther_20260205T224109Z_278_c_d	http://example.org/stkg/relationType	http://example.org/stkg/id/relation_behind_of
http://example.org/stkg/id/obs_rel_BTR80_K2BlackPanther_20260205T224109Z_278_c_d	http://example.org/stkg/time	"2026-02-05T22:41:09Z"^^<http://www.w3.org/2001/XMLSchema#dateTime>
http://example.org/stkg/id/obs_rel_K2BlackPanther_BTR80_20260205T224109Z_278_d_c	http://www.w3.org/1999/02/22-rdf-syntax-ns#type	http://example.org/stkg/id/SpatialRelationObservation
http://example.org/stkg/id/obs_rel_K2BlackPanther_BTR80_20260205T224109Z_278_d_c	http://example.org/stkg/subjectEntity	http://example.org/stkg/id/platform_K2BlackPanther
http://example.org/stkg/id/obs_rel_K2BlackPanther_BTR80_20260205T224109Z_278_d_c	http://example.org/stkg/objectEntity	http://example.org/stkg/id/platform_BTR80
http://example.org/stkg/id/obs_rel_K2BlackPanther_BTR80_20260205T224109Z_278_d_c	http://example.org/stkg/relationType	http://example.org/stkg/id/relation_ahead_of
http://example.org/stkg/id/obs_rel_K2BlackPanther_BTR80_20260205T224109Z_278_d_c	http://example.org/stkg/time	"2026-02-05T22:41:09Z"^^<http://www.w3.org/2001/XMLSchema#dateTime>
http://example.org/stkg/id/obs_rel_K2BlackPanther_T90_20260205T224109Z_278_d_e	http://www.w3.org/1999/02/22-rdf-syntax-ns#type	http://example.org/stkg/id/SpatialRelationObservation
http://example.org/stkg/id/obs_rel_K2BlackPanther_T90_20260205T224109Z_278_d_e	http://example.org/stkg/subjectEntity	http://example.org/stkg/id/platform_K2BlackPanther
http://example.org/stkg/id/obs_rel_K2BlackPanther_T90_20260205T224109Z_278_d_e	http://example.org/stkg/objectEntity	http://example.org/stkg/id/platform_T90
http://example.org/stkg/id/obs_rel_K2BlackPanther_T90_20260205T224109Z_278_d_e	http://example.org/stkg/relationType	http://example.org/stkg/id/relation_ahead_of
http://example.org/stkg/id/obs_rel_K2BlackPanther_T90_20260205T224109Z_278_d_e	http://example.org/stkg/time	"2026-02-05T22:41:09Z"^^<http://www.w3.org/2001/XMLSchema#dateTime>
http://example.org/stkg/id/obs_rel_T90_K2BlackPanther_20260205T224109Z_278_e_d	http://www.w3.org/1999/02/22-rdf-syntax-ns#type	http://example.org/stkg/id/SpatialRelationObservation
http://example.org/stkg/id/obs_rel_T90_K2BlackPanther_20260205T224109Z_278_e_d	http://example.org/stkg/subjectEntity	http://example.org/stkg/id/platform_T90
http://example.org/stkg/id/obs_rel_T90_K2BlackPanther_20260205T224109Z_278_e_d	http://example.org/stkg/objectEntity	http://example.org/stkg/id/platform_K2BlackPanther
http://example.org/stkg/id/obs_rel_T90_K2BlackPanther_20260205T224109Z_278_e_d	http://example.org/stkg/relationType	http://example.org/stkg/id/relation_behind_of
http://example.org/stkg/id/obs_rel_T90_K2BlackPanther_20260205T224109Z_278_e_d	http://example.org/stkg/time	"2026-02-05T22:41:09Z"^^<http://www.w3.org/2001/XMLSchema#dateTime>
http://example.org/stkg/id/obs_rel_BTR80_T90_20260205T224109Z_278_c_e	http://www.w3.org/1999/02/22-rdf-syntax-ns#type	http://example.org/stkg/id/SpatialRelationObservation
http://example.org/stkg/id/obs_rel_BTR80_T90_20260205T224109Z_278_c_e	http://example.org/stkg/subjectEntity	http://example.org/stkg/id/platform_BTR80
http://example.org/stkg/id/obs_rel_BTR80_T90_20260205T224109Z_278_c_e	http://example.org/stkg/objectEntity	http://example.org/stkg/id/platform_T90
http://example.org/stkg/id/obs_rel_BTR80_T90_20260205T224109Z_278_c_e	http://example.org/stkg/relationType	http://example.org/stkg/id/relation_ahead_of
http://example.org/stkg/id/obs_rel_BTR80_T90_20260205T224109Z_278_c_e	http://example.org/stkg/time	"2026-02-05T22:41:09Z"^^<http://www.w3.org/2001/XMLSchema#dateTime>
http://example.org/stkg/id/obs_rel_T90_BTR80_20260205T224109Z_278_e_c	http://www.w3.org/1999/02/22-rdf-syntax-ns#type	http://example.org/stkg/id/SpatialRelationObservation
http://example.org/stkg/id/obs_rel_T90_BTR80_20260205T224109Z_278_e_c	http://example.org/stkg/subjectEntity	http://example.org/stkg/id/platform_T90
http://example.org/stkg/id/obs_rel_T90_BTR80_20260205T224109Z_278_e_c	http://example.org/stkg/objectEntity	http://example.org/stkg/id/platform_BTR80
http://example.org/stkg/id/obs_rel_T90_BTR80_20260205T224109Z_278_e_c	http://example.org/stkg/relationType	http://example.org/stkg/id/relation_behind_of
http://example.org/stkg/id/obs_rel_T90_BTR80_20260205T224109Z_278_e_c	http://example.org/stkg/time	"2026-02-05T22:41:09Z"^^<http://www.w3.org/2001/XMLSchema#dateTime>
http://example.org/stkg/id/obs_rel_BTR80_K2BlackPanther_20260205T224110Z_279_c_d	http://www.w3.org/1999/02/22-rdf-syntax-ns#type	http://example.org/stkg/id/SpatialRelationObservation
http://example.org/stkg/id/obs_rel_BTR80_K2BlackPanther_20260205T224110Z_279_c_d	http://example.org/stkg/subjectEntity	http://example.org/stkg/id/platform_BTR80
http://example.org/stkg/id/obs_rel_BTR80_K2BlackPanther_20260205T224110Z_279_c_d	http://example.org/stkg/objectEntity	http://example.org/stkg/id/platform_K2BlackPanther
http://example.org/stkg/id/obs_rel_BTR80_K2BlackPanther_20260205T224110Z_279_c_d	http://example.org/stkg/relationType	http://example.org/stkg/id/relation_behind_of
http://example.org/stkg/id/obs_rel_BTR80_K2BlackPanther_20260205T224110Z_279_c_d	http://example.org/stkg/time	"2026-02-05T22:41:10Z"^^<http://www.w3.org/2001/XMLSchema#dateTime>
http://example.org/stkg/id/obs_rel_K2BlackPanther_BTR80_20260205T224110Z_279_d_c	http://www.w3.org/1999/02/22-rdf-syntax-ns#type	http://example.org/stkg/id/SpatialRelationObservation
http://example.org/stkg/id/obs_rel_K2BlackPanther_BTR80_20260205T224110Z_279_d_c	http://example.org/stkg/subjectEntity	http://example.org/stkg/id/platform_K2BlackPanther
http://example.org/stkg/id/obs_rel_K2BlackPanther_BTR80_20260205T224110Z_279_d_c	http://example.org/stkg/objectEntity	http://example.org/stkg/id/platform_BTR80
http://example.org/stkg/id/obs_rel_K2BlackPanther_BTR80_20260205T224110Z_279_d_c	http://example.org/stkg/relationType	http://example.org/stkg/id/relation_ahead_of
http://example.org/stkg/id/obs_rel_K2BlackPanther_BTR80_20260205T224110Z_279_d_c	http://example.org/stkg/time	"2026-02-05T22:41:10Z"^^<http://www.w3.org/2001/XMLSchema#dateTime>
http://example.org/stkg/id/obs_rel_K2BlackPanther_T90_20260205T224110Z_279_d_e	http://www.w3.org/1999/02/22-rdf-syntax-ns#type	http://example.org/stkg/id/SpatialRelationObservation
http://example.org/stkg/id/obs_rel_K2BlackPanther_T90_20260205T224110Z_279_d_e	http://example.org/stkg/subjectEntity	http://example.org/stkg/id/platform_K2BlackPanther
http://example.org/stkg/id/obs_rel_K2BlackPanther_T90_20260205T224110Z_279_d_e	http://example.org/stkg/objectEntity	http://example.org/stkg/id/platform_T90
http://example.org/stkg/id/obs_rel_K2BlackPanther_T90_20260205T224110Z_279_d_e	http://example.org/stkg/relationType	http://example.org/stkg/id/relation_ahead_of
http://example.org/stkg/id/obs_rel_K2BlackPanther_T90_20260205T224110Z_279_d_e	http://example.org/stkg/time	"2026-02-05T22:41:10Z"^^<http://www.w3.org/2001/XMLSchema#dateTime>
http://example.org/stkg/id/obs_rel_T90_K2BlackPanther_20260205T224110Z_279_e_d	http://www.w3.org/1999/02/22-rdf-syntax-ns#type	http://example.org/stkg/id/SpatialRelationObservation
http://example.org/stkg/id/obs_rel_T90_K2BlackPanther_20260205T224110Z_279_e_d	http://example.org/stkg/subjectEntity	http://example.org/stkg/id/platform_T90
http://example.org/stkg/id/obs_rel_T90_K2BlackPanther_20260205T224110Z_279_e_d	http://example.org/stkg/objectEntity	http://example.org/stkg/id/platform_K2BlackPanther
http://example.org/stkg/id/obs_rel_T90_K2BlackPanther_20260205T224110Z_279_e_d	http://example.org/stkg/relationType	http://example.org/stkg/id/relation_behind_of
http://example.org/stkg/id/obs_rel_T90_K2BlackPanther_20260205T224110Z_279_e_d	http://example.org/stkg/time	"2026-02-05T22:41:10Z"^^<http://www.w3.org/2001/XMLSchema#dateTime>
http://example.org/stkg/id/obs_rel_BTR80_T90_20260205T224110Z_279_c_e	http://www.w3.org/1999/02/22-rdf-syntax-ns#type	http://example.org/stkg/id/SpatialRelationObservation
http://example.org/stkg/id/obs_rel_BTR80_T90_20260205T224110Z_279_c_e	http://example.org/stkg/subjectEntity	http://example.org/stkg/id/platform_BTR80
http://example.org/stkg/id/obs_rel_BTR80_T90_20260205T224110Z_279_c_e	http://example.org/stkg/objectEntity	http://example.org/stkg/id/platform_T90
http://example.org/stkg/id/obs_rel_BTR80_T90_20260205T224110Z_279_c_e	http://example.org/stkg/relationType	http://example.org/stkg/id/relation_ahead_of
http://example.org/stkg/id/obs_rel_BTR80_T90_20260205T224110Z_279_c_e	http://example.org/stkg/time	"2026-02-05T22:41:10Z"^^<http://www.w3.org/2001/XMLSchema#dateTime>
http://example.org/stkg/id/obs_rel_T90_BTR80_20260205T224110Z_279_e_c	http://www.w3.org/1999/02/22-rdf-syntax-ns#type	http://example.org/stkg/id/SpatialRelationObservation
http://example.org/stkg/id/obs_rel_T90_BTR80_20260205T224110Z_279_e_c	http://example.org/stkg/subjectEntity	http://example.org/stkg/id/platform_T90
http://example.org/stkg/id/obs_rel_T90_BTR80_20260205T224110Z_279_e_c	http://example.org/stkg/objectEntity	http://example.org/stkg/id/platform_BTR80
http://example.org/stkg/id/obs_rel_T90_BTR80_20260205T224110Z_279_e_c	http://example.org/stkg/relationType	http://example.org/stkg/id/relation_behind_of
http://example.org/stkg/id/obs_rel_T90_BTR80_20260205T224110Z_279_e_c	http://example.org/stkg/time	"2026-02-05T22:41:10Z"^^<http://www.w3.org/2001/XMLSchema#dateTime>
http://example.org/stkg/id/obs_rel_BTR80_K2BlackPanther_20260205T224111Z_280_c_d	http://www.w3.org/1999/02/22-rdf-syntax-ns#type	http://example.org/stkg/id/SpatialRelationObservation
http://example.org/stkg/id/obs_rel_BTR80_K2BlackPanther_20260205T224111Z_280_c_d	http://example.org/stkg/subjectEntity	http://example.org/stkg/id/platform_BTR80
http://example.org/stkg/id/obs_rel_BTR80_K2BlackPanther_20260205T224111Z_280_c_d	http://example.org/stkg/objectEntity	http://example.org/stkg/id/platform_K2BlackPanther
http://example.org/stkg/id/obs_rel_BTR80_K2BlackPanther_20260205T224111Z_280_c_d	http://example.org/stkg/relationType	http://example.org/stkg/id/relation_beside
http://example.org/stkg/id/obs_rel_BTR80_K2BlackPanther_20260205T224111Z_280_c_d	http://example.org/stkg/time	"2026-02-05T22:41:11Z"^^<http://www.w3.org/2001/XMLSchema#dateTime>
http://example.org/stkg/id/obs_rel_K2BlackPanther_BTR80_20260205T224111Z_280_d_c	http://www.w3.org/1999/02/22-rdf-syntax-ns#type	http://example.org/stkg/id/SpatialRelationObservation
http://example.org/stkg/id/obs_rel_K2BlackPanther_BTR80_20260205T224111Z_280_d_c	http://example.org/stkg/subjectEntity	http://example.org/stkg/id/platform_K2BlackPanther
http://example.org/stkg/id/obs_rel_K2BlackPanther_BTR80_20260205T224111Z_280_d_c	http://example.org/stkg/objectEntity	http://example.org/stkg/id/platform_BTR80
http://example.org/stkg/id/obs_rel_K2BlackPanther_BTR80_20260205T224111Z_280_d_c	http://example.org/stkg/relationType	http://example.org/stkg/id/relation_beside
http://example.org/stkg/id/obs_rel_K2BlackPanther_BTR80_20260205T224111Z_280_d_c	http://example.org/stkg/time	"2026-02-05T22:41:11Z"^^<http://www.w3.org/2001/XMLSchema#dateTime>
http://example.org/stkg/id/obs_rel_K2BlackPanther_T90_20260205T224111Z_280_d_e	http://www.w3.org/1999/02/22-rdf-syntax-ns#type	http://example.org/stkg/id/SpatialRelationObservation
http://example.org/stkg/id/obs_rel_K2BlackPanther_T90_20260205T224111Z_280_d_e	http://example.org/stkg/subjectEntity	http://example.org/stkg/id/platform_K2BlackPanther
http://example.org/stkg/id/obs_rel_K2BlackPanther_T90_20260205T224111Z_280_d_e	http://example.org/stkg/objectEntity	http://example.org/stkg/id/platform_T90
http://example.org/stkg/id/obs_rel_K2BlackPanther_T90_20260205T224111Z_280_d_e	http://example.org/stkg/relationType	http://example.org/stkg/id/relation_ahead_of
http://example.org/stkg/id/obs_rel_K2BlackPanther_T90_20260205T224111Z_280_d_e	http://example.org/stkg/time	"2026-02-05T22:41:11Z"^^<http://www.w3.org/2001/XMLSchema#dateTime>
http://example.org/stkg/id/obs_rel_T90_K2BlackPanther_20260205T224111Z_280_e_d	http://www.w3.org/1999/02/22-rdf-syntax-ns#type	http://example.org/stkg/id/SpatialRelationObservation
http://example.org/stkg/id/obs_rel_T90_K2BlackPanther_20260205T224111Z_280_e_d	http://example.org/stkg/subjectEntity	http://example.org/stkg/id/platform_T90
http://example.org/stkg/id/obs_rel_T90_K2BlackPanther_20260205T224111Z_280_e_d	http://example.org/stkg/objectEntity	http://example.org/stkg/id/platform_K2BlackPanther
http://example.org/stkg/id/obs_rel_T90_K2BlackPanther_20260205T224111Z_280_e_d	http://example.org/stkg/relationType	http://example.org/stkg/id/relation_behind_of
http://example.org/stkg/id/obs_rel_T90_K2BlackPanther_20260205T224111Z_280_e_d	http://example.org/stkg/time	"2026-02-05T22:41:11Z"^^<http://www.w3.org/2001/XMLSchema#dateTime>
http://example.org/stkg/id/obs_rel_BTR80_T90_20260205T224111Z_280_c_e	http://www.w3.org/1999/02/22-rdf-syntax-ns#type	http://example.org/stkg/id/SpatialRelationObservation
http://example.org/stkg/id/obs_rel_BTR80_T90_20260205T224111Z_280_c_e	http://example.org/stkg/subjectEntity	http://example.org/stkg/id/platform_BTR80
http://example.org/stkg/id/obs_rel_BTR80_T90_20260205T224111Z_280_c_e	http://example.org/stkg/objectEntity	http://example.org/stkg/id/platform_T90
http://example.org/stkg/id/obs_rel_BTR80_T90_20260205T224111Z_280_c_e	http://example.org/stkg/relationType	http://example.org/stkg/id/relation_ahead_of
http://example.org/stkg/id/obs_rel_BTR80_T90_20260205T224111Z_280_c_e	http://example.org/stkg/time	"2026-02-05T22:41:11Z"^^<http://www.w3.org/2001/XMLSchema#dateTime>
http://example.org/stkg/id/obs_rel_T90_BTR80_20260205T224111Z_280_e_c	http://www.w3.org/1999/02/22-rdf-syntax-ns#type	http://example.org/stkg/id/SpatialRelationObservation
http://example.org/stkg/id/obs_rel_T90_BTR80_20260205T224111Z_280_e_c	http://example.org/stkg/subjectEntity	http://example.org/stkg/id/platform_T90
http://example.org/stkg/id/obs_rel_T90_BTR80_20260205T224111Z_280_e_c	http://example.org/stkg/objectEntity	http://example.org/stkg/id/platform_BTR80
http://example.org/stkg/id/obs_rel_T90_BTR80_20260205T224111Z_280_e_c	http://example.org/stkg/relationType	http://example.org/stkg/id/relation_behind_of
http://example.org/stkg/id/obs_rel_T90_BTR80_20260205T224111Z_280_e_c	http://example.org/stkg/time	"2026-02-05T22:41:11Z"^^<http://www.w3.org/2001/XMLSchema#dateTime>
http://example.org/stkg/id/obs_rel_BTR80_K2BlackPanther_20260205T224112Z_281_c_d	http://www.w3.org/1999/02/22-rdf-syntax-ns#type	http://example.org/stkg/id/SpatialRelationObservation
http://example.org/stkg/id/obs_rel_BTR80_K2BlackPanther_20260205T224112Z_281_c_d	http://example.org/stkg/subjectEntity	http://example.org/stkg/id/platform_BTR80
http://example.org/stkg/id/obs_rel_BTR80_K2BlackPanther_20260205T224112Z_281_c_d	http://example.org/stkg/objectEntity	http://example.org/stkg/id/platform_K2BlackPanther
http://example.org/stkg/id/obs_rel_BTR80_K2BlackPanther_20260205T224112Z_281_c_d	http://example.org/stkg/relationType	http://example.org/stkg/id/relation_ahead_of
http://example.org/stkg/id/obs_rel_BTR80_K2BlackPanther_20260205T224112Z_281_c_d	http://example.org/stkg/time	"2026-02-05T22:41:12Z"^^<http://www.w3.org/2001/XMLSchema#dateTime>
http://example.org/stkg/id/obs_rel_K2BlackPanther_BTR80_20260205T224112Z_281_d_c	http://www.w3.org/1999/02/22-rdf-syntax-ns#type	http://example.org/stkg/id/SpatialRelationObservation
http://example.org/stkg/id/obs_rel_K2BlackPanther_BTR80_20260205T224112Z_281_d_c	http://example.org/stkg/subjectEntity	http://example.org/stkg/id/platform_K2BlackPanther
http://example.org/stkg/id/obs_rel_K2BlackPanther_BTR80_20260205T224112Z_281_d_c	http://example.org/stkg/objectEntity	http://example.org/stkg/id/platform_BTR80
http://example.org/stkg/id/obs_rel_K2BlackPanther_BTR80_20260205T224112Z_281_d_c	http://example.org/stkg/relationType	http://example.org/stkg/id/relation_behind_of
http://example.org/stkg/id/obs_rel_K2BlackPanther_BTR80_20260205T224112Z_281_d_c	http://example.org/stkg/time	"2026-02-05T22:41:12Z"^^<http://www.w3.org/2001/XMLSchema#dateTime>
http://example.org/stkg/id/obs_rel_K2BlackPanther_T90_20260205T224112Z_281_d_e	http://www.w3.org/1999/02/22-rdf-syntax-ns#type	http://example.org/stkg/id/SpatialRelationObservation
http://example.org/stkg/id/obs_rel_K2BlackPanther_T90_20260205T224112Z_281_d_e	http://example.org/stkg/subjectEntity	http://example.org/stkg/id/platform_K2BlackPanther
http://example.org/stkg/id/obs_rel_K2BlackPanther_T90_20260205T224112Z_281_d_e	http://example.org/stkg/objectEntity	http://example.org/stkg/id/platform_T90
http://example.org/stkg/id/obs_rel_K2BlackPanther_T90_20260205T224112Z_281_d_e	http://example.org/stkg/relationType	http://example.org/stkg/id/relation_ahead_of
http://example.org/stkg/id/obs_rel_K2BlackPanther_T90_20260205T224112Z_281_d_e	http://example.org/stkg/time	"2026-02-05T22:41:12Z"^^<http://www.w3.org/2001/XMLSchema#dateTime>
http://example.org/stkg/id/obs_rel_T90_K2BlackPanther_20260205T224112Z_281_e_d	http://www.w3.org/1999/02/22-rdf-syntax-ns#type	http://example.org/stkg/id/SpatialRelationObservation
http://example.org/stkg/id/obs_rel_T90_K2BlackPanther_20260205T224112Z_281_e_d	http://example.org/stkg/subjectEntity	http://example.org/stkg/id/platform_T90
http://example.org/stkg/id/obs_rel_T90_K2BlackPanther_20260205T224112Z_281_e_d	http://example.org/stkg/objectEntity	http://example.org/stkg/id/platform_K2BlackPanther
http://example.org/stkg/id/obs_rel_T90_K2BlackPanther_20260205T224112Z_281_e_d	http://example.org/stkg/relationType	http://example.org/stkg/id/relation_behind_of
http://example.org/stkg/id/obs_rel_T90_K2BlackPanther_20260205T224112Z_281_e_d	http://example.org/stkg/time	"2026-02-05T22:41:12Z"^^<http://www.w3.org/2001/XMLSchema#dateTime>
http://example.org/stkg/id/obs_rel_BTR80_T90_20260205T224112Z_281_c_e	http://www.w3.org/1999/02/22-rdf-syntax-ns#type	http://example.org/stkg/id/SpatialRelationObservation
http://example.org/stkg/id/obs_rel_BTR80_T90_20260205T224112Z_281_c_e	http://example.org/stkg/subjectEntity	http://example.org/stkg/id/platform_BTR80
http://example.org/stkg/id/obs_rel_BTR80_T90_20260205T224112Z_281_c_e	http://example.org/stkg/objectEntity	http://example.org/stkg/id/platform_T90
http://example.org/stkg/id/obs_rel_BTR80_T90_20260205T224112Z_281_c_e	http://example.org/stkg/relationType	http://example.org/stkg/id/relation_ahead_of
http://example.org/stkg/id/obs_rel_BTR80_T90_20260205T224112Z_281_c_e	http://example.org/stkg/time	"2026-02-05T22:41:12Z"^^<http://www.w3.org/2001/XMLSchema#dateTime>
http://example.org/stkg/id/obs_rel_T90_BTR80_20260205T224112Z_281_e_c	http://www.w3.org/1999/02/22-rdf-syntax-ns#type	http://example.org/stkg/id/SpatialRelationObservation
http://example.org/stkg/id/obs_rel_T90_BTR80_20260205T224112Z_281_e_c	http://example.org/stkg/subjectEntity	http://example.org/stkg/id/platform_T90
http://example.org/stkg/id/obs_rel_T90_BTR80_20260205T224112Z_281_e_c	http://example.org/stkg/objectEntity	http://example.org/stkg/id/platform_BTR80
http://example.org/stkg/id/obs_rel_T90_BTR80_20260205T224112Z_281_e_c	http://example.org/stkg/relationType	http://example.org/stkg/id/relation_behind_of
http://example.org/stkg/id/obs_rel_T90_BTR80_20260205T224112Z_281_e_c	http://example.org/stkg/time	"2026-02-05T22:41:12Z"^^<http://www.w3.org/2001/XMLSchema#dateTime>
http://example.org/stkg/id/obs_rel_BTR80_K2BlackPanther_20260205T224113Z_282_c_d	http://www.w3.org/1999/02/22-rdf-syntax-ns#type	http://example.org/stkg/id/SpatialRelationObservation
http://example.org/stkg/id/obs_rel_BTR80_K2BlackPanther_20260205T224113Z_282_c_d	http://example.org/stkg/subjectEntity	http://example.org/stkg/id/platform_BTR80
http://example.org/stkg/id/obs_rel_BTR80_K2BlackPanther_20260205T224113Z_282_c_d	http://example.org/stkg/objectEntity	http://example.org/stkg/id/platform_K2BlackPanther
http://example.org/stkg/id/obs_rel_BTR80_K2BlackPanther_20260205T224113Z_282_c_d	http://example.org/stkg/relationType	http://example.org/stkg/id/relation_ahead_of
http://example.org/stkg/id/obs_rel_BTR80_K2BlackPanther_20260205T224113Z_282_c_d	http://example.org/stkg/time	"2026-02-05T22:41:13Z"^^<http://www.w3.org/2001/XMLSchema#dateTime>
http://example.org/stkg/id/obs_rel_K2BlackPanther_BTR80_20260205T224113Z_282_d_c	http://www.w3.org/1999/02/22-rdf-syntax-ns#type	http://example.org/stkg/id/SpatialRelationObservation
http://example.org/stkg/id/obs_rel_K2BlackPanther_BTR80_20260205T224113Z_282_d_c	http://example.org/stkg/subjectEntity	http://example.org/stkg/id/platform_K2BlackPanther
http://example.org/stkg/id/obs_rel_K2BlackPanther_BTR80_20260205T224113Z_282_d_c	http://example.org/stkg/objectEntity	http://example.org/stkg/id/platform_BTR80
http://example.org/stkg/id/obs_rel_K2BlackPanther_BTR80_20260205T224113Z_282_d_c	http://example.org/stkg/relationType	http://example.org/stkg/id/relation_behind_of
http://example.org/stkg/id/obs_rel_K2BlackPanther_BTR80_20260205T224113Z_282_d_c	http://example.org/stkg/time	"2026-02-05T22:41:13Z"^^<http://www.w3.org/2001/XMLSchema#dateTime>
http://example.org/stkg/id/obs_rel_K2BlackPanther_T90_20260205T224113Z_282_d_e	http://www.w3.org/1999/02/22-rdf-syntax-ns#type	http://example.org/stkg/id/SpatialRelationObservation
http://example.org/stkg/id/obs_rel_K2BlackPanther_T90_20260205T224113Z_282_d_e	http://example.org/stkg/subjectEntity	http://example.org/stkg/id/platform_K2BlackPanther
http://example.org/stkg/id/obs_rel_K2BlackPanther_T90_20260205T224113Z_282_d_e	http://example.org/stkg/objectEntity	http://example.org/stkg/id/platform_T90
http://example.org/stkg/id/obs_rel_K2BlackPanther_T90_20260205T224113Z_282_d_e	http://example.org/stkg/relationType	http://example.org/stkg/id/relation_ahead_of
http://example.org/stkg/id/obs_rel_K2BlackPanther_T90_20260205T224113Z_282_d_e	http://example.org/stkg/time	"2026-02-05T22:41:13Z"^^<http://www.w3.org/2001/XMLSchema#dateTime>
http://example.org/stkg/id/obs_rel_T90_K2BlackPanther_20260205T224113Z_282_e_d	http://www.w3.org/1999/02/22-rdf-syntax-ns#type	http://example.org/stkg/id/SpatialRelationObservation
http://example.org/stkg/id/obs_rel_T90_K2BlackPanther_20260205T224113Z_282_e_d	http://example.org/stkg/subjectEntity	http://example.org/stkg/id/platform_T90
http://example.org/stkg/id/obs_rel_T90_K2BlackPanther_20260205T224113Z_282_e_d	http://example.org/stkg/objectEntity	http://example.org/stkg/id/platform_K2BlackPanther
http://example.org/stkg/id/obs_rel_T90_K2BlackPanther_20260205T224113Z_282_e_d	http://example.org/stkg/relationType	http://example.org/stkg/id/relation_behind_of
http://example.org/stkg/id/obs_rel_T90_K2BlackPanther_20260205T224113Z_282_e_d	http://example.org/stkg/time	"2026-02-05T22:41:13Z"^^<http://www.w3.org/2001/XMLSchema#dateTime>
http://example.org/stkg/id/obs_rel_BTR80_T90_20260205T224113Z_282_c_e	http://www.w3.org/1999/02/22-rdf-syntax-ns#type	http://example.org/stkg/id/SpatialRelationObservation
http://example.org/stkg/id/obs_rel_BTR80_T90_20260205T224113Z_282_c_e	http://example.org/stkg/subjectEntity	http://example.org/stkg/id/platform_BTR80
http://example.org/stkg/id/obs_rel_BTR80_T90_20260205T224113Z_282_c_e	http://example.org/stkg/objectEntity	http://example.org/stkg/id/platform_T90
http://example.org/stkg/id/obs_rel_BTR80_T90_20260205T224113Z_282_c_e	http://example.org/stkg/relationType	http://example.org/stkg/id/relation_ahead_of
http://example.org/stkg/id/obs_rel_BTR80_T90_20260205T224113Z_282_c_e	http://example.org/stkg/time	"2026-02-05T22:41:13Z"^^<http://www.w3.org/2001/XMLSchema#dateTime>
http://example.org/stkg/id/obs_rel_T90_BTR80_20260205T224113Z_282_e_c	http://www.w3.org/1999/02/22-rdf-syntax-ns#type	http://example.org/stkg/id/SpatialRelationObservation
http://example.org/stkg/id/obs_rel_T90_BTR80_20260205T224113Z_282_e_c	http://example.org/stkg/subjectEntity	http://example.org/stkg/id/platform_T90
http://example.org/stkg/id/obs_rel_T90_BTR80_20260205T224113Z_282_e_c	http://example.org/stkg/objectEntity	http://example.org/stkg/id/platform_BTR80
http://example.org/stkg/id/obs_rel_T90_BTR80_20260205T224113Z_282_e_c	http://example.org/stkg/relationType	http://example.org/stkg/id/relation_behind_of
http://example.org/stkg/id/obs_rel_T90_BTR80_20260205T224113Z_282_e_c	http://example.org/stkg/time	"2026-02-05T22:41:13Z"^^<http://www.w3.org/2001/XMLSchema#dateTime>
http://example.org/stkg/id/obs_rel_BTR80_K2BlackPanther_20260205T224114Z_283_c_d	http://www.w3.org/1999/02/22-rdf-syntax-ns#type	http://example.org/stkg/id/SpatialRelationObservation
http://example.org/stkg/id/obs_rel_BTR80_K2BlackPanther_20260205T224114Z_283_c_d	http://example.org/stkg/subjectEntity	http://example.org/stkg/id/platform_BTR80
http://example.org/stkg/id/obs_rel_BTR80_K2BlackPanther_20260205T224114Z_283_c_d	http://example.org/stkg/objectEntity	http://example.org/stkg/id/platform_K2BlackPanther
http://example.org/stkg/id/obs_rel_BTR80_K2BlackPanther_20260205T224114Z_283_c_d	http://example.org/stkg/relationType	http://example.org/stkg/id/relation_ahead_of
http://example.org/stkg/id/obs_rel_BTR80_K2BlackPanther_20260205T224114Z_283_c_d	http://example.org/stkg/time	"2026-02-05T22:41:14Z"^^<http://www.w3.org/2001/XMLSchema#dateTime>
http://example.org/stkg/id/obs_rel_K2BlackPanther_BTR80_20260205T224114Z_283_d_c	http://www.w3.org/1999/02/22-rdf-syntax-ns#type	http://example.org/stkg/id/SpatialRelationObservation
http://example.org/stkg/id/obs_rel_K2BlackPanther_BTR80_20260205T224114Z_283_d_c	http://example.org/stkg/subjectEntity	http://example.org/stkg/id/platform_K2BlackPanther
http://example.org/stkg/id/obs_rel_K2BlackPanther_BTR80_20260205T224114Z_283_d_c	http://example.org/stkg/objectEntity	http://example.org/stkg/id/platform_BTR80
http://example.org/stkg/id/obs_rel_K2BlackPanther_BTR80_20260205T224114Z_283_d_c	http://example.org/stkg/relationType	http://example.org/stkg/id/relation_behind_of
http://example.org/stkg/id/obs_rel_K2BlackPanther_BTR80_20260205T224114Z_283_d_c	http://example.org/stkg/time	"2026-02-05T22:41:14Z"^^<http://www.w3.org/2001/XMLSchema#dateTime>
http://example.org/stkg/id/obs_rel_K2BlackPanther_T90_20260205T224114Z_283_d_e	http://www.w3.org/1999/02/22-rdf-syntax-ns#type	http://example.org/stkg/id/SpatialRelationObservation
http://example.org/stkg/id/obs_rel_K2BlackPanther_T90_20260205T224114Z_283_d_e	http://example.org/stkg/subjectEntity	http://example.org/stkg/id/platform_K2BlackPanther
http://example.org/stkg/id/obs_rel_K2BlackPanther_T90_20260205T224114Z_283_d_e	http://example.org/stkg/objectEntity	http://example.org/stkg/id/platform_T90
http://example.org/stkg/id/obs_rel_K2BlackPanther_T90_20260205T224114Z_283_d_e	http://example.org/stkg/relationType	http://example.org/stkg/id/relation_ahead_of
http://example.org/stkg/id/obs_rel_K2BlackPanther_T90_20260205T224114Z_283_d_e	http://example.org/stkg/time	"2026-02-05T22:41:14Z"^^<http://www.w3.org/2001/XMLSchema#dateTime>
http://example.org/stkg/id/obs_rel_T90_K2BlackPanther_20260205T224114Z_283_e_d	http://www.w3.org/1999/02/22-rdf-syntax-ns#type	http://example.org/stkg/id/SpatialRelationObservation
http://example.org/stkg/id/obs_rel_T90_K2BlackPanther_20260205T224114Z_283_e_d	http://example.org/stkg/subjectEntity	http://example.org/stkg/id/platform_T90
http://example.org/stkg/id/obs_rel_T90_K2BlackPanther_20260205T224114Z_283_e_d	http://example.org/stkg/objectEntity	http://example.org/stkg/id/platform_K2BlackPanther
http://example.org/stkg/id/obs_rel_T90_K2BlackPanther_20260205T224114Z_283_e_d	http://example.org/stkg/relationType	http://example.org/stkg/id/relation_behind_of
http://example.org/stkg/id/obs_rel_T90_K2BlackPanther_20260205T224114Z_283_e_d	http://example.org/stkg/time	"2026-02-05T22:41:14Z"^^<http://www.w3.org/2001/XMLSchema#dateTime>
http://example.org/stkg/id/obs_rel_BTR80_T90_20260205T224114Z_283_c_e	http://www.w3.org/1999/02/22-rdf-syntax-ns#type	http://example.org/stkg/id/SpatialRelationObservation
http://example.org/stkg/id/obs_rel_BTR80_T90_20260205T224114Z_283_c_e	http://example.org/stkg/subjectEntity	http://example.org/stkg/id/platform_BTR80
http://example.org/stkg/id/obs_rel_BTR80_T90_20260205T224114Z_283_c_e	http://example.org/stkg/objectEntity	http://example.org/stkg/id/platform_T90
http://example.org/stkg/id/obs_rel_BTR80_T90_20260205T224114Z_283_c_e	http://example.org/stkg/relationType	http://example.org/stkg/id/relation_ahead_of
http://example.org/stkg/id/obs_rel_BTR80_T90_20260205T224114Z_283_c_e	http://example.org/stkg/time	"2026-02-05T22:41:14Z"^^<http://www.w3.org/2001/XMLSchema#dateTime>
http://example.org/stkg/id/obs_rel_T90_BTR80_20260205T224114Z_283_e_c	http://www.w3.org/1999/02/22-rdf-syntax-ns#type	http://example.org/stkg/id/SpatialRelationObservation
http://example.org/stkg/id/obs_rel_T90_BTR80_20260205T224114Z_283_e_c	http://example.org/stkg/subjectEntity	http://example.org/stkg/id/platform_T90
http://example.org/stkg/id/obs_rel_T90_BTR80_20260205T224114Z_283_e_c	http://example.org/stkg/objectEntity	http://example.org/stkg/id/platform_BTR80
http://example.org/stkg/id/obs_rel_T90_BTR80_20260205T224114Z_283_e_c	http://example.org/stkg/relationType	http://example.org/stkg/id/relation_behind_of
http://example.org/stkg/id/obs_rel_T90_BTR80_20260205T224114Z_283_e_c	http://example.org/stkg/time	"2026-02-05T22:41:14Z"^^<http://www.w3.org/2001/XMLSchema#dateTime>
http://example.org/stkg/id/obs_rel_BTR80_K2BlackPanther_20260205T224115Z_284_c_d	http://www.w3.org/1999/02/22-rdf-syntax-ns#type	http://example.org/stkg/id/SpatialRelationObservation
http://example.org/stkg/id/obs_rel_BTR80_K2BlackPanther_20260205T224115Z_284_c_d	http://example.org/stkg/subjectEntity	http://example.org/stkg/id/platform_BTR80
http://example.org/stkg/id/obs_rel_BTR80_K2BlackPanther_20260205T224115Z_284_c_d	http://example.org/stkg/objectEntity	http://example.org/stkg/id/platform_K2BlackPanther
http://example.org/stkg/id/obs_rel_BTR80_K2BlackPanther_20260205T224115Z_284_c_d	http://example.org/stkg/relationType	http://example.org/stkg/id/relation_ahead_of
http://example.org/stkg/id/obs_rel_BTR80_K2BlackPanther_20260205T224115Z_284_c_d	http://example.org/stkg/time	"2026-02-05T22:41:15Z"^^<http://www.w3.org/2001/XMLSchema#dateTime>
http://example.org/stkg/id/obs_rel_K2BlackPanther_BTR80_20260205T224115Z_284_d_c	http://www.w3.org/1999/02/22-rdf-syntax-ns#type	http://example.org/stkg/id/SpatialRelationObservation
http://example.org/stkg/id/obs_rel_K2BlackPanther_BTR80_20260205T224115Z_284_d_c	http://example.org/stkg/subjectEntity	http://example.org/stkg/id/platform_K2BlackPanther
http://example.org/stkg/id/obs_rel_K2BlackPanther_BTR80_20260205T224115Z_284_d_c	http://example.org/stkg/objectEntity	http://example.org/stkg/id/platform_BTR80
http://example.org/stkg/id/obs_rel_K2BlackPanther_BTR80_20260205T224115Z_284_d_c	http://example.org/stkg/relationType	http://example.org/stkg/id/relation_behind_of
http://example.org/stkg/id/obs_rel_K2BlackPanther_BTR80_20260205T224115Z_284_d_c	http://example.org/stkg/time	"2026-02-05T22:41:15Z"^^<http://www.w3.org/2001/XMLSchema#dateTime>
http://example.org/stkg/id/obs_rel_K2BlackPanther_T90_20260205T224115Z_284_d_e	http://www.w3.org/1999/02/22-rdf-syntax-ns#type	http://example.org/stkg/id/SpatialRelationObservation
http://example.org/stkg/id/obs_rel_K2BlackPanther_T90_20260205T224115Z_284_d_e	http://example.org/stkg/subjectEntity	http://example.org/stkg/id/platform_K2BlackPanther
http://example.org/stkg/id/obs_rel_K2BlackPanther_T90_20260205T224115Z_284_d_e	http://example.org/stkg/objectEntity	http://example.org/stkg/id/platform_T90
http://example.org/stkg/id/obs_rel_K2BlackPanther_T90_20260205T224115Z_284_d_e	http://example.org/stkg/relationType	http://example.org/stkg/id/relation_ahead_of
http://example.org/stkg/id/obs_rel_K2BlackPanther_T90_20260205T224115Z_284_d_e	http://example.org/stkg/time	"2026-02-05T22:41:15Z"^^<http://www.w3.org/2001/XMLSchema#dateTime>
http://example.org/stkg/id/obs_rel_T90_K2BlackPanther_20260205T224115Z_284_e_d	http://www.w3.org/1999/02/22-rdf-syntax-ns#type	http://example.org/stkg/id/SpatialRelationObservation
http://example.org/stkg/id/obs_rel_T90_K2BlackPanther_20260205T224115Z_284_e_d	http://example.org/stkg/subjectEntity	http://example.org/stkg/id/platform_T90
http://example.org/stkg/id/obs_rel_T90_K2BlackPanther_20260205T224115Z_284_e_d	http://example.org/stkg/objectEntity	http://example.org/stkg/id/platform_K2BlackPanther
http://example.org/stkg/id/obs_rel_T90_K2BlackPanther_20260205T224115Z_284_e_d	http://example.org/stkg/relationType	http://example.org/stkg/id/relation_behind_of
http://example.org/stkg/id/obs_rel_T90_K2BlackPanther_20260205T224115Z_284_e_d	http://example.org/stkg/time	"2026-02-05T22:41:15Z"^^<http://www.w3.org/2001/XMLSchema#dateTime>
http://example.org/stkg/id/obs_rel_BTR80_T90_20260205T224115Z_284_c_e	http://www.w3.org/1999/02/22-rdf-syntax-ns#type	http://example.org/stkg/id/SpatialRelationObservation
http://example.org/stkg/id/obs_rel_BTR80_T90_20260205T224115Z_284_c_e	http://example.org/stkg/subjectEntity	http://example.org/stkg/id/platform_BTR80
http://example.org/stkg/id/obs_rel_BTR80_T90_20260205T224115Z_284_c_e	http://example.org/stkg/objectEntity	http://example.org/stkg/id/platform_T90
http://example.org/stkg/id/obs_rel_BTR80_T90_20260205T224115Z_284_c_e	http://example.org/stkg/relationType	http://example.org/stkg/id/relation_ahead_of
http://example.org/stkg/id/obs_rel_BTR80_T90_20260205T224115Z_284_c_e	http://example.org/stkg/time	"2026-02-05T22:41:15Z"^^<http://www.w3.org/2001/XMLSchema#dateTime>
http://example.org/stkg/id/obs_rel_T90_BTR80_20260205T224115Z_284_e_c	http://www.w3.org/1999/02/22-rdf-syntax-ns#type	http://example.org/stkg/id/SpatialRelationObservation
http://example.org/stkg/id/obs_rel_T90_BTR80_20260205T224115Z_284_e_c	http://example.org/stkg/subjectEntity	http://example.org/stkg/id/platform_T90
http://example.org/stkg/id/obs_rel_T90_BTR80_20260205T224115Z_284_e_c	http://example.org/stkg/objectEntity	http://example.org/stkg/id/platform_BTR80
http://example.org/stkg/id/obs_rel_T90_BTR80_20260205T224115Z_284_e_c	http://example.org/stkg/relationType	http://example.org/stkg/id/relation_behind_of
http://example.org/stkg/id/obs_rel_T90_BTR80_20260205T224115Z_284_e_c	http://example.org/stkg/time	"2026-02-05T22:41:15Z"^^<http://www.w3.org/2001/XMLSchema#dateTime>
http://example.org/stkg/id/obs_rel_BTR80_K2BlackPanther_20260205T224116Z_285_c_d	http://www.w3.org/1999/02/22-rdf-syntax-ns#type	http://example.org/stkg/id/SpatialRelationObservation
http://example.org/stkg/id/obs_rel_BTR80_K2BlackPanther_20260205T224116Z_285_c_d	http://example.org/stkg/subjectEntity	http://example.org/stkg/id/platform_BTR80
http://example.org/stkg/id/obs_rel_BTR80_K2BlackPanther_20260205T224116Z_285_c_d	http://example.org/stkg/objectEntity	http://example.org/stkg/id/platform_K2BlackPanther
http://example.org/stkg/id/obs_rel_BTR80_K2BlackPanther_20260205T224116Z_285_c_d	http://example.org/stkg/relationType	http://example.org/stkg/id/relation_ahead_of
http://example.org/stkg/id/obs_rel_BTR80_K2BlackPanther_20260205T224116Z_285_c_d	http://example.org/stkg/time	"2026-02-05T22:41:16Z"^^<http://www.w3.org/2001/XMLSchema#dateTime>
http://example.org/stkg/id/obs_rel_K2BlackPanther_BTR80_20260205T224116Z_285_d_c	http://www.w3.org/1999/02/22-rdf-syntax-ns#type	http://example.org/stkg/id/SpatialRelationObservation
http://example.org/stkg/id/obs_rel_K2BlackPanther_BTR80_20260205T224116Z_285_d_c	http://example.org/stkg/subjectEntity	http://example.org/stkg/id/platform_K2BlackPanther
http://example.org/stkg/id/obs_rel_K2BlackPanther_BTR80_20260205T224116Z_285_d_c	http://example.org/stkg/objectEntity	http://example.org/stkg/id/platform_BTR80
http://example.org/stkg/id/obs_rel_K2BlackPanther_BTR80_20260205T224116Z_285_d_c	http://example.org/stkg/relationType	http://example.org/stkg/id/relation_behind_of
http://example.org/stkg/id/obs_rel_K2BlackPanther_BTR80_20260205T224116Z_285_d_c	http://example.org/stkg/time	"2026-02-05T22:41:16Z"^^<http://www.w3.org/2001/XMLSchema#dateTime>
http://example.org/stkg/id/obs_rel_K2BlackPanther_T90_20260205T224116Z_285_d_e	http://www.w3.org/1999/02/22-rdf-syntax-ns#type	http://example.org/stkg/id/SpatialRelationObservation
http://example.org/stkg/id/obs_rel_K2BlackPanther_T90_20260205T224116Z_285_d_e	http://example.org/stkg/subjectEntity	http://example.org/stkg/id/platform_K2BlackPanther
http://example.org/stkg/id/obs_rel_K2BlackPanther_T90_20260205T224116Z_285_d_e	http://example.org/stkg/objectEntity	http://example.org/stkg/id/platform_T90
http://example.org/stkg/id/obs_rel_K2BlackPanther_T90_20260205T224116Z_285_d_e	http://example.org/stkg/relationType	http://example.org/stkg/id/relation_ahead_of
http://example.org/stkg/id/obs_rel_K2BlackPanther_T90_20260205T224116Z_285_d_e	http://example.org/stkg/time	"2026-02-05T22:41:16Z"^^<http://www.w3.org/2001/XMLSchema#dateTime>
http://example.org/stkg/id/obs_rel_T90_K2BlackPanther_20260205T224116Z_285_e_d	http://www.w3.org/1999/02/22-rdf-syntax-ns#type	http://example.org/stkg/id/SpatialRelationObservation
http://example.org/stkg/id/obs_rel_T90_K2BlackPanther_20260205T224116Z_285_e_d	http://example.org/stkg/subjectEntity	http://example.org/stkg/id/platform_T90
http://example.org/stkg/id/obs_rel_T90_K2BlackPanther_20260205T224116Z_285_e_d	http://example.org/stkg/objectEntity	http://example.org/stkg/id/platform_K2BlackPanther
http://example.org/stkg/id/obs_rel_T90_K2BlackPanther_20260205T224116Z_285_e_d	http://example.org/stkg/relationType	http://example.org/stkg/id/relation_behind_of
http://example.org/stkg/id/obs_rel_T90_K2BlackPanther_20260205T224116Z_285_e_d	http://example.org/stkg/time	"2026-02-05T22:41:16Z"^^<http://www.w3.org/2001/XMLSchema#dateTime>
http://example.org/stkg/id/obs_rel_BTR80_T90_20260205T224116Z_285_c_e	http://www.w3.org/1999/02/22-rdf-syntax-ns#type	http://example.org/stkg/id/SpatialRelationObservation
http://example.org/stkg/id/obs_rel_BTR80_T90_20260205T224116Z_285_c_e	http://example.org/stkg/subjectEntity	http://example.org/stkg/id/platform_BTR80
http://example.org/stkg/id/obs_rel_BTR80_T90_20260205T224116Z_285_c_e	http://example.org/stkg/objectEntity	http://example.org/stkg/id/platform_T90
http://example.org/stkg/id/obs_rel_BTR80_T90_20260205T224116Z_285_c_e	http://example.org/stkg/relationType	http://example.org/stkg/id/relation_ahead_of
http://example.org/stkg/id/obs_rel_BTR80_T90_20260205T224116Z_285_c_e	http://example.org/stkg/time	"2026-02-05T22:41:16Z"^^<http://www.w3.org/2001/XMLSchema#dateTime>
http://example.org/stkg/id/obs_rel_T90_BTR80_20260205T224116Z_285_e_c	http://www.w3.org/1999/02/22-rdf-syntax-ns#type	http://example.org/stkg/id/SpatialRelationObservation
http://example.org/stkg/id/obs_rel_T90_BTR80_20260205T224116Z_285_e_c	http://example.org/stkg/subjectEntity	http://example.org/stkg/id/platform_T90
http://example.org/stkg/id/obs_rel_T90_BTR80_20260205T224116Z_285_e_c	http://example.org/stkg/objectEntity	http://example.org/stkg/id/platform_BTR80
http://example.org/stkg/id/obs_rel_T90_BTR80_20260205T224116Z_285_e_c	http://example.org/stkg/relationType	http://example.org/stkg/id/relation_behind_of
http://example.org/stkg/id/obs_rel_T90_BTR80_20260205T224116Z_285_e_c	http://example.org/stkg/time	"2026-02-05T22:41:16Z"^^<http://www.w3.org/2001/XMLSchema#dateTime>
http://example.org/stkg/id/obs_rel_BTR80_K2BlackPanther_20260205T224117Z_286_c_d	http://www.w3.org/1999/02/22-rdf-syntax-ns#type	http://example.org/stkg/id/SpatialRelationObservation
http://example.org/stkg/id/obs_rel_BTR80_K2BlackPanther_20260205T224117Z_286_c_d	http://example.org/stkg/subjectEntity	http://example.org/stkg/id/platform_BTR80
http://example.org/stkg/id/obs_rel_BTR80_K2BlackPanther_20260205T224117Z_286_c_d	http://example.org/stkg/objectEntity	http://example.org/stkg/id/platform_K2BlackPanther
http://example.org/stkg/id/obs_rel_BTR80_K2BlackPanther_20260205T224117Z_286_c_d	http://example.org/stkg/relationType	http://example.org/stkg/id/relation_ahead_of
http://example.org/stkg/id/obs_rel_BTR80_K2BlackPanther_20260205T224117Z_286_c_d	http://example.org/stkg/time	"2026-02-05T22:41:17Z"^^<http://www.w3.org/2001/XMLSchema#dateTime>
http://example.org/stkg/id/obs_rel_K2BlackPanther_BTR80_20260205T224117Z_286_d_c	http://www.w3.org/1999/02/22-rdf-syntax-ns#type	http://example.org/stkg/id/SpatialRelationObservation
http://example.org/stkg/id/obs_rel_K2BlackPanther_BTR80_20260205T224117Z_286_d_c	http://example.org/stkg/subjectEntity	http://example.org/stkg/id/platform_K2BlackPanther
http://example.org/stkg/id/obs_rel_K2BlackPanther_BTR80_20260205T224117Z_286_d_c	http://example.org/stkg/objectEntity	http://example.org/stkg/id/platform_BTR80
http://example.org/stkg/id/obs_rel_K2BlackPanther_BTR80_20260205T224117Z_286_d_c	http://example.org/stkg/relationType	http://example.org/stkg/id/relation_behind_of
http://example.org/stkg/id/obs_rel_K2BlackPanther_BTR80_20260205T224117Z_286_d_c	http://example.org/stkg/time	"2026-02-05T22:41:17Z"^^<http://www.w3.org/2001/XMLSchema#dateTime>
http://example.org/stkg/id/obs_rel_K2BlackPanther_T90_20260205T224117Z_286_d_e	http://www.w3.org/1999/02/22-rdf-syntax-ns#type	http://example.org/stkg/id/SpatialRelationObservation
http://example.org/stkg/id/obs_rel_K2BlackPanther_T90_20260205T224117Z_286_d_e	http://example.org/stkg/subjectEntity	http://example.org/stkg/id/platform_K2BlackPanther
http://example.org/stkg/id/obs_rel_K2BlackPanther_T90_20260205T224117Z_286_d_e	http://example.org/stkg/objectEntity	http://example.org/stkg/id/platform_T90
http://example.org/stkg/id/obs_rel_K2BlackPanther_T90_20260205T224117Z_286_d_e	http://example.org/stkg/relationType	http://example.org/stkg/id/relation_ahead_of
http://example.org/stkg/id/obs_rel_K2BlackPanther_T90_20260205T224117Z_286_d_e	http://example.org/stkg/time	"2026-02-05T22:41:17Z"^^<http://www.w3.org/2001/XMLSchema#dateTime>
http://example.org/stkg/id/obs_rel_T90_K2BlackPanther_20260205T224117Z_286_e_d	http://www.w3.org/1999/02/22-rdf-syntax-ns#type	http://example.org/stkg/id/SpatialRelationObservation
http://example.org/stkg/id/obs_rel_T90_K2BlackPanther_20260205T224117Z_286_e_d	http://example.org/stkg/subjectEntity	http://example.org/stkg/id/platform_T90
http://example.org/stkg/id/obs_rel_T90_K2BlackPanther_20260205T224117Z_286_e_d	http://example.org/stkg/objectEntity	http://example.org/stkg/id/platform_K2BlackPanther
http://example.org/stkg/id/obs_rel_T90_K2BlackPanther_20260205T224117Z_286_e_d	http://example.org/stkg/relationType	http://example.org/stkg/id/relation_behind_of
http://example.org/stkg/id/obs_rel_T90_K2BlackPanther_20260205T224117Z_286_e_d	http://example.org/stkg/time	"2026-02-05T22:41:17Z"^^<http://www.w3.org/2001/XMLSchema#dateTime>
http://example.org/stkg/id/obs_rel_BTR80_T90_20260205T224117Z_286_c_e	http://www.w3.org/1999/02/22-rdf-syntax-ns#type	http://example.org/stkg/id/SpatialRelationObservation
http://example.org/stkg/id/obs_rel_BTR80_T90_20260205T224117Z_286_c_e	http://example.org/stkg/subjectEntity	http://example.org/stkg/id/platform_BTR80
http://example.org/stkg/id/obs_rel_BTR80_T90_20260205T224117Z_286_c_e	http://example.org/stkg/objectEntity	http://example.org/stkg/id/platform_T90
http://example.org/stkg/id/obs_rel_BTR80_T90_20260205T224117Z_286_c_e	http://example.org/stkg/relationType	http://example.org/stkg/id/relation_ahead_of
http://example.org/stkg/id/obs_rel_BTR80_T90_20260205T224117Z_286_c_e	http://example.org/stkg/time	"2026-02-05T22:41:17Z"^^<http://www.w3.org/2001/XMLSchema#dateTime>
http://example.org/stkg/id/obs_rel_T90_BTR80_20260205T224117Z_286_e_c	http://www.w3.org/1999/02/22-rdf-syntax-ns#type	http://example.org/stkg/id/SpatialRelationObservation
http://example.org/stkg/id/obs_rel_T90_BTR80_20260205T224117Z_286_e_c	http://example.org/stkg/subjectEntity	http://example.org/stkg/id/platform_T90
http://example.org/stkg/id/obs_rel_T90_BTR80_20260205T224117Z_286_e_c	http://example.org/stkg/objectEntity	http://example.org/stkg/id/platform_BTR80
http://example.org/stkg/id/obs_rel_T90_BTR80_20260205T224117Z_286_e_c	http://example.org/stkg/relationType	http://example.org/stkg/id/relation_behind_of
http://example.org/stkg/id/obs_rel_T90_BTR80_20260205T224117Z_286_e_c	http://example.org/stkg/time	"2026-02-05T22:41:17Z"^^<http://www.w3.org/2001/XMLSchema#dateTime>
http://example.org/stkg/id/obs_rel_BTR80_K2BlackPanther_20260205T224118Z_287_c_d	http://www.w3.org/1999/02/22-rdf-syntax-ns#type	http://example.org/stkg/id/SpatialRelationObservation
http://example.org/stkg/id/obs_rel_BTR80_K2BlackPanther_20260205T224118Z_287_c_d	http://example.org/stkg/subjectEntity	http://example.org/stkg/id/platform_BTR80
http://example.org/stkg/id/obs_rel_BTR80_K2BlackPanther_20260205T224118Z_287_c_d	http://example.org/stkg/objectEntity	http://example.org/stkg/id/platform_K2BlackPanther
http://example.org/stkg/id/obs_rel_BTR80_K2BlackPanther_20260205T224118Z_287_c_d	http://example.org/stkg/relationType	http://example.org/stkg/id/relation_ahead_of
http://example.org/stkg/id/obs_rel_BTR80_K2BlackPanther_20260205T224118Z_287_c_d	http://example.org/stkg/time	"2026-02-05T22:41:18Z"^^<http://www.w3.org/2001/XMLSchema#dateTime>
http://example.org/stkg/id/obs_rel_K2BlackPanther_BTR80_20260205T224118Z_287_d_c	http://www.w3.org/1999/02/22-rdf-syntax-ns#type	http://example.org/stkg/id/SpatialRelationObservation
http://example.org/stkg/id/obs_rel_K2BlackPanther_BTR80_20260205T224118Z_287_d_c	http://example.org/stkg/subjectEntity	http://example.org/stkg/id/platform_K2BlackPanther
http://example.org/stkg/id/obs_rel_K2BlackPanther_BTR80_20260205T224118Z_287_d_c	http://example.org/stkg/objectEntity	http://example.org/stkg/id/platform_BTR80
http://example.org/stkg/id/obs_rel_K2BlackPanther_BTR80_20260205T224118Z_287_d_c	http://example.org/stkg/relationType	http://example.org/stkg/id/relation_behind_of
http://example.org/stkg/id/obs_rel_K2BlackPanther_BTR80_20260205T224118Z_287_d_c	http://example.org/stkg/time	"2026-02-05T22:41:18Z"^^<http://www.w3.org/2001/XMLSchema#dateTime>
http://example.org/stkg/id/obs_rel_K2BlackPanther_T90_20260205T224118Z_287_d_e	http://www.w3.org/1999/02/22-rdf-syntax-ns#type	http://example.org/stkg/id/SpatialRelationObservation
http://example.org/stkg/id/obs_rel_K2BlackPanther_T90_20260205T224118Z_287_d_e	http://example.org/stkg/subjectEntity	http://example.org/stkg/id/platform_K2BlackPanther
http://example.org/stkg/id/obs_rel_K2BlackPanther_T90_20260205T224118Z_287_d_e	http://example.org/stkg/objectEntity	http://example.org/stkg/id/platform_T90
http://example.org/stkg/id/obs_rel_K2BlackPanther_T90_20260205T224118Z_287_d_e	http://example.org/stkg/relationType	http://example.org/stkg/id/relation_ahead_of
http://example.org/stkg/id/obs_rel_K2BlackPanther_T90_20260205T224118Z_287_d_e	http://example.org/stkg/time	"2026-02-05T22:41:18Z"^^<http://www.w3.org/2001/XMLSchema#dateTime>
http://example.org/stkg/id/obs_rel_T90_K2BlackPanther_20260205T224118Z_287_e_d	http://www.w3.org/1999/02/22-rdf-syntax-ns#type	http://example.org/stkg/id/SpatialRelationObservation
http://example.org/stkg/id/obs_rel_T90_K2BlackPanther_20260205T224118Z_287_e_d	http://example.org/stkg/subjectEntity	http://example.org/stkg/id/platform_T90
http://example.org/stkg/id/obs_rel_T90_K2BlackPanther_20260205T224118Z_287_e_d	http://example.org/stkg/objectEntity	http://example.org/stkg/id/platform_K2BlackPanther
http://example.org/stkg/id/obs_rel_T90_K2BlackPanther_20260205T224118Z_287_e_d	http://example.org/stkg/relationType	http://example.org/stkg/id/relation_behind_of
http://example.org/stkg/id/obs_rel_T90_K2BlackPanther_20260205T224118Z_287_e_d	http://example.org/stkg/time	"2026-02-05T22:41:18Z"^^<http://www.w3.org/2001/XMLSchema#dateTime>
http://example.org/stkg/id/obs_rel_BTR80_T90_20260205T224118Z_287_c_e	http://www.w3.org/1999/02/22-rdf-syntax-ns#type	http://example.org/stkg/id/SpatialRelationObservation
http://example.org/stkg/id/obs_rel_BTR80_T90_20260205T224118Z_287_c_e	http://example.org/stkg/subjectEntity	http://example.org/stkg/id/platform_BTR80
http://example.org/stkg/id/obs_rel_BTR80_T90_20260205T224118Z_287_c_e	http://example.org/stkg/objectEntity	http://example.org/stkg/id/platform_T90
http://example.org/stkg/id/obs_rel_BTR80_T90_20260205T224118Z_287_c_e	http://example.org/stkg/relationType	http://example.org/stkg/id/relation_ahead_of
http://example.org/stkg/id/obs_rel_BTR80_T90_20260205T224118Z_287_c_e	http://example.org/stkg/time	"2026-02-05T22:41:18Z"^^<http://www.w3.org/2001/XMLSchema#dateTime>
http://example.org/stkg/id/obs_rel_T90_BTR80_20260205T224118Z_287_e_c	http://www.w3.org/1999/02/22-rdf-syntax-ns#type	http://example.org/stkg/id/SpatialRelationObservation
http://example.org/stkg/id/obs_rel_T90_BTR80_20260205T224118Z_287_e_c	http://example.org/stkg/subjectEntity	http://example.org/stkg/id/platform_T90
http://example.org/stkg/id/obs_rel_T90_BTR80_20260205T224118Z_287_e_c	http://example.org/stkg/objectEntity	http://example.org/stkg/id/platform_BTR80
http://example.org/stkg/id/obs_rel_T90_BTR80_20260205T224118Z_287_e_c	http://example.org/stkg/relationType	http://example.org/stkg/id/relation_behind_of
http://example.org/stkg/id/obs_rel_T90_BTR80_20260205T224118Z_287_e_c	http://example.org/stkg/time	"2026-02-05T22:41:18Z"^^<http://www.w3.org/2001/XMLSchema#dateTime>
http://example.org/stkg/id/obs_rel_BTR80_K2BlackPanther_20260205T224119Z_288_c_d	http://www.w3.org/1999/02/22-rdf-syntax-ns#type	http://example.org/stkg/id/SpatialRelationObservation
http://example.org/stkg/id/obs_rel_BTR80_K2BlackPanther_20260205T224119Z_288_c_d	http://example.org/stkg/subjectEntity	http://example.org/stkg/id/platform_BTR80
http://example.org/stkg/id/obs_rel_BTR80_K2BlackPanther_20260205T224119Z_288_c_d	http://example.org/stkg/objectEntity	http://example.org/stkg/id/platform_K2BlackPanther
http://example.org/stkg/id/obs_rel_BTR80_K2BlackPanther_20260205T224119Z_288_c_d	http://example.org/stkg/relationType	http://example.org/stkg/id/relation_ahead_of
http://example.org/stkg/id/obs_rel_BTR80_K2BlackPanther_20260205T224119Z_288_c_d	http://example.org/stkg/time	"2026-02-05T22:41:19Z"^^<http://www.w3.org/2001/XMLSchema#dateTime>
http://example.org/stkg/id/obs_rel_K2BlackPanther_BTR80_20260205T224119Z_288_d_c	http://www.w3.org/1999/02/22-rdf-syntax-ns#type	http://example.org/stkg/id/SpatialRelationObservation
http://example.org/stkg/id/obs_rel_K2BlackPanther_BTR80_20260205T224119Z_288_d_c	http://example.org/stkg/subjectEntity	http://example.org/stkg/id/platform_K2BlackPanther
http://example.org/stkg/id/obs_rel_K2BlackPanther_BTR80_20260205T224119Z_288_d_c	http://example.org/stkg/objectEntity	http://example.org/stkg/id/platform_BTR80
http://example.org/stkg/id/obs_rel_K2BlackPanther_BTR80_20260205T224119Z_288_d_c	http://example.org/stkg/relationType	http://example.org/stkg/id/relation_behind_of
http://example.org/stkg/id/obs_rel_K2BlackPanther_BTR80_20260205T224119Z_288_d_c	http://example.org/stkg/time	"2026-02-05T22:41:19Z"^^<http://www.w3.org/2001/XMLSchema#dateTime>
http://example.org/stkg/id/obs_rel_K2BlackPanther_T90_20260205T224119Z_288_d_e	http://www.w3.org/1999/02/22-rdf-syntax-ns#type	http://example.org/stkg/id/SpatialRelationObservation
http://example.org/stkg/id/obs_rel_K2BlackPanther_T90_20260205T224119Z_288_d_e	http://example.org/stkg/subjectEntity	http://example.org/stkg/id/platform_K2BlackPanther
http://example.org/stkg/id/obs_rel_K2BlackPanther_T90_20260205T224119Z_288_d_e	http://example.org/stkg/objectEntity	http://example.org/stkg/id/platform_T90
http://example.org/stkg/id/obs_rel_K2BlackPanther_T90_20260205T224119Z_288_d_e	http://example.org/stkg/relationType	http://example.org/stkg/id/relation_ahead_of
http://example.org/stkg/id/obs_rel_K2BlackPanther_T90_20260205T224119Z_288_d_e	http://example.org/stkg/time	"2026-02-05T22:41:19Z"^^<http://www.w3.org/2001/XMLSchema#dateTime>
http://example.org/stkg/id/obs_rel_T90_K2BlackPanther_20260205T224119Z_288_e_d	http://www.w3.org/1999/02/22-rdf-syntax-ns#type	http://example.org/stkg/id/SpatialRelationObservation
http://example.org/stkg/id/obs_rel_T90_K2BlackPanther_20260205T224119Z_288_e_d	http://example.org/stkg/subjectEntity	http://example.org/stkg/id/platform_T90
http://example.org/stkg/id/obs_rel_T90_K2BlackPanther_20260205T224119Z_288_e_d	http://example.org/stkg/objectEntity	http://example.org/stkg/id/platform_K2BlackPanther
http://example.org/stkg/id/obs_rel_T90_K2BlackPanther_20260205T224119Z_288_e_d	http://example.org/stkg/relationType	http://example.org/stkg/id/relation_behind_of
http://example.org/stkg/id/obs_rel_T90_K2BlackPanther_20260205T224119Z_288_e_d	http://example.org/stkg/time	"2026-02-05T22:41:19Z"^^<http://www.w3.org/2001/XMLSchema#dateTime>
http://example.org/stkg/id/obs_rel_BTR80_T90_20260205T224119Z_288_c_e	http://www.w3.org/1999/02/22-rdf-syntax-ns#type	http://example.org/stkg/id/SpatialRelationObservation
http://example.org/stkg/id/obs_rel_BTR80_T90_20260205T224119Z_288_c_e	http://example.org/stkg/subjectEntity	http://example.org/stkg/id/platform_BTR80
http://example.org/stkg/id/obs_rel_BTR80_T90_20260205T224119Z_288_c_e	http://example.org/stkg/objectEntity	http://example.org/stkg/id/platform_T90
http://example.org/stkg/id/obs_rel_BTR80_T90_20260205T224119Z_288_c_e	http://example.org/stkg/relationType	http://example.org/stkg/id/relation_ahead_of
http://example.org/stkg/id/obs_rel_BTR80_T90_20260205T224119Z_288_c_e	http://example.org/stkg/time	"2026-02-05T22:41:19Z"^^<http://www.w3.org/2001/XMLSchema#dateTime>
http://example.org/stkg/id/obs_rel_T90_BTR80_20260205T224119Z_288_e_c	http://www.w3.org/1999/02/22-rdf-syntax-ns#type	http://example.org/stkg/id/SpatialRelationObservation
http://example.org/stkg/id/obs_rel_T90_BTR80_20260205T224119Z_288_e_c	http://example.org/stkg/subjectEntity	http://example.org/stkg/id/platform_T90
http://example.org/stkg/id/obs_rel_T90_BTR80_20260205T224119Z_288_e_c	http://example.org/stkg/objectEntity	http://example.org/stkg/id/platform_BTR80
http://example.org/stkg/id/obs_rel_T90_BTR80_20260205T224119Z_288_e_c	http://example.org/stkg/relationType	http://example.org/stkg/id/relation_behind_of
http://example.org/stkg/id/obs_rel_T90_BTR80_20260205T224119Z_288_e_c	http://example.org/stkg/time	"2026-02-05T22:41:19Z"^^<http://www.w3.org/2001/XMLSchema#dateTime>
http://example.org/stkg/id/obs_rel_BTR80_K2BlackPanther_20260205T224120Z_289_c_d	http://www.w3.org/1999/02/22-rdf-syntax-ns#type	http://example.org/stkg/id/SpatialRelationObservation
http://example.org/stkg/id/obs_rel_BTR80_K2BlackPanther_20260205T224120Z_289_c_d	http://example.org/stkg/subjectEntity	http://example.org/stkg/id/platform_BTR80
http://example.org/stkg/id/obs_rel_BTR80_K2BlackPanther_20260205T224120Z_289_c_d	http://example.org/stkg/objectEntity	http://example.org/stkg/id/platform_K2BlackPanther
http://example.org/stkg/id/obs_rel_BTR80_K2BlackPanther_20260205T224120Z_289_c_d	http://example.org/stkg/relationType	http://example.org/stkg/id/relation_ahead_of
http://example.org/stkg/id/obs_rel_BTR80_K2BlackPanther_20260205T224120Z_289_c_d	http://example.org/stkg/time	"2026-02-05T22:41:20Z"^^<http://www.w3.org/2001/XMLSchema#dateTime>
http://example.org/stkg/id/obs_rel_K2BlackPanther_BTR80_20260205T224120Z_289_d_c	http://www.w3.org/1999/02/22-rdf-syntax-ns#type	http://example.org/stkg/id/SpatialRelationObservation
http://example.org/stkg/id/obs_rel_K2BlackPanther_BTR80_20260205T224120Z_289_d_c	http://example.org/stkg/subjectEntity	http://example.org/stkg/id/platform_K2BlackPanther
http://example.org/stkg/id/obs_rel_K2BlackPanther_BTR80_20260205T224120Z_289_d_c	http://example.org/stkg/objectEntity	http://example.org/stkg/id/platform_BTR80
http://example.org/stkg/id/obs_rel_K2BlackPanther_BTR80_20260205T224120Z_289_d_c	http://example.org/stkg/relationType	http://example.org/stkg/id/relation_behind_of
http://example.org/stkg/id/obs_rel_K2BlackPanther_BTR80_20260205T224120Z_289_d_c	http://example.org/stkg/time	"2026-02-05T22:41:20Z"^^<http://www.w3.org/2001/XMLSchema#dateTime>
http://example.org/stkg/id/obs_rel_K2BlackPanther_T90_20260205T224120Z_289_d_e	http://www.w3.org/1999/02/22-rdf-syntax-ns#type	http://example.org/stkg/id/SpatialRelationObservation
http://example.org/stkg/id/obs_rel_K2BlackPanther_T90_20260205T224120Z_289_d_e	http://example.org/stkg/subjectEntity	http://example.org/stkg/id/platform_K2BlackPanther
http://example.org/stkg/id/obs_rel_K2BlackPanther_T90_20260205T224120Z_289_d_e	http://example.org/stkg/objectEntity	http://example.org/stkg/id/platform_T90
http://example.org/stkg/id/obs_rel_K2BlackPanther_T90_20260205T224120Z_289_d_e	http://example.org/stkg/relationType	http://example.org/stkg/id/relation_ahead_of
http://example.org/stkg/id/obs_rel_K2BlackPanther_T90_20260205T224120Z_289_d_e	http://example.org/stkg/time	"2026-02-05T22:41:20Z"^^<http://www.w3.org/2001/XMLSchema#dateTime>
http://example.org/stkg/id/obs_rel_T90_K2BlackPanther_20260205T224120Z_289_e_d	http://www.w3.org/1999/02/22-rdf-syntax-ns#type	http://example.org/stkg/id/SpatialRelationObservation
http://example.org/stkg/id/obs_rel_T90_K2BlackPanther_20260205T224120Z_289_e_d	http://example.org/stkg/subjectEntity	http://example.org/stkg/id/platform_T90
http://example.org/stkg/id/obs_rel_T90_K2BlackPanther_20260205T224120Z_289_e_d	http://example.org/stkg/objectEntity	http://example.org/stkg/id/platform_K2BlackPanther
http://example.org/stkg/id/obs_rel_T90_K2BlackPanther_20260205T224120Z_289_e_d	http://example.org/stkg/relationType	http://example.org/stkg/id/relation_behind_of
http://example.org/stkg/id/obs_rel_T90_K2BlackPanther_20260205T224120Z_289_e_d	http://example.org/stkg/time	"2026-02-05T22:41:20Z"^^<http://www.w3.org/2001/XMLSchema#dateTime>
http://example.org/stkg/id/obs_rel_BTR80_T90_20260205T224120Z_289_c_e	http://www.w3.org/1999/02/22-rdf-syntax-ns#type	http://example.org/stkg/id/SpatialRelationObservation
http://example.org/stkg/id/obs_rel_BTR80_T90_20260205T224120Z_289_c_e	http://example.org/stkg/subjectEntity	http://example.org/stkg/id/platform_BTR80
http://example.org/stkg/id/obs_rel_BTR80_T90_20260205T224120Z_289_c_e	http://example.org/stkg/objectEntity	http://example.org/stkg/id/platform_T90
http://example.org/stkg/id/obs_rel_BTR80_T90_20260205T224120Z_289_c_e	http://example.org/stkg/relationType	http://example.org/stkg/id/relation_ahead_of
http://example.org/stkg/id/obs_rel_BTR80_T90_20260205T224120Z_289_c_e	http://example.org/stkg/time	"2026-02-05T22:41:20Z"^^<http://www.w3.org/2001/XMLSchema#dateTime>
http://example.org/stkg/id/obs_rel_T90_BTR80_20260205T224120Z_289_e_c	http://www.w3.org/1999/02/22-rdf-syntax-ns#type	http://example.org/stkg/id/SpatialRelationObservation
http://example.org/stkg/id/obs_rel_T90_BTR80_20260205T224120Z_289_e_c	http://example.org/stkg/subjectEntity	http://example.org/stkg/id/platform_T90
http://example.org/stkg/id/obs_rel_T90_BTR80_20260205T224120Z_289_e_c	http://example.org/stkg/objectEntity	http://example.org/stkg/id/platform_BTR80
http://example.org/stkg/id/obs_rel_T90_BTR80_20260205T224120Z_289_e_c	http://example.org/stkg/relationType	http://example.org/stkg/id/relation_behind_of
http://example.org/stkg/id/obs_rel_T90_BTR80_20260205T224120Z_289_e_c	http://example.org/stkg/time	"2026-02-05T22:41:20Z"^^<http://www.w3.org/2001/XMLSchema#dateTime>
http://example.org/stkg/id/obs_rel_BTR80_K2BlackPanther_20260205T224121Z_290_c_d	http://www.w3.org/1999/02/22-rdf-syntax-ns#type	http://example.org/stkg/id/SpatialRelationObservation
http://example.org/stkg/id/obs_rel_BTR80_K2BlackPanther_20260205T224121Z_290_c_d	http://example.org/stkg/subjectEntity	http://example.org/stkg/id/platform_BTR80
http://example.org/stkg/id/obs_rel_BTR80_K2BlackPanther_20260205T224121Z_290_c_d	http://example.org/stkg/objectEntity	http://example.org/stkg/id/platform_K2BlackPanther
http://example.org/stkg/id/obs_rel_BTR80_K2BlackPanther_20260205T224121Z_290_c_d	http://example.org/stkg/relationType	http://example.org/stkg/id/relation_ahead_of
http://example.org/stkg/id/obs_rel_BTR80_K2BlackPanther_20260205T224121Z_290_c_d	http://example.org/stkg/time	"2026-02-05T22:41:21Z"^^<http://www.w3.org/2001/XMLSchema#dateTime>
http://example.org/stkg/id/obs_rel_K2BlackPanther_BTR80_20260205T224121Z_290_d_c	http://www.w3.org/1999/02/22-rdf-syntax-ns#type	http://example.org/stkg/id/SpatialRelationObservation
http://example.org/stkg/id/obs_rel_K2BlackPanther_BTR80_20260205T224121Z_290_d_c	http://example.org/stkg/subjectEntity	http://example.org/stkg/id/platform_K2BlackPanther
http://example.org/stkg/id/obs_rel_K2BlackPanther_BTR80_20260205T224121Z_290_d_c	http://example.org/stkg/objectEntity	http://example.org/stkg/id/platform_BTR80
http://example.org/stkg/id/obs_rel_K2BlackPanther_BTR80_20260205T224121Z_290_d_c	http://example.org/stkg/relationType	http://example.org/stkg/id/relation_behind_of
http://example.org/stkg/id/obs_rel_K2BlackPanther_BTR80_20260205T224121Z_290_d_c	http://example.org/stkg/time	"2026-02-05T22:41:21Z"^^<http://www.w3.org/2001/XMLSchema#dateTime>
http://example.org/stkg/id/obs_rel_K2BlackPanther_T90_20260205T224121Z_290_d_e	http://www.w3.org/1999/02/22-rdf-syntax-ns#type	http://example.org/stkg/id/SpatialRelationObservation
http://example.org/stkg/id/obs_rel_K2BlackPanther_T90_20260205T224121Z_290_d_e	http://example.org/stkg/subjectEntity	http://example.org/stkg/id/platform_K2BlackPanther
http://example.org/stkg/id/obs_rel_K2BlackPanther_T90_20260205T224121Z_290_d_e	http://example.org/stkg/objectEntity	http://example.org/stkg/id/platform_T90
http://example.org/stkg/id/obs_rel_K2BlackPanther_T90_20260205T224121Z_290_d_e	http://example.org/stkg/relationType	http://example.org/stkg/id/relation_ahead_of
http://example.org/stkg/id/obs_rel_K2BlackPanther_T90_20260205T224121Z_290_d_e	http://example.org/stkg/time	"2026-02-05T22:41:21Z"^^<http://www.w3.org/2001/XMLSchema#dateTime>
http://example.org/stkg/id/obs_rel_T90_K2BlackPanther_20260205T224121Z_290_e_d	http://www.w3.org/1999/02/22-rdf-syntax-ns#type	http://example.org/stkg/id/SpatialRelationObservation
http://example.org/stkg/id/obs_rel_T90_K2BlackPanther_20260205T224121Z_290_e_d	http://example.org/stkg/subjectEntity	http://example.org/stkg/id/platform_T90
http://example.org/stkg/id/obs_rel_T90_K2BlackPanther_20260205T224121Z_290_e_d	http://example.org/stkg/objectEntity	http://example.org/stkg/id/platform_K2BlackPanther
http://example.org/stkg/id/obs_rel_T90_K2BlackPanther_20260205T224121Z_290_e_d	http://example.org/stkg/relationType	http://example.org/stkg/id/relation_behind_of
http://example.org/stkg/id/obs_rel_T90_K2BlackPanther_20260205T224121Z_290_e_d	http://example.org/stkg/time	"2026-02-05T22:41:21Z"^^<http://www.w3.org/2001/XMLSchema#dateTime>
http://example.org/stkg/id/obs_rel_BTR80_T90_20260205T224121Z_290_c_e	http://www.w3.org/1999/02/22-rdf-syntax-ns#type	http://example.org/stkg/id/SpatialRelationObservation
http://example.org/stkg/id/obs_rel_BTR80_T90_20260205T224121Z_290_c_e	http://example.org/stkg/subjectEntity	http://example.org/stkg/id/platform_BTR80
http://example.org/stkg/id/obs_rel_BTR80_T90_20260205T224121Z_290_c_e	http://example.org/stkg/objectEntity	http://example.org/stkg/id/platform_T90
http://example.org/stkg/id/obs_rel_BTR80_T90_20260205T224121Z_290_c_e	http://example.org/stkg/relationType	http://example.org/stkg/id/relation_ahead_of
http://example.org/stkg/id/obs_rel_BTR80_T90_20260205T224121Z_290_c_e	http://example.org/stkg/time	"2026-02-05T22:41:21Z"^^<http://www.w3.org/2001/XMLSchema#dateTime>
http://example.org/stkg/id/obs_rel_T90_BTR80_20260205T224121Z_290_e_c	http://www.w3.org/1999/02/22-rdf-syntax-ns#type	http://example.org/stkg/id/SpatialRelationObservation
http://example.org/stkg/id/obs_rel_T90_BTR80_20260205T224121Z_290_e_c	http://example.org/stkg/subjectEntity	http://example.org/stkg/id/platform_T90
http://example.org/stkg/id/obs_rel_T90_BTR80_20260205T224121Z_290_e_c	http://example.org/stkg/objectEntity	http://example.org/stkg/id/platform_BTR80
http://example.org/stkg/id/obs_rel_T90_BTR80_20260205T224121Z_290_e_c	http://example.org/stkg/relationType	http://example.org/stkg/id/relation_behind_of
http://example.org/stkg/id/obs_rel_T90_BTR80_20260205T224121Z_290_e_c	http://example.org/stkg/time	"2026-02-05T22:41:21Z"^^<http://www.w3.org/2001/XMLSchema#dateTime>
http://example.org/stkg/id/obs_rel_BTR80_K2BlackPanther_20260205T224122Z_291_c_d	http://www.w3.org/1999/02/22-rdf-syntax-ns#type	http://example.org/stkg/id/SpatialRelationObservation
http://example.org/stkg/id/obs_rel_BTR80_K2BlackPanther_20260205T224122Z_291_c_d	http://example.org/stkg/subjectEntity	http://example.org/stkg/id/platform_BTR80
http://example.org/stkg/id/obs_rel_BTR80_K2BlackPanther_20260205T224122Z_291_c_d	http://example.org/stkg/objectEntity	http://example.org/stkg/id/platform_K2BlackPanther
http://example.org/stkg/id/obs_rel_BTR80_K2BlackPanther_20260205T224122Z_291_c_d	http://example.org/stkg/relationType	http://example.org/stkg/id/relation_ahead_of
http://example.org/stkg/id/obs_rel_BTR80_K2BlackPanther_20260205T224122Z_291_c_d	http://example.org/stkg/time	"2026-02-05T22:41:22Z"^^<http://www.w3.org/2001/XMLSchema#dateTime>
http://example.org/stkg/id/obs_rel_K2BlackPanther_BTR80_20260205T224122Z_291_d_c	http://www.w3.org/1999/02/22-rdf-syntax-ns#type	http://example.org/stkg/id/SpatialRelationObservation
http://example.org/stkg/id/obs_rel_K2BlackPanther_BTR80_20260205T224122Z_291_d_c	http://example.org/stkg/subjectEntity	http://example.org/stkg/id/platform_K2BlackPanther
http://example.org/stkg/id/obs_rel_K2BlackPanther_BTR80_20260205T224122Z_291_d_c	http://example.org/stkg/objectEntity	http://example.org/stkg/id/platform_BTR80
http://example.org/stkg/id/obs_rel_K2BlackPanther_BTR80_20260205T224122Z_291_d_c	http://example.org/stkg/relationType	http://example.org/stkg/id/relation_behind_of
http://example.org/stkg/id/obs_rel_K2BlackPanther_BTR80_20260205T224122Z_291_d_c	http://example.org/stkg/time	"2026-02-05T22:41:22Z"^^<http://www.w3.org/2001/XMLSchema#dateTime>
http://example.org/stkg/id/obs_rel_K2BlackPanther_T90_20260205T224122Z_291_d_e	http://www.w3.org/1999/02/22-rdf-syntax-ns#type	http://example.org/stkg/id/SpatialRelationObservation
http://example.org/stkg/id/obs_rel_K2BlackPanther_T90_20260205T224122Z_291_d_e	http://example.org/stkg/subjectEntity	http://example.org/stkg/id/platform_K2BlackPanther
http://example.org/stkg/id/obs_rel_K2BlackPanther_T90_20260205T224122Z_291_d_e	http://example.org/stkg/objectEntity	http://example.org/stkg/id/platform_T90
http://example.org/stkg/id/obs_rel_K2BlackPanther_T90_20260205T224122Z_291_d_e	http://example.org/stkg/relationType	http://example.org/stkg/id/relation_ahead_of
http://example.org/stkg/id/obs_rel_K2BlackPanther_T90_20260205T224122Z_291_d_e	http://example.org/stkg/time	"2026-02-05T22:41:22Z"^^<http://www.w3.org/2001/XMLSchema#dateTime>
http://example.org/stkg/id/obs_rel_T90_K2BlackPanther_20260205T224122Z_291_e_d	http://www.w3.org/1999/02/22-rdf-syntax-ns#type	http://example.org/stkg/id/SpatialRelationObservation
http://example.org/stkg/id/obs_rel_T90_K2BlackPanther_20260205T224122Z_291_e_d	http://example.org/stkg/subjectEntity	http://example.org/stkg/id/platform_T90
http://example.org/stkg/id/obs_rel_T90_K2BlackPanther_20260205T224122Z_291_e_d	http://example.org/stkg/objectEntity	http://example.org/stkg/id/platform_K2BlackPanther
http://example.org/stkg/id/obs_rel_T90_K2BlackPanther_20260205T224122Z_291_e_d	http://example.org/stkg/relationType	http://example.org/stkg/id/relation_behind_of
http://example.org/stkg/id/obs_rel_T90_K2BlackPanther_20260205T224122Z_291_e_d	http://example.org/stkg/time	"2026-02-05T22:41:22Z"^^<http://www.w3.org/2001/XMLSchema#dateTime>
http://example.org/stkg/id/obs_rel_BTR80_T90_20260205T224122Z_291_c_e	http://www.w3.org/1999/02/22-rdf-syntax-ns#type	http://example.org/stkg/id/SpatialRelationObservation
http://example.org/stkg/id/obs_rel_BTR80_T90_20260205T224122Z_291_c_e	http://example.org/stkg/subjectEntity	http://example.org/stkg/id/platform_BTR80
http://example.org/stkg/id/obs_rel_BTR80_T90_20260205T224122Z_291_c_e	http://example.org/stkg/objectEntity	http://example.org/stkg/id/platform_T90
http://example.org/stkg/id/obs_rel_BTR80_T90_20260205T224122Z_291_c_e	http://example.org/stkg/relationType	http://example.org/stkg/id/relation_ahead_of
http://example.org/stkg/id/obs_rel_BTR80_T90_20260205T224122Z_291_c_e	http://example.org/stkg/time	"2026-02-05T22:41:22Z"^^<http://www.w3.org/2001/XMLSchema#dateTime>
http://example.org/stkg/id/obs_rel_T90_BTR80_20260205T224122Z_291_e_c	http://www.w3.org/1999/02/22-rdf-syntax-ns#type	http://example.org/stkg/id/SpatialRelationObservation
http://example.org/stkg/id/obs_rel_T90_BTR80_20260205T224122Z_291_e_c	http://example.org/stkg/subjectEntity	http://example.org/stkg/id/platform_T90
http://example.org/stkg/id/obs_rel_T90_BTR80_20260205T224122Z_291_e_c	http://example.org/stkg/objectEntity	http://example.org/stkg/id/platform_BTR80
http://example.org/stkg/id/obs_rel_T90_BTR80_20260205T224122Z_291_e_c	http://example.org/stkg/relationType	http://example.org/stkg/id/relation_behind_of
http://example.org/stkg/id/obs_rel_T90_BTR80_20260205T224122Z_291_e_c	http://example.org/stkg/time	"2026-02-05T22:41:22Z"^^<http://www.w3.org/2001/XMLSchema#dateTime>
http://example.org/stkg/id/obs_rel_BTR80_K2BlackPanther_20260205T224123Z_292_c_d	http://www.w3.org/1999/02/22-rdf-syntax-ns#type	http://example.org/stkg/id/SpatialRelationObservation
http://example.org/stkg/id/obs_rel_BTR80_K2BlackPanther_20260205T224123Z_292_c_d	http://example.org/stkg/subjectEntity	http://example.org/stkg/id/platform_BTR80
http://example.org/stkg/id/obs_rel_BTR80_K2BlackPanther_20260205T224123Z_292_c_d	http://example.org/stkg/objectEntity	http://example.org/stkg/id/platform_K2BlackPanther
http://example.org/stkg/id/obs_rel_BTR80_K2BlackPanther_20260205T224123Z_292_c_d	http://example.org/stkg/relationType	http://example.org/stkg/id/relation_ahead_of
http://example.org/stkg/id/obs_rel_BTR80_K2BlackPanther_20260205T224123Z_292_c_d	http://example.org/stkg/time	"2026-02-05T22:41:23Z"^^<http://www.w3.org/2001/XMLSchema#dateTime>
http://example.org/stkg/id/obs_rel_K2BlackPanther_BTR80_20260205T224123Z_292_d_c	http://www.w3.org/1999/02/22-rdf-syntax-ns#type	http://example.org/stkg/id/SpatialRelationObservation
http://example.org/stkg/id/obs_rel_K2BlackPanther_BTR80_20260205T224123Z_292_d_c	http://example.org/stkg/subjectEntity	http://example.org/stkg/id/platform_K2BlackPanther
http://example.org/stkg/id/obs_rel_K2BlackPanther_BTR80_20260205T224123Z_292_d_c	http://example.org/stkg/objectEntity	http://example.org/stkg/id/platform_BTR80
http://example.org/stkg/id/obs_rel_K2BlackPanther_BTR80_20260205T224123Z_292_d_c	http://example.org/stkg/relationType	http://example.org/stkg/id/relation_behind_of
http://example.org/stkg/id/obs_rel_K2BlackPanther_BTR80_20260205T224123Z_292_d_c	http://example.org/stkg/time	"2026-02-05T22:41:23Z"^^<http://www.w3.org/2001/XMLSchema#dateTime>
http://example.org/stkg/id/obs_rel_K2BlackPanther_T90_20260205T224123Z_292_d_e	http://www.w3.org/1999/02/22-rdf-syntax-ns#type	http://example.org/stkg/id/SpatialRelationObservation
http://example.org/stkg/id/obs_rel_K2BlackPanther_T90_20260205T224123Z_292_d_e	http://example.org/stkg/subjectEntity	http://example.org/stkg/id/platform_K2BlackPanther
http://example.org/stkg/id/obs_rel_K2BlackPanther_T90_20260205T224123Z_292_d_e	http://example.org/stkg/objectEntity	http://example.org/stkg/id/platform_T90
http://example.org/stkg/id/obs_rel_K2BlackPanther_T90_20260205T224123Z_292_d_e	http://example.org/stkg/relationType	http://example.org/stkg/id/relation_ahead_of
http://example.org/stkg/id/obs_rel_K2BlackPanther_T90_20260205T224123Z_292_d_e	http://example.org/stkg/time	"2026-02-05T22:41:23Z"^^<http://www.w3.org/2001/XMLSchema#dateTime>
http://example.org/stkg/id/obs_rel_T90_K2BlackPanther_20260205T224123Z_292_e_d	http://www.w3.org/1999/02/22-rdf-syntax-ns#type	http://example.org/stkg/id/SpatialRelationObservation
http://example.org/stkg/id/obs_rel_T90_K2BlackPanther_20260205T224123Z_292_e_d	http://example.org/stkg/subjectEntity	http://example.org/stkg/id/platform_T90
http://example.org/stkg/id/obs_rel_T90_K2BlackPanther_20260205T224123Z_292_e_d	http://example.org/stkg/objectEntity	http://example.org/stkg/id/platform_K2BlackPanther
http://example.org/stkg/id/obs_rel_T90_K2BlackPanther_20260205T224123Z_292_e_d	http://example.org/stkg/relationType	http://example.org/stkg/id/relation_behind_of
http://example.org/stkg/id/obs_rel_T90_K2BlackPanther_20260205T224123Z_292_e_d	http://example.org/stkg/time	"2026-02-05T22:41:23Z"^^<http://www.w3.org/2001/XMLSchema#dateTime>
http://example.org/stkg/id/obs_rel_BTR80_T90_20260205T224123Z_292_c_e	http://www.w3.org/1999/02/22-rdf-syntax-ns#type	http://example.org/stkg/id/SpatialRelationObservation
http://example.org/stkg/id/obs_rel_BTR80_T90_20260205T224123Z_292_c_e	http://example.org/stkg/subjectEntity	http://example.org/stkg/id/platform_BTR80
http://example.org/stkg/id/obs_rel_BTR80_T90_20260205T224123Z_292_c_e	http://example.org/stkg/objectEntity	http://example.org/stkg/id/platform_T90
http://example.org/stkg/id/obs_rel_BTR80_T90_20260205T224123Z_292_c_e	http://example.org/stkg/relationType	http://example.org/stkg/id/relation_ahead_of
http://example.org/stkg/id/obs_rel_BTR80_T90_20260205T224123Z_292_c_e	http://example.org/stkg/time	"2026-02-05T22:41:23Z"^^<http://www.w3.org/2001/XMLSchema#dateTime>
http://example.org/stkg/id/obs_rel_T90_BTR80_20260205T224123Z_292_e_c	http://www.w3.org/1999/02/22-rdf-syntax-ns#type	http://example.org/stkg/id/SpatialRelationObservation
http://example.org/stkg/id/obs_rel_T90_BTR80_20260205T224123Z_292_e_c	http://example.org/stkg/subjectEntity	http://example.org/stkg/id/platform_T90
http://example.org/stkg/id/obs_rel_T90_BTR80_20260205T224123Z_292_e_c	http://example.org/stkg/objectEntity	http://example.org/stkg/id/platform_BTR80
http://example.org/stkg/id/obs_rel_T90_BTR80_20260205T224123Z_292_e_c	http://example.org/stkg/relationType	http://example.org/stkg/id/relation_behind_of
http://example.org/stkg/id/obs_rel_T90_BTR80_20260205T224123Z_292_e_c	http://example.org/stkg/time	"2026-02-05T22:41:23Z"^^<http://www.w3.org/2001/XMLSchema#dateTime>
http://example.org/stkg/id/obs_rel_BTR80_K2BlackPanther_20260205T224124Z_293_c_d	http://www.w3.org/1999/02/22-rdf-syntax-ns#type	http://example.org/stkg/id/SpatialRelationObservation
http://example.org/stkg/id/obs_rel_BTR80_K2BlackPanther_20260205T224124Z_293_c_d	http://example.org/stkg/subjectEntity	http://example.org/stkg/id/platform_BTR80
http://example.org/stkg/id/obs_rel_BTR80_K2BlackPanther_20260205T224124Z_293_c_d	http://example.org/stkg/objectEntity	http://example.org/stkg/id/platform_K2BlackPanther
http://example.org/stkg/id/obs_rel_BTR80_K2BlackPanther_20260205T224124Z_293_c_d	http://example.org/stkg/relationType	http://example.org/stkg/id/relation_ahead_of
http://example.org/stkg/id/obs_rel_BTR80_K2BlackPanther_20260205T224124Z_293_c_d	http://example.org/stkg/time	"2026-02-05T22:41:24Z"^^<http://www.w3.org/2001/XMLSchema#dateTime>
http://example.org/stkg/id/obs_rel_K2BlackPanther_BTR80_20260205T224124Z_293_d_c	http://www.w3.org/1999/02/22-rdf-syntax-ns#type	http://example.org/stkg/id/SpatialRelationObservation
http://example.org/stkg/id/obs_rel_K2BlackPanther_BTR80_20260205T224124Z_293_d_c	http://example.org/stkg/subjectEntity	http://example.org/stkg/id/platform_K2BlackPanther
http://example.org/stkg/id/obs_rel_K2BlackPanther_BTR80_20260205T224124Z_293_d_c	http://example.org/stkg/objectEntity	http://example.org/stkg/id/platform_BTR80
http://example.org/stkg/id/obs_rel_K2BlackPanther_BTR80_20260205T224124Z_293_d_c	http://example.org/stkg/relationType	http://example.org/stkg/id/relation_behind_of
http://example.org/stkg/id/obs_rel_K2BlackPanther_BTR80_20260205T224124Z_293_d_c	http://example.org/stkg/time	"2026-02-05T22:41:24Z"^^<http://www.w3.org/2001/XMLSchema#dateTime>
http://example.org/stkg/id/obs_rel_K2BlackPanther_T90_20260205T224124Z_293_d_e	http://www.w3.org/1999/02/22-rdf-syntax-ns#type	http://example.org/stkg/id/SpatialRelationObservation
http://example.org/stkg/id/obs_rel_K2BlackPanther_T90_20260205T224124Z_293_d_e	http://example.org/stkg/subjectEntity	http://example.org/stkg/id/platform_K2BlackPanther
http://example.org/stkg/id/obs_rel_K2BlackPanther_T90_20260205T224124Z_293_d_e	http://example.org/stkg/objectEntity	http://example.org/stkg/id/platform_T90
http://example.org/stkg/id/obs_rel_K2BlackPanther_T90_20260205T224124Z_293_d_e	http://example.org/stkg/relationType	http://example.org/stkg/id/relation_ahead_of
http://example.org/stkg/id/obs_rel_K2BlackPanther_T90_20260205T224124Z_293_d_e	http://example.org/stkg/time	"2026-02-05T22:41:24Z"^^<http://www.w3.org/2001/XMLSchema#dateTime>
http://example.org/stkg/id/obs_rel_T90_K2BlackPanther_20260205T224124Z_293_e_d	http://www.w3.org/1999/02/22-rdf-syntax-ns#type	http://example.org/stkg/id/SpatialRelationObservation
http://example.org/stkg/id/obs_rel_T90_K2BlackPanther_20260205T224124Z_293_e_d	http://example.org/stkg/subjectEntity	http://example.org/stkg/id/platform_T90
http://example.org/stkg/id/obs_rel_T90_K2BlackPanther_20260205T224124Z_293_e_d	http://example.org/stkg/objectEntity	http://example.org/stkg/id/platform_K2BlackPanther
http://example.org/stkg/id/obs_rel_T90_K2BlackPanther_20260205T224124Z_293_e_d	http://example.org/stkg/relationType	http://example.org/stkg/id/relation_behind_of
http://example.org/stkg/id/obs_rel_T90_K2BlackPanther_20260205T224124Z_293_e_d	http://example.org/stkg/time	"2026-02-05T22:41:24Z"^^<http://www.w3.org/2001/XMLSchema#dateTime>
http://example.org/stkg/id/obs_rel_BTR80_T90_20260205T224124Z_293_c_e	http://www.w3.org/1999/02/22-rdf-syntax-ns#type	http://example.org/stkg/id/SpatialRelationObservation
http://example.org/stkg/id/obs_rel_BTR80_T90_20260205T224124Z_293_c_e	http://example.org/stkg/subjectEntity	http://example.org/stkg/id/platform_BTR80
http://example.org/stkg/id/obs_rel_BTR80_T90_20260205T224124Z_293_c_e	http://example.org/stkg/objectEntity	http://example.org/stkg/id/platform_T90
http://example.org/stkg/id/obs_rel_BTR80_T90_20260205T224124Z_293_c_e	http://example.org/stkg/relationType	http://example.org/stkg/id/relation_ahead_of
http://example.org/stkg/id/obs_rel_BTR80_T90_20260205T224124Z_293_c_e	http://example.org/stkg/time	"2026-02-05T22:41:24Z"^^<http://www.w3.org/2001/XMLSchema#dateTime>
http://example.org/stkg/id/obs_rel_T90_BTR80_20260205T224124Z_293_e_c	http://www.w3.org/1999/02/22-rdf-syntax-ns#type	http://example.org/stkg/id/SpatialRelationObservation
http://example.org/stkg/id/obs_rel_T90_BTR80_20260205T224124Z_293_e_c	http://example.org/stkg/subjectEntity	http://example.org/stkg/id/platform_T90
http://example.org/stkg/id/obs_rel_T90_BTR80_20260205T224124Z_293_e_c	http://example.org/stkg/objectEntity	http://example.org/stkg/id/platform_BTR80
http://example.org/stkg/id/obs_rel_T90_BTR80_20260205T224124Z_293_e_c	http://example.org/stkg/relationType	http://example.org/stkg/id/relation_behind_of
http://example.org/stkg/id/obs_rel_T90_BTR80_20260205T224124Z_293_e_c	http://example.org/stkg/time	"2026-02-05T22:41:24Z"^^<http://www.w3.org/2001/XMLSchema#dateTime>
http://example.org/stkg/id/obs_rel_BTR80_K2BlackPanther_20260205T224125Z_294_c_d	http://www.w3.org/1999/02/22-rdf-syntax-ns#type	http://example.org/stkg/id/SpatialRelationObservation
http://example.org/stkg/id/obs_rel_BTR80_K2BlackPanther_20260205T224125Z_294_c_d	http://example.org/stkg/subjectEntity	http://example.org/stkg/id/platform_BTR80
http://example.org/stkg/id/obs_rel_BTR80_K2BlackPanther_20260205T224125Z_294_c_d	http://example.org/stkg/objectEntity	http://example.org/stkg/id/platform_K2BlackPanther
http://example.org/stkg/id/obs_rel_BTR80_K2BlackPanther_20260205T224125Z_294_c_d	http://example.org/stkg/relationType	http://example.org/stkg/id/relation_ahead_of
http://example.org/stkg/id/obs_rel_BTR80_K2BlackPanther_20260205T224125Z_294_c_d	http://example.org/stkg/time	"2026-02-05T22:41:25Z"^^<http://www.w3.org/2001/XMLSchema#dateTime>
http://example.org/stkg/id/obs_rel_K2BlackPanther_BTR80_20260205T224125Z_294_d_c	http://www.w3.org/1999/02/22-rdf-syntax-ns#type	http://example.org/stkg/id/SpatialRelationObservation
http://example.org/stkg/id/obs_rel_K2BlackPanther_BTR80_20260205T224125Z_294_d_c	http://example.org/stkg/subjectEntity	http://example.org/stkg/id/platform_K2BlackPanther
http://example.org/stkg/id/obs_rel_K2BlackPanther_BTR80_20260205T224125Z_294_d_c	http://example.org/stkg/objectEntity	http://example.org/stkg/id/platform_BTR80
http://example.org/stkg/id/obs_rel_K2BlackPanther_BTR80_20260205T224125Z_294_d_c	http://example.org/stkg/relationType	http://example.org/stkg/id/relation_behind_of
http://example.org/stkg/id/obs_rel_K2BlackPanther_BTR80_20260205T224125Z_294_d_c	http://example.org/stkg/time	"2026-02-05T22:41:25Z"^^<http://www.w3.org/2001/XMLSchema#dateTime>
http://example.org/stkg/id/obs_rel_K2BlackPanther_T90_20260205T224125Z_294_d_e	http://www.w3.org/1999/02/22-rdf-syntax-ns#type	http://example.org/stkg/id/SpatialRelationObservation
http://example.org/stkg/id/obs_rel_K2BlackPanther_T90_20260205T224125Z_294_d_e	http://example.org/stkg/subjectEntity	http://example.org/stkg/id/platform_K2BlackPanther
http://example.org/stkg/id/obs_rel_K2BlackPanther_T90_20260205T224125Z_294_d_e	http://example.org/stkg/objectEntity	http://example.org/stkg/id/platform_T90
http://example.org/stkg/id/obs_rel_K2BlackPanther_T90_20260205T224125Z_294_d_e	http://example.org/stkg/relationType	http://example.org/stkg/id/relation_ahead_of
http://example.org/stkg/id/obs_rel_K2BlackPanther_T90_20260205T224125Z_294_d_e	http://example.org/stkg/time	"2026-02-05T22:41:25Z"^^<http://www.w3.org/2001/XMLSchema#dateTime>
http://example.org/stkg/id/obs_rel_T90_K2BlackPanther_20260205T224125Z_294_e_d	http://www.w3.org/1999/02/22-rdf-syntax-ns#type	http://example.org/stkg/id/SpatialRelationObservation
http://example.org/stkg/id/obs_rel_T90_K2BlackPanther_20260205T224125Z_294_e_d	http://example.org/stkg/subjectEntity	http://example.org/stkg/id/platform_T90
http://example.org/stkg/id/obs_rel_T90_K2BlackPanther_20260205T224125Z_294_e_d	http://example.org/stkg/objectEntity	http://example.org/stkg/id/platform_K2BlackPanther
http://example.org/stkg/id/obs_rel_T90_K2BlackPanther_20260205T224125Z_294_e_d	http://example.org/stkg/relationType	http://example.org/stkg/id/relation_behind_of
http://example.org/stkg/id/obs_rel_T90_K2BlackPanther_20260205T224125Z_294_e_d	http://example.org/stkg/time	"2026-02-05T22:41:25Z"^^<http://www.w3.org/2001/XMLSchema#dateTime>
http://example.org/stkg/id/obs_rel_BTR80_T90_20260205T224125Z_294_c_e	http://www.w3.org/1999/02/22-rdf-syntax-ns#type	http://example.org/stkg/id/SpatialRelationObservation
http://example.org/stkg/id/obs_rel_BTR80_T90_20260205T224125Z_294_c_e	http://example.org/stkg/subjectEntity	http://example.org/stkg/id/platform_BTR80
http://example.org/stkg/id/obs_rel_BTR80_T90_20260205T224125Z_294_c_e	http://example.org/stkg/objectEntity	http://example.org/stkg/id/platform_T90
http://example.org/stkg/id/obs_rel_BTR80_T90_20260205T224125Z_294_c_e	http://example.org/stkg/relationType	http://example.org/stkg/id/relation_ahead_of
http://example.org/stkg/id/obs_rel_BTR80_T90_20260205T224125Z_294_c_e	http://example.org/stkg/time	"2026-02-05T22:41:25Z"^^<http://www.w3.org/2001/XMLSchema#dateTime>
http://example.org/stkg/id/obs_rel_T90_BTR80_20260205T224125Z_294_e_c	http://www.w3.org/1999/02/22-rdf-syntax-ns#type	http://example.org/stkg/id/SpatialRelationObservation
http://example.org/stkg/id/obs_rel_T90_BTR80_20260205T224125Z_294_e_c	http://example.org/stkg/subjectEntity	http://example.org/stkg/id/platform_T90
http://example.org/stkg/id/obs_rel_T90_BTR80_20260205T224125Z_294_e_c	http://example.org/stkg/objectEntity	http://example.org/stkg/id/platform_BTR80
http://example.org/stkg/id/obs_rel_T90_BTR80_20260205T224125Z_294_e_c	http://example.org/stkg/relationType	http://example.org/stkg/id/relation_behind_of
http://example.org/stkg/id/obs_rel_T90_BTR80_20260205T224125Z_294_e_c	http://example.org/stkg/time	"2026-02-05T22:41:25Z"^^<http://www.w3.org/2001/XMLSchema#dateTime>
http://example.org/stkg/id/obs_rel_BTR80_K2BlackPanther_20260205T224126Z_295_c_d	http://www.w3.org/1999/02/22-rdf-syntax-ns#type	http://example.org/stkg/id/SpatialRelationObservation
http://example.org/stkg/id/obs_rel_BTR80_K2BlackPanther_20260205T224126Z_295_c_d	http://example.org/stkg/subjectEntity	http://example.org/stkg/id/platform_BTR80
http://example.org/stkg/id/obs_rel_BTR80_K2BlackPanther_20260205T224126Z_295_c_d	http://example.org/stkg/objectEntity	http://example.org/stkg/id/platform_K2BlackPanther
http://example.org/stkg/id/obs_rel_BTR80_K2BlackPanther_20260205T224126Z_295_c_d	http://example.org/stkg/relationType	http://example.org/stkg/id/relation_ahead_of
http://example.org/stkg/id/obs_rel_BTR80_K2BlackPanther_20260205T224126Z_295_c_d	http://example.org/stkg/time	"2026-02-05T22:41:26Z"^^<http://www.w3.org/2001/XMLSchema#dateTime>
http://example.org/stkg/id/obs_rel_K2BlackPanther_BTR80_20260205T224126Z_295_d_c	http://www.w3.org/1999/02/22-rdf-syntax-ns#type	http://example.org/stkg/id/SpatialRelationObservation
http://example.org/stkg/id/obs_rel_K2BlackPanther_BTR80_20260205T224126Z_295_d_c	http://example.org/stkg/subjectEntity	http://example.org/stkg/id/platform_K2BlackPanther
http://example.org/stkg/id/obs_rel_K2BlackPanther_BTR80_20260205T224126Z_295_d_c	http://example.org/stkg/objectEntity	http://example.org/stkg/id/platform_BTR80
http://example.org/stkg/id/obs_rel_K2BlackPanther_BTR80_20260205T224126Z_295_d_c	http://example.org/stkg/relationType	http://example.org/stkg/id/relation_behind_of
http://example.org/stkg/id/obs_rel_K2BlackPanther_BTR80_20260205T224126Z_295_d_c	http://example.org/stkg/time	"2026-02-05T22:41:26Z"^^<http://www.w3.org/2001/XMLSchema#dateTime>
http://example.org/stkg/id/obs_rel_K2BlackPanther_T90_20260205T224126Z_295_d_e	http://www.w3.org/1999/02/22-rdf-syntax-ns#type	http://example.org/stkg/id/SpatialRelationObservation
http://example.org/stkg/id/obs_rel_K2BlackPanther_T90_20260205T224126Z_295_d_e	http://example.org/stkg/subjectEntity	http://example.org/stkg/id/platform_K2BlackPanther
http://example.org/stkg/id/obs_rel_K2BlackPanther_T90_20260205T224126Z_295_d_e	http://example.org/stkg/objectEntity	http://example.org/stkg/id/platform_T90
http://example.org/stkg/id/obs_rel_K2BlackPanther_T90_20260205T224126Z_295_d_e	http://example.org/stkg/relationType	http://example.org/stkg/id/relation_ahead_of
http://example.org/stkg/id/obs_rel_K2BlackPanther_T90_20260205T224126Z_295_d_e	http://example.org/stkg/time	"2026-02-05T22:41:26Z"^^<http://www.w3.org/2001/XMLSchema#dateTime>
http://example.org/stkg/id/obs_rel_T90_K2BlackPanther_20260205T224126Z_295_e_d	http://www.w3.org/1999/02/22-rdf-syntax-ns#type	http://example.org/stkg/id/SpatialRelationObservation
http://example.org/stkg/id/obs_rel_T90_K2BlackPanther_20260205T224126Z_295_e_d	http://example.org/stkg/subjectEntity	http://example.org/stkg/id/platform_T90
http://example.org/stkg/id/obs_rel_T90_K2BlackPanther_20260205T224126Z_295_e_d	http://example.org/stkg/objectEntity	http://example.org/stkg/id/platform_K2BlackPanther
http://example.org/stkg/id/obs_rel_T90_K2BlackPanther_20260205T224126Z_295_e_d	http://example.org/stkg/relationType	http://example.org/stkg/id/relation_behind_of
http://example.org/stkg/id/obs_rel_T90_K2BlackPanther_20260205T224126Z_295_e_d	http://example.org/stkg/time	"2026-02-05T22:41:26Z"^^<http://www.w3.org/2001/XMLSchema#dateTime>
http://example.org/stkg/id/obs_rel_BTR80_T90_20260205T224126Z_295_c_e	http://www.w3.org/1999/02/22-rdf-syntax-ns#type	http://example.org/stkg/id/SpatialRelationObservation
http://example.org/stkg/id/obs_rel_BTR80_T90_20260205T224126Z_295_c_e	http://example.org/stkg/subjectEntity	http://example.org/stkg/id/platform_BTR80
http://example.org/stkg/id/obs_rel_BTR80_T90_20260205T224126Z_295_c_e	http://example.org/stkg/objectEntity	http://example.org/stkg/id/platform_T90
http://example.org/stkg/id/obs_rel_BTR80_T90_20260205T224126Z_295_c_e	http://example.org/stkg/relationType	http://example.org/stkg/id/relation_ahead_of
http://example.org/stkg/id/obs_rel_BTR80_T90_20260205T224126Z_295_c_e	http://example.org/stkg/time	"2026-02-05T22:41:26Z"^^<http://www.w3.org/2001/XMLSchema#dateTime>
http://example.org/stkg/id/obs_rel_T90_BTR80_20260205T224126Z_295_e_c	http://www.w3.org/1999/02/22-rdf-syntax-ns#type	http://example.org/stkg/id/SpatialRelationObservation
http://example.org/stkg/id/obs_rel_T90_BTR80_20260205T224126Z_295_e_c	http://example.org/stkg/subjectEntity	http://example.org/stkg/id/platform_T90
http://example.org/stkg/id/obs_rel_T90_BTR80_20260205T224126Z_295_e_c	http://example.org/stkg/objectEntity	http://example.org/stkg/id/platform_BTR80
http://example.org/stkg/id/obs_rel_T90_BTR80_20260205T224126Z_295_e_c	http://example.org/stkg/relationType	http://example.org/stkg/id/relation_behind_of
http://example.org/stkg/id/obs_rel_T90_BTR80_20260205T224126Z_295_e_c	http://example.org/stkg/time	"2026-02-05T22:41:26Z"^^<http://www.w3.org/2001/XMLSchema#dateTime>
http://example.org/stkg/id/obs_rel_BTR80_K2BlackPanther_20260205T224127Z_296_c_d	http://www.w3.org/1999/02/22-rdf-syntax-ns#type	http://example.org/stkg/id/SpatialRelationObservation
http://example.org/stkg/id/obs_rel_BTR80_K2BlackPanther_20260205T224127Z_296_c_d	http://example.org/stkg/subjectEntity	http://example.org/stkg/id/platform_BTR80
http://example.org/stkg/id/obs_rel_BTR80_K2BlackPanther_20260205T224127Z_296_c_d	http://example.org/stkg/objectEntity	http://example.org/stkg/id/platform_K2BlackPanther
http://example.org/stkg/id/obs_rel_BTR80_K2BlackPanther_20260205T224127Z_296_c_d	http://example.org/stkg/relationType	http://example.org/stkg/id/relation_ahead_of
http://example.org/stkg/id/obs_rel_BTR80_K2BlackPanther_20260205T224127Z_296_c_d	http://example.org/stkg/time	"2026-02-05T22:41:27Z"^^<http://www.w3.org/2001/XMLSchema#dateTime>
http://example.org/stkg/id/obs_rel_K2BlackPanther_BTR80_20260205T224127Z_296_d_c	http://www.w3.org/1999/02/22-rdf-syntax-ns#type	http://example.org/stkg/id/SpatialRelationObservation
http://example.org/stkg/id/obs_rel_K2BlackPanther_BTR80_20260205T224127Z_296_d_c	http://example.org/stkg/subjectEntity	http://example.org/stkg/id/platform_K2BlackPanther
http://example.org/stkg/id/obs_rel_K2BlackPanther_BTR80_20260205T224127Z_296_d_c	http://example.org/stkg/objectEntity	http://example.org/stkg/id/platform_BTR80
http://example.org/stkg/id/obs_rel_K2BlackPanther_BTR80_20260205T224127Z_296_d_c	http://example.org/stkg/relationType	http://example.org/stkg/id/relation_behind_of
http://example.org/stkg/id/obs_rel_K2BlackPanther_BTR80_20260205T224127Z_296_d_c	http://example.org/stkg/time	"2026-02-05T22:41:27Z"^^<http://www.w3.org/2001/XMLSchema#dateTime>
http://example.org/stkg/id/obs_rel_K2BlackPanther_T90_20260205T224127Z_296_d_e	http://www.w3.org/1999/02/22-rdf-syntax-ns#type	http://example.org/stkg/id/SpatialRelationObservation
http://example.org/stkg/id/obs_rel_K2BlackPanther_T90_20260205T224127Z_296_d_e	http://example.org/stkg/subjectEntity	http://example.org/stkg/id/platform_K2BlackPanther
http://example.org/stkg/id/obs_rel_K2BlackPanther_T90_20260205T224127Z_296_d_e	http://example.org/stkg/objectEntity	http://example.org/stkg/id/platform_T90
http://example.org/stkg/id/obs_rel_K2BlackPanther_T90_20260205T224127Z_296_d_e	http://example.org/stkg/relationType	http://example.org/stkg/id/relation_ahead_of
http://example.org/stkg/id/obs_rel_K2BlackPanther_T90_20260205T224127Z_296_d_e	http://example.org/stkg/time	"2026-02-05T22:41:27Z"^^<http://www.w3.org/2001/XMLSchema#dateTime>
http://example.org/stkg/id/obs_rel_T90_K2BlackPanther_20260205T224127Z_296_e_d	http://www.w3.org/1999/02/22-rdf-syntax-ns#type	http://example.org/stkg/id/SpatialRelationObservation
http://example.org/stkg/id/obs_rel_T90_K2BlackPanther_20260205T224127Z_296_e_d	http://example.org/stkg/subjectEntity	http://example.org/stkg/id/platform_T90
http://example.org/stkg/id/obs_rel_T90_K2BlackPanther_20260205T224127Z_296_e_d	http://example.org/stkg/objectEntity	http://example.org/stkg/id/platform_K2BlackPanther
http://example.org/stkg/id/obs_rel_T90_K2BlackPanther_20260205T224127Z_296_e_d	http://example.org/stkg/relationType	http://example.org/stkg/id/relation_behind_of
http://example.org/stkg/id/obs_rel_T90_K2BlackPanther_20260205T224127Z_296_e_d	http://example.org/stkg/time	"2026-02-05T22:41:27Z"^^<http://www.w3.org/2001/XMLSchema#dateTime>
http://example.org/stkg/id/obs_rel_BTR80_T90_20260205T224127Z_296_c_e	http://www.w3.org/1999/02/22-rdf-syntax-ns#type	http://example.org/stkg/id/SpatialRelationObservation
http://example.org/stkg/id/obs_rel_BTR80_T90_20260205T224127Z_296_c_e	http://example.org/stkg/subjectEntity	http://example.org/stkg/id/platform_BTR80
http://example.org/stkg/id/obs_rel_BTR80_T90_20260205T224127Z_296_c_e	http://example.org/stkg/objectEntity	http://example.org/stkg/id/platform_T90
http://example.org/stkg/id/obs_rel_BTR80_T90_20260205T224127Z_296_c_e	http://example.org/stkg/relationType	http://example.org/stkg/id/relation_ahead_of
http://example.org/stkg/id/obs_rel_BTR80_T90_20260205T224127Z_296_c_e	http://example.org/stkg/time	"2026-02-05T22:41:27Z"^^<http://www.w3.org/2001/XMLSchema#dateTime>
http://example.org/stkg/id/obs_rel_T90_BTR80_20260205T224127Z_296_e_c	http://www.w3.org/1999/02/22-rdf-syntax-ns#type	http://example.org/stkg/id/SpatialRelationObservation
http://example.org/stkg/id/obs_rel_T90_BTR80_20260205T224127Z_296_e_c	http://example.org/stkg/subjectEntity	http://example.org/stkg/id/platform_T90
http://example.org/stkg/id/obs_rel_T90_BTR80_20260205T224127Z_296_e_c	http://example.org/stkg/objectEntity	http://example.org/stkg/id/platform_BTR80
http://example.org/stkg/id/obs_rel_T90_BTR80_20260205T224127Z_296_e_c	http://example.org/stkg/relationType	http://example.org/stkg/id/relation_behind_of
http://example.org/stkg/id/obs_rel_T90_BTR80_20260205T224127Z_296_e_c	http://example.org/stkg/time	"2026-02-05T22:41:27Z"^^<http://www.w3.org/2001/XMLSchema#dateTime>
http://example.org/stkg/id/obs_rel_BTR80_K2BlackPanther_20260205T224128Z_297_c_d	http://www.w3.org/1999/02/22-rdf-syntax-ns#type	http://example.org/stkg/id/SpatialRelationObservation
http://example.org/stkg/id/obs_rel_BTR80_K2BlackPanther_20260205T224128Z_297_c_d	http://example.org/stkg/subjectEntity	http://example.org/stkg/id/platform_BTR80
http://example.org/stkg/id/obs_rel_BTR80_K2BlackPanther_20260205T224128Z_297_c_d	http://example.org/stkg/objectEntity	http://example.org/stkg/id/platform_K2BlackPanther
http://example.org/stkg/id/obs_rel_BTR80_K2BlackPanther_20260205T224128Z_297_c_d	http://example.org/stkg/relationType	http://example.org/stkg/id/relation_ahead_of
http://example.org/stkg/id/obs_rel_BTR80_K2BlackPanther_20260205T224128Z_297_c_d	http://example.org/stkg/time	"2026-02-05T22:41:28Z"^^<http://www.w3.org/2001/XMLSchema#dateTime>
http://example.org/stkg/id/obs_rel_K2BlackPanther_BTR80_20260205T224128Z_297_d_c	http://www.w3.org/1999/02/22-rdf-syntax-ns#type	http://example.org/stkg/id/SpatialRelationObservation
http://example.org/stkg/id/obs_rel_K2BlackPanther_BTR80_20260205T224128Z_297_d_c	http://example.org/stkg/subjectEntity	http://example.org/stkg/id/platform_K2BlackPanther
http://example.org/stkg/id/obs_rel_K2BlackPanther_BTR80_20260205T224128Z_297_d_c	http://example.org/stkg/objectEntity	http://example.org/stkg/id/platform_BTR80
http://example.org/stkg/id/obs_rel_K2BlackPanther_BTR80_20260205T224128Z_297_d_c	http://example.org/stkg/relationType	http://example.org/stkg/id/relation_behind_of
http://example.org/stkg/id/obs_rel_K2BlackPanther_BTR80_20260205T224128Z_297_d_c	http://example.org/stkg/time	"2026-02-05T22:41:28Z"^^<http://www.w3.org/2001/XMLSchema#dateTime>
http://example.org/stkg/id/obs_rel_K2BlackPanther_T90_20260205T224128Z_297_d_e	http://www.w3.org/1999/02/22-rdf-syntax-ns#type	http://example.org/stkg/id/SpatialRelationObservation
http://example.org/stkg/id/obs_rel_K2BlackPanther_T90_20260205T224128Z_297_d_e	http://example.org/stkg/subjectEntity	http://example.org/stkg/id/platform_K2BlackPanther
http://example.org/stkg/id/obs_rel_K2BlackPanther_T90_20260205T224128Z_297_d_e	http://example.org/stkg/objectEntity	http://example.org/stkg/id/platform_T90
http://example.org/stkg/id/obs_rel_K2BlackPanther_T90_20260205T224128Z_297_d_e	http://example.org/stkg/relationType	http://example.org/stkg/id/relation_ahead_of
http://example.org/stkg/id/obs_rel_K2BlackPanther_T90_20260205T224128Z_297_d_e	http://example.org/stkg/time	"2026-02-05T22:41:28Z"^^<http://www.w3.org/2001/XMLSchema#dateTime>
http://example.org/stkg/id/obs_rel_T90_K2BlackPanther_20260205T224128Z_297_e_d	http://www.w3.org/1999/02/22-rdf-syntax-ns#type	http://example.org/stkg/id/SpatialRelationObservation
http://example.org/stkg/id/obs_rel_T90_K2BlackPanther_20260205T224128Z_297_e_d	http://example.org/stkg/subjectEntity	http://example.org/stkg/id/platform_T90
http://example.org/stkg/id/obs_rel_T90_K2BlackPanther_20260205T224128Z_297_e_d	http://example.org/stkg/objectEntity	http://example.org/stkg/id/platform_K2BlackPanther
http://example.org/stkg/id/obs_rel_T90_K2BlackPanther_20260205T224128Z_297_e_d	http://example.org/stkg/relationType	http://example.org/stkg/id/relation_behind_of
http://example.org/stkg/id/obs_rel_T90_K2BlackPanther_20260205T224128Z_297_e_d	http://example.org/stkg/time	"2026-02-05T22:41:28Z"^^<http://www.w3.org/2001/XMLSchema#dateTime>
http://example.org/stkg/id/obs_rel_BTR80_T90_20260205T224128Z_297_c_e	http://www.w3.org/1999/02/22-rdf-syntax-ns#type	http://example.org/stkg/id/SpatialRelationObservation
http://example.org/stkg/id/obs_rel_BTR80_T90_20260205T224128Z_297_c_e	http://example.org/stkg/subjectEntity	http://example.org/stkg/id/platform_BTR80
http://example.org/stkg/id/obs_rel_BTR80_T90_20260205T224128Z_297_c_e	http://example.org/stkg/objectEntity	http://example.org/stkg/id/platform_T90
http://example.org/stkg/id/obs_rel_BTR80_T90_20260205T224128Z_297_c_e	http://example.org/stkg/relationType	http://example.org/stkg/id/relation_ahead_of
http://example.org/stkg/id/obs_rel_BTR80_T90_20260205T224128Z_297_c_e	http://example.org/stkg/time	"2026-02-05T22:41:28Z"^^<http://www.w3.org/2001/XMLSchema#dateTime>
http://example.org/stkg/id/obs_rel_T90_BTR80_20260205T224128Z_297_e_c	http://www.w3.org/1999/02/22-rdf-syntax-ns#type	http://example.org/stkg/id/SpatialRelationObservation
http://example.org/stkg/id/obs_rel_T90_BTR80_20260205T224128Z_297_e_c	http://example.org/stkg/subjectEntity	http://example.org/stkg/id/platform_T90
http://example.org/stkg/id/obs_rel_T90_BTR80_20260205T224128Z_297_e_c	http://example.org/stkg/objectEntity	http://example.org/stkg/id/platform_BTR80
http://example.org/stkg/id/obs_rel_T90_BTR80_20260205T224128Z_297_e_c	http://example.org/stkg/relationType	http://example.org/stkg/id/relation_behind_of
http://example.org/stkg/id/obs_rel_T90_BTR80_20260205T224128Z_297_e_c	http://example.org/stkg/time	"2026-02-05T22:41:28Z"^^<http://www.w3.org/2001/XMLSchema#dateTime>
http://example.org/stkg/id/obs_rel_BTR80_K2BlackPanther_20260205T224129Z_298_c_d	http://www.w3.org/1999/02/22-rdf-syntax-ns#type	http://example.org/stkg/id/SpatialRelationObservation
http://example.org/stkg/id/obs_rel_BTR80_K2BlackPanther_20260205T224129Z_298_c_d	http://example.org/stkg/subjectEntity	http://example.org/stkg/id/platform_BTR80
http://example.org/stkg/id/obs_rel_BTR80_K2BlackPanther_20260205T224129Z_298_c_d	http://example.org/stkg/objectEntity	http://example.org/stkg/id/platform_K2BlackPanther
http://example.org/stkg/id/obs_rel_BTR80_K2BlackPanther_20260205T224129Z_298_c_d	http://example.org/stkg/relationType	http://example.org/stkg/id/relation_ahead_of
http://example.org/stkg/id/obs_rel_BTR80_K2BlackPanther_20260205T224129Z_298_c_d	http://example.org/stkg/time	"2026-02-05T22:41:29Z"^^<http://www.w3.org/2001/XMLSchema#dateTime>
http://example.org/stkg/id/obs_rel_K2BlackPanther_BTR80_20260205T224129Z_298_d_c	http://www.w3.org/1999/02/22-rdf-syntax-ns#type	http://example.org/stkg/id/SpatialRelationObservation
http://example.org/stkg/id/obs_rel_K2BlackPanther_BTR80_20260205T224129Z_298_d_c	http://example.org/stkg/subjectEntity	http://example.org/stkg/id/platform_K2BlackPanther
http://example.org/stkg/id/obs_rel_K2BlackPanther_BTR80_20260205T224129Z_298_d_c	http://example.org/stkg/objectEntity	http://example.org/stkg/id/platform_BTR80
http://example.org/stkg/id/obs_rel_K2BlackPanther_BTR80_20260205T224129Z_298_d_c	http://example.org/stkg/relationType	http://example.org/stkg/id/relation_behind_of
http://example.org/stkg/id/obs_rel_K2BlackPanther_BTR80_20260205T224129Z_298_d_c	http://example.org/stkg/time	"2026-02-05T22:41:29Z"^^<http://www.w3.org/2001/XMLSchema#dateTime>
http://example.org/stkg/id/obs_rel_K2BlackPanther_T90_20260205T224129Z_298_d_e	http://www.w3.org/1999/02/22-rdf-syntax-ns#type	http://example.org/stkg/id/SpatialRelationObservation
http://example.org/stkg/id/obs_rel_K2BlackPanther_T90_20260205T224129Z_298_d_e	http://example.org/stkg/subjectEntity	http://example.org/stkg/id/platform_K2BlackPanther
http://example.org/stkg/id/obs_rel_K2BlackPanther_T90_20260205T224129Z_298_d_e	http://example.org/stkg/objectEntity	http://example.org/stkg/id/platform_T90
http://example.org/stkg/id/obs_rel_K2BlackPanther_T90_20260205T224129Z_298_d_e	http://example.org/stkg/relationType	http://example.org/stkg/id/relation_ahead_of
http://example.org/stkg/id/obs_rel_K2BlackPanther_T90_20260205T224129Z_298_d_e	http://example.org/stkg/time	"2026-02-05T22:41:29Z"^^<http://www.w3.org/2001/XMLSchema#dateTime>
http://example.org/stkg/id/obs_rel_T90_K2BlackPanther_20260205T224129Z_298_e_d	http://www.w3.org/1999/02/22-rdf-syntax-ns#type	http://example.org/stkg/id/SpatialRelationObservation
http://example.org/stkg/id/obs_rel_T90_K2BlackPanther_20260205T224129Z_298_e_d	http://example.org/stkg/subjectEntity	http://example.org/stkg/id/platform_T90
http://example.org/stkg/id/obs_rel_T90_K2BlackPanther_20260205T224129Z_298_e_d	http://example.org/stkg/objectEntity	http://example.org/stkg/id/platform_K2BlackPanther
http://example.org/stkg/id/obs_rel_T90_K2BlackPanther_20260205T224129Z_298_e_d	http://example.org/stkg/relationType	http://example.org/stkg/id/relation_behind_of
http://example.org/stkg/id/obs_rel_T90_K2BlackPanther_20260205T224129Z_298_e_d	http://example.org/stkg/time	"2026-02-05T22:41:29Z"^^<http://www.w3.org/2001/XMLSchema#dateTime>
http://example.org/stkg/id/obs_rel_BTR80_T90_20260205T224129Z_298_c_e	http://www.w3.org/1999/02/22-rdf-syntax-ns#type	http://example.org/stkg/id/SpatialRelationObservation
http://example.org/stkg/id/obs_rel_BTR80_T90_20260205T224129Z_298_c_e	http://example.org/stkg/subjectEntity	http://example.org/stkg/id/platform_BTR80
http://example.org/stkg/id/obs_rel_BTR80_T90_20260205T224129Z_298_c_e	http://example.org/stkg/objectEntity	http://example.org/stkg/id/platform_T90
http://example.org/stkg/id/obs_rel_BTR80_T90_20260205T224129Z_298_c_e	http://example.org/stkg/relationType	http://example.org/stkg/id/relation_ahead_of
http://example.org/stkg/id/obs_rel_BTR80_T90_20260205T224129Z_298_c_e	http://example.org/stkg/time	"2026-02-05T22:41:29Z"^^<http://www.w3.org/2001/XMLSchema#dateTime>
http://example.org/stkg/id/obs_rel_T90_BTR80_20260205T224129Z_298_e_c	http://www.w3.org/1999/02/22-rdf-syntax-ns#type	http://example.org/stkg/id/SpatialRelationObservation
http://example.org/stkg/id/obs_rel_T90_BTR80_20260205T224129Z_298_e_c	http://example.org/stkg/subjectEntity	http://example.org/stkg/id/platform_T90
http://example.org/stkg/id/obs_rel_T90_BTR80_20260205T224129Z_298_e_c	http://example.org/stkg/objectEntity	http://example.org/stkg/id/platform_BTR80
http://example.org/stkg/id/obs_rel_T90_BTR80_20260205T224129Z_298_e_c	http://example.org/stkg/relationType	http://example.org/stkg/id/relation_behind_of
http://example.org/stkg/id/obs_rel_T90_BTR80_20260205T224129Z_298_e_c	http://example.org/stkg/time	"2026-02-05T22:41:29Z"^^<http://www.w3.org/2001/XMLSchema#dateTime>
http://example.org/stkg/id/obs_rel_BTR80_K2BlackPanther_20260205T224130Z_299_c_d	http://www.w3.org/1999/02/22-rdf-syntax-ns#type	http://example.org/stkg/id/SpatialRelationObservation
http://example.org/stkg/id/obs_rel_BTR80_K2BlackPanther_20260205T224130Z_299_c_d	http://example.org/stkg/subjectEntity	http://example.org/stkg/id/platform_BTR80
http://example.org/stkg/id/obs_rel_BTR80_K2BlackPanther_20260205T224130Z_299_c_d	http://example.org/stkg/objectEntity	http://example.org/stkg/id/platform_K2BlackPanther
http://example.org/stkg/id/obs_rel_BTR80_K2BlackPanther_20260205T224130Z_299_c_d	http://example.org/stkg/relationType	http://example.org/stkg/id/relation_ahead_of
http://example.org/stkg/id/obs_rel_BTR80_K2BlackPanther_20260205T224130Z_299_c_d	http://example.org/stkg/time	"2026-02-05T22:41:30Z"^^<http://www.w3.org/2001/XMLSchema#dateTime>
http://example.org/stkg/id/obs_rel_K2BlackPanther_BTR80_20260205T224130Z_299_d_c	http://www.w3.org/1999/02/22-rdf-syntax-ns#type	http://example.org/stkg/id/SpatialRelationObservation
http://example.org/stkg/id/obs_rel_K2BlackPanther_BTR80_20260205T224130Z_299_d_c	http://example.org/stkg/subjectEntity	http://example.org/stkg/id/platform_K2BlackPanther
http://example.org/stkg/id/obs_rel_K2BlackPanther_BTR80_20260205T224130Z_299_d_c	http://example.org/stkg/objectEntity	http://example.org/stkg/id/platform_BTR80
http://example.org/stkg/id/obs_rel_K2BlackPanther_BTR80_20260205T224130Z_299_d_c	http://example.org/stkg/relationType	http://example.org/stkg/id/relation_behind_of
http://example.org/stkg/id/obs_rel_K2BlackPanther_BTR80_20260205T224130Z_299_d_c	http://example.org/stkg/time	"2026-02-05T22:41:30Z"^^<http://www.w3.org/2001/XMLSchema#dateTime>
http://example.org/stkg/id/obs_rel_K2BlackPanther_T90_20260205T224130Z_299_d_e	http://www.w3.org/1999/02/22-rdf-syntax-ns#type	http://example.org/stkg/id/SpatialRelationObservation
http://example.org/stkg/id/obs_rel_K2BlackPanther_T90_20260205T224130Z_299_d_e	http://example.org/stkg/subjectEntity	http://example.org/stkg/id/platform_K2BlackPanther
http://example.org/stkg/id/obs_rel_K2BlackPanther_T90_20260205T224130Z_299_d_e	http://example.org/stkg/objectEntity	http://example.org/stkg/id/platform_T90
http://example.org/stkg/id/obs_rel_K2BlackPanther_T90_20260205T224130Z_299_d_e	http://example.org/stkg/relationType	http://example.org/stkg/id/relation_ahead_of
http://example.org/stkg/id/obs_rel_K2BlackPanther_T90_20260205T224130Z_299_d_e	http://example.org/stkg/time	"2026-02-05T22:41:30Z"^^<http://www.w3.org/2001/XMLSchema#dateTime>
http://example.org/stkg/id/obs_rel_T90_K2BlackPanther_20260205T224130Z_299_e_d	http://www.w3.org/1999/02/22-rdf-syntax-ns#type	http://example.org/stkg/id/SpatialRelationObservation
http://example.org/stkg/id/obs_rel_T90_K2BlackPanther_20260205T224130Z_299_e_d	http://example.org/stkg/subjectEntity	http://example.org/stkg/id/platform_T90
http://example.org/stkg/id/obs_rel_T90_K2BlackPanther_20260205T224130Z_299_e_d	http://example.org/stkg/objectEntity	http://example.org/stkg/id/platform_K2BlackPanther
http://example.org/stkg/id/obs_rel_T90_K2BlackPanther_20260205T224130Z_299_e_d	http://example.org/stkg/relationType	http://example.org/stkg/id/relation_behind_of
http://example.org/stkg/id/obs_rel_T90_K2BlackPanther_20260205T224130Z_299_e_d	http://example.org/stkg/time	"2026-02-05T22:41:30Z"^^<http://www.w3.org/2001/XMLSchema#dateTime>
http://example.org/stkg/id/obs_rel_BTR80_T90_20260205T224130Z_299_c_e	http://www.w3.org/1999/02/22-rdf-syntax-ns#type	http://example.org/stkg/id/SpatialRelationObservation
http://example.org/stkg/id/obs_rel_BTR80_T90_20260205T224130Z_299_c_e	http://example.org/stkg/subjectEntity	http://example.org/stkg/id/platform_BTR80
http://example.org/stkg/id/obs_rel_BTR80_T90_20260205T224130Z_299_c_e	http://example.org/stkg/objectEntity	http://example.org/stkg/id/platform_T90
http://example.org/stkg/id/obs_rel_BTR80_T90_20260205T224130Z_299_c_e	http://example.org/stkg/relationType	http://example.org/stkg/id/relation_ahead_of
http://example.org/stkg/id/obs_rel_BTR80_T90_20260205T224130Z_299_c_e	http://example.org/stkg/time	"2026-02-05T22:41:30Z"^^<http://www.w3.org/2001/XMLSchema#dateTime>
http://example.org/stkg/id/obs_rel_T90_BTR80_20260205T224130Z_299_e_c	http://www.w3.org/1999/02/22-rdf-syntax-ns#type	http://example.org/stkg/id/SpatialRelationObservation
http://example.org/stkg/id/obs_rel_T90_BTR80_20260205T224130Z_299_e_c	http://example.org/stkg/subjectEntity	http://example.org/stkg/id/platform_T90
http://example.org/stkg/id/obs_rel_T90_BTR80_20260205T224130Z_299_e_c	http://example.org/stkg/objectEntity	http://example.org/stkg/id/platform_BTR80
http://example.org/stkg/id/obs_rel_T90_BTR80_20260205T224130Z_299_e_c	http://example.org/stkg/relationType	http://example.org/stkg/id/relation_behind_of
http://example.org/stkg/id/obs_rel_T90_BTR80_20260205T224130Z_299_e_c	http://example.org/stkg/time	"2026-02-05T22:41:30Z"^^<http://www.w3.org/2001/XMLSchema#dateTime>
http://example.org/stkg/id/obs_rel_BTR80_K2BlackPanther_20260205T224131Z_300_c_d	http://www.w3.org/1999/02/22-rdf-syntax-ns#type	http://example.org/stkg/id/SpatialRelationObservation
http://example.org/stkg/id/obs_rel_BTR80_K2BlackPanther_20260205T224131Z_300_c_d	http://example.org/stkg/subjectEntity	http://example.org/stkg/id/platform_BTR80
http://example.org/stkg/id/obs_rel_BTR80_K2BlackPanther_20260205T224131Z_300_c_d	http://example.org/stkg/objectEntity	http://example.org/stkg/id/platform_K2BlackPanther
http://example.org/stkg/id/obs_rel_BTR80_K2BlackPanther_20260205T224131Z_300_c_d	http://example.org/stkg/relationType	http://example.org/stkg/id/relation_ahead_of
http://example.org/stkg/id/obs_rel_BTR80_K2BlackPanther_20260205T224131Z_300_c_d	http://example.org/stkg/time	"2026-02-05T22:41:31Z"^^<http://www.w3.org/2001/XMLSchema#dateTime>
http://example.org/stkg/id/obs_rel_K2BlackPanther_BTR80_20260205T224131Z_300_d_c	http://www.w3.org/1999/02/22-rdf-syntax-ns#type	http://example.org/stkg/id/SpatialRelationObservation
http://example.org/stkg/id/obs_rel_K2BlackPanther_BTR80_20260205T224131Z_300_d_c	http://example.org/stkg/subjectEntity	http://example.org/stkg/id/platform_K2BlackPanther
http://example.org/stkg/id/obs_rel_K2BlackPanther_BTR80_20260205T224131Z_300_d_c	http://example.org/stkg/objectEntity	http://example.org/stkg/id/platform_BTR80
http://example.org/stkg/id/obs_rel_K2BlackPanther_BTR80_20260205T224131Z_300_d_c	http://example.org/stkg/relationType	http://example.org/stkg/id/relation_behind_of
http://example.org/stkg/id/obs_rel_K2BlackPanther_BTR80_20260205T224131Z_300_d_c	http://example.org/stkg/time	"2026-02-05T22:41:31Z"^^<http://www.w3.org/2001/XMLSchema#dateTime>
http://example.org/stkg/id/obs_rel_K2BlackPanther_T90_20260205T224131Z_300_d_e	http://www.w3.org/1999/02/22-rdf-syntax-ns#type	http://example.org/stkg/id/SpatialRelationObservation
http://example.org/stkg/id/obs_rel_K2BlackPanther_T90_20260205T224131Z_300_d_e	http://example.org/stkg/subjectEntity	http://example.org/stkg/id/platform_K2BlackPanther
http://example.org/stkg/id/obs_rel_K2BlackPanther_T90_20260205T224131Z_300_d_e	http://example.org/stkg/objectEntity	http://example.org/stkg/id/platform_T90
http://example.org/stkg/id/obs_rel_K2BlackPanther_T90_20260205T224131Z_300_d_e	http://example.org/stkg/relationType	http://example.org/stkg/id/relation_ahead_of
http://example.org/stkg/id/obs_rel_K2BlackPanther_T90_20260205T224131Z_300_d_e	http://example.org/stkg/time	"2026-02-05T22:41:31Z"^^<http://www.w3.org/2001/XMLSchema#dateTime>
http://example.org/stkg/id/obs_rel_T90_K2BlackPanther_20260205T224131Z_300_e_d	http://www.w3.org/1999/02/22-rdf-syntax-ns#type	http://example.org/stkg/id/SpatialRelationObservation
http://example.org/stkg/id/obs_rel_T90_K2BlackPanther_20260205T224131Z_300_e_d	http://example.org/stkg/subjectEntity	http://example.org/stkg/id/platform_T90
http://example.org/stkg/id/obs_rel_T90_K2BlackPanther_20260205T224131Z_300_e_d	http://example.org/stkg/objectEntity	http://example.org/stkg/id/platform_K2BlackPanther
http://example.org/stkg/id/obs_rel_T90_K2BlackPanther_20260205T224131Z_300_e_d	http://example.org/stkg/relationType	http://example.org/stkg/id/relation_behind_of
http://example.org/stkg/id/obs_rel_T90_K2BlackPanther_20260205T224131Z_300_e_d	http://example.org/stkg/time	"2026-02-05T22:41:31Z"^^<http://www.w3.org/2001/XMLSchema#dateTime>
http://example.org/stkg/id/obs_rel_BTR80_T90_20260205T224131Z_300_c_e	http://www.w3.org/1999/02/22-rdf-syntax-ns#type	http://example.org/stkg/id/SpatialRelationObservation
http://example.org/stkg/id/obs_rel_BTR80_T90_20260205T224131Z_300_c_e	http://example.org/stkg/subjectEntity	http://example.org/stkg/id/platform_BTR80
http://example.org/stkg/id/obs_rel_BTR80_T90_20260205T224131Z_300_c_e	http://example.org/stkg/objectEntity	http://example.org/stkg/id/platform_T90
http://example.org/stkg/id/obs_rel_BTR80_T90_20260205T224131Z_300_c_e	http://example.org/stkg/relationType	http://example.org/stkg/id/relation_ahead_of
http://example.org/stkg/id/obs_rel_BTR80_T90_20260205T224131Z_300_c_e	http://example.org/stkg/time	"2026-02-05T22:41:31Z"^^<http://www.w3.org/2001/XMLSchema#dateTime>
http://example.org/stkg/id/obs_rel_T90_BTR80_20260205T224131Z_300_e_c	http://www.w3.org/1999/02/22-rdf-syntax-ns#type	http://example.org/stkg/id/SpatialRelationObservation
http://example.org/stkg/id/obs_rel_T90_BTR80_20260205T224131Z_300_e_c	http://example.org/stkg/subjectEntity	http://example.org/stkg/id/platform_T90
http://example.org/stkg/id/obs_rel_T90_BTR80_20260205T224131Z_300_e_c	http://example.org/stkg/objectEntity	http://example.org/stkg/id/platform_BTR80
http://example.org/stkg/id/obs_rel_T90_BTR80_20260205T224131Z_300_e_c	http://example.org/stkg/relationType	http://example.org/stkg/id/relation_behind_of
http://example.org/stkg/id/obs_rel_T90_BTR80_20260205T224131Z_300_e_c	http://example.org/stkg/time	"2026-02-05T22:41:31Z"^^<http://www.w3.org/2001/XMLSchema#dateTime>
http://example.org/stkg/id/obs_rel_BTR80_K2BlackPanther_20260205T224132Z_301_c_d	http://www.w3.org/1999/02/22-rdf-syntax-ns#type	http://example.org/stkg/id/SpatialRelationObservation
http://example.org/stkg/id/obs_rel_BTR80_K2BlackPanther_20260205T224132Z_301_c_d	http://example.org/stkg/subjectEntity	http://example.org/stkg/id/platform_BTR80
http://example.org/stkg/id/obs_rel_BTR80_K2BlackPanther_20260205T224132Z_301_c_d	http://example.org/stkg/objectEntity	http://example.org/stkg/id/platform_K2BlackPanther
http://example.org/stkg/id/obs_rel_BTR80_K2BlackPanther_20260205T224132Z_301_c_d	http://example.org/stkg/relationType	http://example.org/stkg/id/relation_ahead_of
http://example.org/stkg/id/obs_rel_BTR80_K2BlackPanther_20260205T224132Z_301_c_d	http://example.org/stkg/time	"2026-02-05T22:41:32Z"^^<http://www.w3.org/2001/XMLSchema#dateTime>
http://example.org/stkg/id/obs_rel_K2BlackPanther_BTR80_20260205T224132Z_301_d_c	http://www.w3.org/1999/02/22-rdf-syntax-ns#type	http://example.org/stkg/id/SpatialRelationObservation
http://example.org/stkg/id/obs_rel_K2BlackPanther_BTR80_20260205T224132Z_301_d_c	http://example.org/stkg/subjectEntity	http://example.org/stkg/id/platform_K2BlackPanther
http://example.org/stkg/id/obs_rel_K2BlackPanther_BTR80_20260205T224132Z_301_d_c	http://example.org/stkg/objectEntity	http://example.org/stkg/id/platform_BTR80
http://example.org/stkg/id/obs_rel_K2BlackPanther_BTR80_20260205T224132Z_301_d_c	http://example.org/stkg/relationType	http://example.org/stkg/id/relation_behind_of
http://example.org/stkg/id/obs_rel_K2BlackPanther_BTR80_20260205T224132Z_301_d_c	http://example.org/stkg/time	"2026-02-05T22:41:32Z"^^<http://www.w3.org/2001/XMLSchema#dateTime>
http://example.org/stkg/id/obs_rel_K2BlackPanther_T90_20260205T224132Z_301_d_e	http://www.w3.org/1999/02/22-rdf-syntax-ns#type	http://example.org/stkg/id/SpatialRelationObservation
http://example.org/stkg/id/obs_rel_K2BlackPanther_T90_20260205T224132Z_301_d_e	http://example.org/stkg/subjectEntity	http://example.org/stkg/id/platform_K2BlackPanther
http://example.org/stkg/id/obs_rel_K2BlackPanther_T90_20260205T224132Z_301_d_e	http://example.org/stkg/objectEntity	http://example.org/stkg/id/platform_T90
http://example.org/stkg/id/obs_rel_K2BlackPanther_T90_20260205T224132Z_301_d_e	http://example.org/stkg/relationType	http://example.org/stkg/id/relation_ahead_of
http://example.org/stkg/id/obs_rel_K2BlackPanther_T90_20260205T224132Z_301_d_e	http://example.org/stkg/time	"2026-02-05T22:41:32Z"^^<http://www.w3.org/2001/XMLSchema#dateTime>
http://example.org/stkg/id/obs_rel_T90_K2BlackPanther_20260205T224132Z_301_e_d	http://www.w3.org/1999/02/22-rdf-syntax-ns#type	http://example.org/stkg/id/SpatialRelationObservation
http://example.org/stkg/id/obs_rel_T90_K2BlackPanther_20260205T224132Z_301_e_d	http://example.org/stkg/subjectEntity	http://example.org/stkg/id/platform_T90
http://example.org/stkg/id/obs_rel_T90_K2BlackPanther_20260205T224132Z_301_e_d	http://example.org/stkg/objectEntity	http://example.org/stkg/id/platform_K2BlackPanther
http://example.org/stkg/id/obs_rel_T90_K2BlackPanther_20260205T224132Z_301_e_d	http://example.org/stkg/relationType	http://example.org/stkg/id/relation_behind_of
http://example.org/stkg/id/obs_rel_T90_K2BlackPanther_20260205T224132Z_301_e_d	http://example.org/stkg/time	"2026-02-05T22:41:32Z"^^<http://www.w3.org/2001/XMLSchema#dateTime>
http://example.org/stkg/id/obs_rel_BTR80_T90_20260205T224132Z_301_c_e	http://www.w3.org/1999/02/22-rdf-syntax-ns#type	http://example.org/stkg/id/SpatialRelationObservation
http://example.org/stkg/id/obs_rel_BTR80_T90_20260205T224132Z_301_c_e	http://example.org/stkg/subjectEntity	http://example.org/stkg/id/platform_BTR80
http://example.org/stkg/id/obs_rel_BTR80_T90_20260205T224132Z_301_c_e	http://example.org/stkg/objectEntity	http://example.org/stkg/id/platform_T90
http://example.org/stkg/id/obs_rel_BTR80_T90_20260205T224132Z_301_c_e	http://example.org/stkg/relationType	http://example.org/stkg/id/relation_ahead_of
http://example.org/stkg/id/obs_rel_BTR80_T90_20260205T224132Z_301_c_e	http://example.org/stkg/time	"2026-02-05T22:41:32Z"^^<http://www.w3.org/2001/XMLSchema#dateTime>
http://example.org/stkg/id/obs_rel_T90_BTR80_20260205T224132Z_301_e_c	http://www.w3.org/1999/02/22-rdf-syntax-ns#type	http://example.org/stkg/id/SpatialRelationObservation
http://example.org/stkg/id/obs_rel_T90_BTR80_20260205T224132Z_301_e_c	http://example.org/stkg/subjectEntity	http://example.org/stkg/id/platform_T90
http://example.org/stkg/id/obs_rel_T90_BTR80_20260205T224132Z_301_e_c	http://example.org/stkg/objectEntity	http://example.org/stkg/id/platform_BTR80
http://example.org/stkg/id/obs_rel_T90_BTR80_20260205T224132Z_301_e_c	http://example.org/stkg/relationType	http://example.org/stkg/id/relation_behind_of
http://example.org/stkg/id/obs_rel_T90_BTR80_20260205T224132Z_301_e_c	http://example.org/stkg/time	"2026-02-05T22:41:32Z"^^<http://www.w3.org/2001/XMLSchema#dateTime>
http://example.org/stkg/id/obs_rel_BTR80_K2BlackPanther_20260205T224133Z_302_c_d	http://www.w3.org/1999/02/22-rdf-syntax-ns#type	http://example.org/stkg/id/SpatialRelationObservation
http://example.org/stkg/id/obs_rel_BTR80_K2BlackPanther_20260205T224133Z_302_c_d	http://example.org/stkg/subjectEntity	http://example.org/stkg/id/platform_BTR80
http://example.org/stkg/id/obs_rel_BTR80_K2BlackPanther_20260205T224133Z_302_c_d	http://example.org/stkg/objectEntity	http://example.org/stkg/id/platform_K2BlackPanther
http://example.org/stkg/id/obs_rel_BTR80_K2BlackPanther_20260205T224133Z_302_c_d	http://example.org/stkg/relationType	http://example.org/stkg/id/relation_ahead_of
http://example.org/stkg/id/obs_rel_BTR80_K2BlackPanther_20260205T224133Z_302_c_d	http://example.org/stkg/time	"2026-02-05T22:41:33Z"^^<http://www.w3.org/2001/XMLSchema#dateTime>
http://example.org/stkg/id/obs_rel_K2BlackPanther_BTR80_20260205T224133Z_302_d_c	http://www.w3.org/1999/02/22-rdf-syntax-ns#type	http://example.org/stkg/id/SpatialRelationObservation
http://example.org/stkg/id/obs_rel_K2BlackPanther_BTR80_20260205T224133Z_302_d_c	http://example.org/stkg/subjectEntity	http://example.org/stkg/id/platform_K2BlackPanther
http://example.org/stkg/id/obs_rel_K2BlackPanther_BTR80_20260205T224133Z_302_d_c	http://example.org/stkg/objectEntity	http://example.org/stkg/id/platform_BTR80
http://example.org/stkg/id/obs_rel_K2BlackPanther_BTR80_20260205T224133Z_302_d_c	http://example.org/stkg/relationType	http://example.org/stkg/id/relation_behind_of
http://example.org/stkg/id/obs_rel_K2BlackPanther_BTR80_20260205T224133Z_302_d_c	http://example.org/stkg/time	"2026-02-05T22:41:33Z"^^<http://www.w3.org/2001/XMLSchema#dateTime>
http://example.org/stkg/id/obs_rel_K2BlackPanther_T90_20260205T224133Z_302_d_e	http://www.w3.org/1999/02/22-rdf-syntax-ns#type	http://example.org/stkg/id/SpatialRelationObservation
http://example.org/stkg/id/obs_rel_K2BlackPanther_T90_20260205T224133Z_302_d_e	http://example.org/stkg/subjectEntity	http://example.org/stkg/id/platform_K2BlackPanther
http://example.org/stkg/id/obs_rel_K2BlackPanther_T90_20260205T224133Z_302_d_e	http://example.org/stkg/objectEntity	http://example.org/stkg/id/platform_T90
http://example.org/stkg/id/obs_rel_K2BlackPanther_T90_20260205T224133Z_302_d_e	http://example.org/stkg/relationType	http://example.org/stkg/id/relation_ahead_of
http://example.org/stkg/id/obs_rel_K2BlackPanther_T90_20260205T224133Z_302_d_e	http://example.org/stkg/time	"2026-02-05T22:41:33Z"^^<http://www.w3.org/2001/XMLSchema#dateTime>
http://example.org/stkg/id/obs_rel_T90_K2BlackPanther_20260205T224133Z_302_e_d	http://www.w3.org/1999/02/22-rdf-syntax-ns#type	http://example.org/stkg/id/SpatialRelationObservation
http://example.org/stkg/id/obs_rel_T90_K2BlackPanther_20260205T224133Z_302_e_d	http://example.org/stkg/subjectEntity	http://example.org/stkg/id/platform_T90
http://example.org/stkg/id/obs_rel_T90_K2BlackPanther_20260205T224133Z_302_e_d	http://example.org/stkg/objectEntity	http://example.org/stkg/id/platform_K2BlackPanther
http://example.org/stkg/id/obs_rel_T90_K2BlackPanther_20260205T224133Z_302_e_d	http://example.org/stkg/relationType	http://example.org/stkg/id/relation_behind_of
http://example.org/stkg/id/obs_rel_T90_K2BlackPanther_20260205T224133Z_302_e_d	http://example.org/stkg/time	"2026-02-05T22:41:33Z"^^<http://www.w3.org/2001/XMLSchema#dateTime>
http://example.org/stkg/id/obs_rel_BTR80_T90_20260205T224133Z_302_c_e	http://www.w3.org/1999/02/22-rdf-syntax-ns#type	http://example.org/stkg/id/SpatialRelationObservation
http://example.org/stkg/id/obs_rel_BTR80_T90_20260205T224133Z_302_c_e	http://example.org/stkg/subjectEntity	http://example.org/stkg/id/platform_BTR80
http://example.org/stkg/id/obs_rel_BTR80_T90_20260205T224133Z_302_c_e	http://example.org/stkg/objectEntity	http://example.org/stkg/id/platform_T90
http://example.org/stkg/id/obs_rel_BTR80_T90_20260205T224133Z_302_c_e	http://example.org/stkg/relationType	http://example.org/stkg/id/relation_ahead_of
http://example.org/stkg/id/obs_rel_BTR80_T90_20260205T224133Z_302_c_e	http://example.org/stkg/time	"2026-02-05T22:41:33Z"^^<http://www.w3.org/2001/XMLSchema#dateTime>
http://example.org/stkg/id/obs_rel_T90_BTR80_20260205T224133Z_302_e_c	http://www.w3.org/1999/02/22-rdf-syntax-ns#type	http://example.org/stkg/id/SpatialRelationObservation
http://example.org/stkg/id/obs_rel_T90_BTR80_20260205T224133Z_302_e_c	http://example.org/stkg/subjectEntity	http://example.org/stkg/id/platform_T90
http://example.org/stkg/id/obs_rel_T90_BTR80_20260205T224133Z_302_e_c	http://example.org/stkg/objectEntity	http://example.org/stkg/id/platform_BTR80
http://example.org/stkg/id/obs_rel_T90_BTR80_20260205T224133Z_302_e_c	http://example.org/stkg/relationType	http://example.org/stkg/id/relation_behind_of
http://example.org/stkg/id/obs_rel_T90_BTR80_20260205T224133Z_302_e_c	http://example.org/stkg/time	"2026-02-05T22:41:33Z"^^<http://www.w3.org/2001/XMLSchema#dateTime>
http://example.org/stkg/id/obs_rel_BTR80_K2BlackPanther_20260205T224134Z_303_c_d	http://www.w3.org/1999/02/22-rdf-syntax-ns#type	http://example.org/stkg/id/SpatialRelationObservation
http://example.org/stkg/id/obs_rel_BTR80_K2BlackPanther_20260205T224134Z_303_c_d	http://example.org/stkg/subjectEntity	http://example.org/stkg/id/platform_BTR80
http://example.org/stkg/id/obs_rel_BTR80_K2BlackPanther_20260205T224134Z_303_c_d	http://example.org/stkg/objectEntity	http://example.org/stkg/id/platform_K2BlackPanther
http://example.org/stkg/id/obs_rel_BTR80_K2BlackPanther_20260205T224134Z_303_c_d	http://example.org/stkg/relationType	http://example.org/stkg/id/relation_ahead_of
http://example.org/stkg/id/obs_rel_BTR80_K2BlackPanther_20260205T224134Z_303_c_d	http://example.org/stkg/time	"2026-02-05T22:41:34Z"^^<http://www.w3.org/2001/XMLSchema#dateTime>
http://example.org/stkg/id/obs_rel_K2BlackPanther_BTR80_20260205T224134Z_303_d_c	http://www.w3.org/1999/02/22-rdf-syntax-ns#type	http://example.org/stkg/id/SpatialRelationObservation
http://example.org/stkg/id/obs_rel_K2BlackPanther_BTR80_20260205T224134Z_303_d_c	http://example.org/stkg/subjectEntity	http://example.org/stkg/id/platform_K2BlackPanther
http://example.org/stkg/id/obs_rel_K2BlackPanther_BTR80_20260205T224134Z_303_d_c	http://example.org/stkg/objectEntity	http://example.org/stkg/id/platform_BTR80
http://example.org/stkg/id/obs_rel_K2BlackPanther_BTR80_20260205T224134Z_303_d_c	http://example.org/stkg/relationType	http://example.org/stkg/id/relation_behind_of
http://example.org/stkg/id/obs_rel_K2BlackPanther_BTR80_20260205T224134Z_303_d_c	http://example.org/stkg/time	"2026-02-05T22:41:34Z"^^<http://www.w3.org/2001/XMLSchema#dateTime>
http://example.org/stkg/id/obs_rel_K2BlackPanther_T90_20260205T224134Z_303_d_e	http://www.w3.org/1999/02/22-rdf-syntax-ns#type	http://example.org/stkg/id/SpatialRelationObservation
http://example.org/stkg/id/obs_rel_K2BlackPanther_T90_20260205T224134Z_303_d_e	http://example.org/stkg/subjectEntity	http://example.org/stkg/id/platform_K2BlackPanther
http://example.org/stkg/id/obs_rel_K2BlackPanther_T90_20260205T224134Z_303_d_e	http://example.org/stkg/objectEntity	http://example.org/stkg/id/platform_T90
http://example.org/stkg/id/obs_rel_K2BlackPanther_T90_20260205T224134Z_303_d_e	http://example.org/stkg/relationType	http://example.org/stkg/id/relation_ahead_of
http://example.org/stkg/id/obs_rel_K2BlackPanther_T90_20260205T224134Z_303_d_e	http://example.org/stkg/time	"2026-02-05T22:41:34Z"^^<http://www.w3.org/2001/XMLSchema#dateTime>
http://example.org/stkg/id/obs_rel_T90_K2BlackPanther_20260205T224134Z_303_e_d	http://www.w3.org/1999/02/22-rdf-syntax-ns#type	http://example.org/stkg/id/SpatialRelationObservation
http://example.org/stkg/id/obs_rel_T90_K2BlackPanther_20260205T224134Z_303_e_d	http://example.org/stkg/subjectEntity	http://example.org/stkg/id/platform_T90
http://example.org/stkg/id/obs_rel_T90_K2BlackPanther_20260205T224134Z_303_e_d	http://example.org/stkg/objectEntity	http://example.org/stkg/id/platform_K2BlackPanther
http://example.org/stkg/id/obs_rel_T90_K2BlackPanther_20260205T224134Z_303_e_d	http://example.org/stkg/relationType	http://example.org/stkg/id/relation_behind_of
http://example.org/stkg/id/obs_rel_T90_K2BlackPanther_20260205T224134Z_303_e_d	http://example.org/stkg/time	"2026-02-05T22:41:34Z"^^<http://www.w3.org/2001/XMLSchema#dateTime>
http://example.org/stkg/id/obs_rel_BTR80_T90_20260205T224134Z_303_c_e	http://www.w3.org/1999/02/22-rdf-syntax-ns#type	http://example.org/stkg/id/SpatialRelationObservation
http://example.org/stkg/id/obs_rel_BTR80_T90_20260205T224134Z_303_c_e	http://example.org/stkg/subjectEntity	http://example.org/stkg/id/platform_BTR80
http://example.org/stkg/id/obs_rel_BTR80_T90_20260205T224134Z_303_c_e	http://example.org/stkg/objectEntity	http://example.org/stkg/id/platform_T90
http://example.org/stkg/id/obs_rel_BTR80_T90_20260205T224134Z_303_c_e	http://example.org/stkg/relationType	http://example.org/stkg/id/relation_ahead_of
http://example.org/stkg/id/obs_rel_BTR80_T90_20260205T224134Z_303_c_e	http://example.org/stkg/time	"2026-02-05T22:41:34Z"^^<http://www.w3.org/2001/XMLSchema#dateTime>
http://example.org/stkg/id/obs_rel_T90_BTR80_20260205T224134Z_303_e_c	http://www.w3.org/1999/02/22-rdf-syntax-ns#type	http://example.org/stkg/id/SpatialRelationObservation
http://example.org/stkg/id/obs_rel_T90_BTR80_20260205T224134Z_303_e_c	http://example.org/stkg/subjectEntity	http://example.org/stkg/id/platform_T90
http://example.org/stkg/id/obs_rel_T90_BTR80_20260205T224134Z_303_e_c	http://example.org/stkg/objectEntity	http://example.org/stkg/id/platform_BTR80
http://example.org/stkg/id/obs_rel_T90_BTR80_20260205T224134Z_303_e_c	http://example.org/stkg/relationType	http://example.org/stkg/id/relation_behind_of
http://example.org/stkg/id/obs_rel_T90_BTR80_20260205T224134Z_303_e_c	http://example.org/stkg/time	"2026-02-05T22:41:34Z"^^<http://www.w3.org/2001/XMLSchema#dateTime>
http://example.org/stkg/id/obs_rel_BTR80_K2BlackPanther_20260205T224135Z_304_c_d	http://www.w3.org/1999/02/22-rdf-syntax-ns#type	http://example.org/stkg/id/SpatialRelationObservation
http://example.org/stkg/id/obs_rel_BTR80_K2BlackPanther_20260205T224135Z_304_c_d	http://example.org/stkg/subjectEntity	http://example.org/stkg/id/platform_BTR80
http://example.org/stkg/id/obs_rel_BTR80_K2BlackPanther_20260205T224135Z_304_c_d	http://example.org/stkg/objectEntity	http://example.org/stkg/id/platform_K2BlackPanther
http://example.org/stkg/id/obs_rel_BTR80_K2BlackPanther_20260205T224135Z_304_c_d	http://example.org/stkg/relationType	http://example.org/stkg/id/relation_ahead_of
http://example.org/stkg/id/obs_rel_BTR80_K2BlackPanther_20260205T224135Z_304_c_d	http://example.org/stkg/time	"2026-02-05T22:41:35Z"^^<http://www.w3.org/2001/XMLSchema#dateTime>
http://example.org/stkg/id/obs_rel_K2BlackPanther_BTR80_20260205T224135Z_304_d_c	http://www.w3.org/1999/02/22-rdf-syntax-ns#type	http://example.org/stkg/id/SpatialRelationObservation
http://example.org/stkg/id/obs_rel_K2BlackPanther_BTR80_20260205T224135Z_304_d_c	http://example.org/stkg/subjectEntity	http://example.org/stkg/id/platform_K2BlackPanther
http://example.org/stkg/id/obs_rel_K2BlackPanther_BTR80_20260205T224135Z_304_d_c	http://example.org/stkg/objectEntity	http://example.org/stkg/id/platform_BTR80
http://example.org/stkg/id/obs_rel_K2BlackPanther_BTR80_20260205T224135Z_304_d_c	http://example.org/stkg/relationType	http://example.org/stkg/id/relation_behind_of
http://example.org/stkg/id/obs_rel_K2BlackPanther_BTR80_20260205T224135Z_304_d_c	http://example.org/stkg/time	"2026-02-05T22:41:35Z"^^<http://www.w3.org/2001/XMLSchema#dateTime>
http://example.org/stkg/id/obs_rel_K2BlackPanther_T90_20260205T224135Z_304_d_e	http://www.w3.org/1999/02/22-rdf-syntax-ns#type	http://example.org/stkg/id/SpatialRelationObservation
http://example.org/stkg/id/obs_rel_K2BlackPanther_T90_20260205T224135Z_304_d_e	http://example.org/stkg/subjectEntity	http://example.org/stkg/id/platform_K2BlackPanther
http://example.org/stkg/id/obs_rel_K2BlackPanther_T90_20260205T224135Z_304_d_e	http://example.org/stkg/objectEntity	http://example.org/stkg/id/platform_T90
http://example.org/stkg/id/obs_rel_K2BlackPanther_T90_20260205T224135Z_304_d_e	http://example.org/stkg/relationType	http://example.org/stkg/id/relation_ahead_of
http://example.org/stkg/id/obs_rel_K2BlackPanther_T90_20260205T224135Z_304_d_e	http://example.org/stkg/time	"2026-02-05T22:41:35Z"^^<http://www.w3.org/2001/XMLSchema#dateTime>
http://example.org/stkg/id/obs_rel_T90_K2BlackPanther_20260205T224135Z_304_e_d	http://www.w3.org/1999/02/22-rdf-syntax-ns#type	http://example.org/stkg/id/SpatialRelationObservation
http://example.org/stkg/id/obs_rel_T90_K2BlackPanther_20260205T224135Z_304_e_d	http://example.org/stkg/subjectEntity	http://example.org/stkg/id/platform_T90
http://example.org/stkg/id/obs_rel_T90_K2BlackPanther_20260205T224135Z_304_e_d	http://example.org/stkg/objectEntity	http://example.org/stkg/id/platform_K2BlackPanther
http://example.org/stkg/id/obs_rel_T90_K2BlackPanther_20260205T224135Z_304_e_d	http://example.org/stkg/relationType	http://example.org/stkg/id/relation_behind_of
http://example.org/stkg/id/obs_rel_T90_K2BlackPanther_20260205T224135Z_304_e_d	http://example.org/stkg/time	"2026-02-05T22:41:35Z"^^<http://www.w3.org/2001/XMLSchema#dateTime>
http://example.org/stkg/id/obs_rel_BTR80_T90_20260205T224135Z_304_c_e	http://www.w3.org/1999/02/22-rdf-syntax-ns#type	http://example.org/stkg/id/SpatialRelationObservation
http://example.org/stkg/id/obs_rel_BTR80_T90_20260205T224135Z_304_c_e	http://example.org/stkg/subjectEntity	http://example.org/stkg/id/platform_BTR80
http://example.org/stkg/id/obs_rel_BTR80_T90_20260205T224135Z_304_c_e	http://example.org/stkg/objectEntity	http://example.org/stkg/id/platform_T90
http://example.org/stkg/id/obs_rel_BTR80_T90_20260205T224135Z_304_c_e	http://example.org/stkg/relationType	http://example.org/stkg/id/relation_ahead_of
http://example.org/stkg/id/obs_rel_BTR80_T90_20260205T224135Z_304_c_e	http://example.org/stkg/time	"2026-02-05T22:41:35Z"^^<http://www.w3.org/2001/XMLSchema#dateTime>
http://example.org/stkg/id/obs_rel_T90_BTR80_20260205T224135Z_304_e_c	http://www.w3.org/1999/02/22-rdf-syntax-ns#type	http://example.org/stkg/id/SpatialRelationObservation
http://example.org/stkg/id/obs_rel_T90_BTR80_20260205T224135Z_304_e_c	http://example.org/stkg/subjectEntity	http://example.org/stkg/id/platform_T90
http://example.org/stkg/id/obs_rel_T90_BTR80_20260205T224135Z_304_e_c	http://example.org/stkg/objectEntity	http://example.org/stkg/id/platform_BTR80
http://example.org/stkg/id/obs_rel_T90_BTR80_20260205T224135Z_304_e_c	http://example.org/stkg/relationType	http://example.org/stkg/id/relation_behind_of
http://example.org/stkg/id/obs_rel_T90_BTR80_20260205T224135Z_304_e_c	http://example.org/stkg/time	"2026-02-05T22:41:35Z"^^<http://www.w3.org/2001/XMLSchema#dateTime>
http://example.org/stkg/id/obs_rel_BTR80_K2BlackPanther_20260205T224136Z_305_c_d	http://www.w3.org/1999/02/22-rdf-syntax-ns#type	http://example.org/stkg/id/SpatialRelationObservation
http://example.org/stkg/id/obs_rel_BTR80_K2BlackPanther_20260205T224136Z_305_c_d	http://example.org/stkg/subjectEntity	http://example.org/stkg/id/platform_BTR80
http://example.org/stkg/id/obs_rel_BTR80_K2BlackPanther_20260205T224136Z_305_c_d	http://example.org/stkg/objectEntity	http://example.org/stkg/id/platform_K2BlackPanther
http://example.org/stkg/id/obs_rel_BTR80_K2BlackPanther_20260205T224136Z_305_c_d	http://example.org/stkg/relationType	http://example.org/stkg/id/relation_ahead_of
http://example.org/stkg/id/obs_rel_BTR80_K2BlackPanther_20260205T224136Z_305_c_d	http://example.org/stkg/time	"2026-02-05T22:41:36Z"^^<http://www.w3.org/2001/XMLSchema#dateTime>
http://example.org/stkg/id/obs_rel_K2BlackPanther_BTR80_20260205T224136Z_305_d_c	http://www.w3.org/1999/02/22-rdf-syntax-ns#type	http://example.org/stkg/id/SpatialRelationObservation
http://example.org/stkg/id/obs_rel_K2BlackPanther_BTR80_20260205T224136Z_305_d_c	http://example.org/stkg/subjectEntity	http://example.org/stkg/id/platform_K2BlackPanther
http://example.org/stkg/id/obs_rel_K2BlackPanther_BTR80_20260205T224136Z_305_d_c	http://example.org/stkg/objectEntity	http://example.org/stkg/id/platform_BTR80
http://example.org/stkg/id/obs_rel_K2BlackPanther_BTR80_20260205T224136Z_305_d_c	http://example.org/stkg/relationType	http://example.org/stkg/id/relation_behind_of
http://example.org/stkg/id/obs_rel_K2BlackPanther_BTR80_20260205T224136Z_305_d_c	http://example.org/stkg/time	"2026-02-05T22:41:36Z"^^<http://www.w3.org/2001/XMLSchema#dateTime>
http://example.org/stkg/id/obs_rel_K2BlackPanther_T90_20260205T224136Z_305_d_e	http://www.w3.org/1999/02/22-rdf-syntax-ns#type	http://example.org/stkg/id/SpatialRelationObservation
http://example.org/stkg/id/obs_rel_K2BlackPanther_T90_20260205T224136Z_305_d_e	http://example.org/stkg/subjectEntity	http://example.org/stkg/id/platform_K2BlackPanther
http://example.org/stkg/id/obs_rel_K2BlackPanther_T90_20260205T224136Z_305_d_e	http://example.org/stkg/objectEntity	http://example.org/stkg/id/platform_T90
http://example.org/stkg/id/obs_rel_K2BlackPanther_T90_20260205T224136Z_305_d_e	http://example.org/stkg/relationType	http://example.org/stkg/id/relation_ahead_of
http://example.org/stkg/id/obs_rel_K2BlackPanther_T90_20260205T224136Z_305_d_e	http://example.org/stkg/time	"2026-02-05T22:41:36Z"^^<http://www.w3.org/2001/XMLSchema#dateTime>
http://example.org/stkg/id/obs_rel_T90_K2BlackPanther_20260205T224136Z_305_e_d	http://www.w3.org/1999/02/22-rdf-syntax-ns#type	http://example.org/stkg/id/SpatialRelationObservation
http://example.org/stkg/id/obs_rel_T90_K2BlackPanther_20260205T224136Z_305_e_d	http://example.org/stkg/subjectEntity	http://example.org/stkg/id/platform_T90
http://example.org/stkg/id/obs_rel_T90_K2BlackPanther_20260205T224136Z_305_e_d	http://example.org/stkg/objectEntity	http://example.org/stkg/id/platform_K2BlackPanther
http://example.org/stkg/id/obs_rel_T90_K2BlackPanther_20260205T224136Z_305_e_d	http://example.org/stkg/relationType	http://example.org/stkg/id/relation_behind_of
http://example.org/stkg/id/obs_rel_T90_K2BlackPanther_20260205T224136Z_305_e_d	http://example.org/stkg/time	"2026-02-05T22:41:36Z"^^<http://www.w3.org/2001/XMLSchema#dateTime>
http://example.org/stkg/id/obs_rel_BTR80_T90_20260205T224136Z_305_c_e	http://www.w3.org/1999/02/22-rdf-syntax-ns#type	http://example.org/stkg/id/SpatialRelationObservation
http://example.org/stkg/id/obs_rel_BTR80_T90_20260205T224136Z_305_c_e	http://example.org/stkg/subjectEntity	http://example.org/stkg/id/platform_BTR80
http://example.org/stkg/id/obs_rel_BTR80_T90_20260205T224136Z_305_c_e	http://example.org/stkg/objectEntity	http://example.org/stkg/id/platform_T90
http://example.org/stkg/id/obs_rel_BTR80_T90_20260205T224136Z_305_c_e	http://example.org/stkg/relationType	http://example.org/stkg/id/relation_ahead_of
http://example.org/stkg/id/obs_rel_BTR80_T90_20260205T224136Z_305_c_e	http://example.org/stkg/time	"2026-02-05T22:41:36Z"^^<http://www.w3.org/2001/XMLSchema#dateTime>
http://example.org/stkg/id/obs_rel_T90_BTR80_20260205T224136Z_305_e_c	http://www.w3.org/1999/02/22-rdf-syntax-ns#type	http://example.org/stkg/id/SpatialRelationObservation
http://example.org/stkg/id/obs_rel_T90_BTR80_20260205T224136Z_305_e_c	http://example.org/stkg/subjectEntity	http://example.org/stkg/id/platform_T90
http://example.org/stkg/id/obs_rel_T90_BTR80_20260205T224136Z_305_e_c	http://example.org/stkg/objectEntity	http://example.org/stkg/id/platform_BTR80
http://example.org/stkg/id/obs_rel_T90_BTR80_20260205T224136Z_305_e_c	http://example.org/stkg/relationType	http://example.org/stkg/id/relation_behind_of
http://example.org/stkg/id/obs_rel_T90_BTR80_20260205T224136Z_305_e_c	http://example.org/stkg/time	"2026-02-05T22:41:36Z"^^<http://www.w3.org/2001/XMLSchema#dateTime>
http://example.org/stkg/id/obs_rel_BTR80_K2BlackPanther_20260205T224137Z_306_c_d	http://www.w3.org/1999/02/22-rdf-syntax-ns#type	http://example.org/stkg/id/SpatialRelationObservation
http://example.org/stkg/id/obs_rel_BTR80_K2BlackPanther_20260205T224137Z_306_c_d	http://example.org/stkg/subjectEntity	http://example.org/stkg/id/platform_BTR80
http://example.org/stkg/id/obs_rel_BTR80_K2BlackPanther_20260205T224137Z_306_c_d	http://example.org/stkg/objectEntity	http://example.org/stkg/id/platform_K2BlackPanther
http://example.org/stkg/id/obs_rel_BTR80_K2BlackPanther_20260205T224137Z_306_c_d	http://example.org/stkg/relationType	http://example.org/stkg/id/relation_ahead_of
http://example.org/stkg/id/obs_rel_BTR80_K2BlackPanther_20260205T224137Z_306_c_d	http://example.org/stkg/time	"2026-02-05T22:41:37Z"^^<http://www.w3.org/2001/XMLSchema#dateTime>
http://example.org/stkg/id/obs_rel_K2BlackPanther_BTR80_20260205T224137Z_306_d_c	http://www.w3.org/1999/02/22-rdf-syntax-ns#type	http://example.org/stkg/id/SpatialRelationObservation
http://example.org/stkg/id/obs_rel_K2BlackPanther_BTR80_20260205T224137Z_306_d_c	http://example.org/stkg/subjectEntity	http://example.org/stkg/id/platform_K2BlackPanther
http://example.org/stkg/id/obs_rel_K2BlackPanther_BTR80_20260205T224137Z_306_d_c	http://example.org/stkg/objectEntity	http://example.org/stkg/id/platform_BTR80
http://example.org/stkg/id/obs_rel_K2BlackPanther_BTR80_20260205T224137Z_306_d_c	http://example.org/stkg/relationType	http://example.org/stkg/id/relation_behind_of
http://example.org/stkg/id/obs_rel_K2BlackPanther_BTR80_20260205T224137Z_306_d_c	http://example.org/stkg/time	"2026-02-05T22:41:37Z"^^<http://www.w3.org/2001/XMLSchema#dateTime>
http://example.org/stkg/id/obs_rel_K2BlackPanther_T90_20260205T224137Z_306_d_e	http://www.w3.org/1999/02/22-rdf-syntax-ns#type	http://example.org/stkg/id/SpatialRelationObservation
http://example.org/stkg/id/obs_rel_K2BlackPanther_T90_20260205T224137Z_306_d_e	http://example.org/stkg/subjectEntity	http://example.org/stkg/id/platform_K2BlackPanther
http://example.org/stkg/id/obs_rel_K2BlackPanther_T90_20260205T224137Z_306_d_e	http://example.org/stkg/objectEntity	http://example.org/stkg/id/platform_T90
http://example.org/stkg/id/obs_rel_K2BlackPanther_T90_20260205T224137Z_306_d_e	http://example.org/stkg/relationType	http://example.org/stkg/id/relation_ahead_of
http://example.org/stkg/id/obs_rel_K2BlackPanther_T90_20260205T224137Z_306_d_e	http://example.org/stkg/time	"2026-02-05T22:41:37Z"^^<http://www.w3.org/2001/XMLSchema#dateTime>
http://example.org/stkg/id/obs_rel_T90_K2BlackPanther_20260205T224137Z_306_e_d	http://www.w3.org/1999/02/22-rdf-syntax-ns#type	http://example.org/stkg/id/SpatialRelationObservation
http://example.org/stkg/id/obs_rel_T90_K2BlackPanther_20260205T224137Z_306_e_d	http://example.org/stkg/subjectEntity	http://example.org/stkg/id/platform_T90
http://example.org/stkg/id/obs_rel_T90_K2BlackPanther_20260205T224137Z_306_e_d	http://example.org/stkg/objectEntity	http://example.org/stkg/id/platform_K2BlackPanther
http://example.org/stkg/id/obs_rel_T90_K2BlackPanther_20260205T224137Z_306_e_d	http://example.org/stkg/relationType	http://example.org/stkg/id/relation_behind_of
http://example.org/stkg/id/obs_rel_T90_K2BlackPanther_20260205T224137Z_306_e_d	http://example.org/stkg/time	"2026-02-05T22:41:37Z"^^<http://www.w3.org/2001/XMLSchema#dateTime>
http://example.org/stkg/id/obs_rel_BTR80_T90_20260205T224137Z_306_c_e	http://www.w3.org/1999/02/22-rdf-syntax-ns#type	http://example.org/stkg/id/SpatialRelationObservation
http://example.org/stkg/id/obs_rel_BTR80_T90_20260205T224137Z_306_c_e	http://example.org/stkg/subjectEntity	http://example.org/stkg/id/platform_BTR80
http://example.org/stkg/id/obs_rel_BTR80_T90_20260205T224137Z_306_c_e	http://example.org/stkg/objectEntity	http://example.org/stkg/id/platform_T90
http://example.org/stkg/id/obs_rel_BTR80_T90_20260205T224137Z_306_c_e	http://example.org/stkg/relationType	http://example.org/stkg/id/relation_ahead_of
http://example.org/stkg/id/obs_rel_BTR80_T90_20260205T224137Z_306_c_e	http://example.org/stkg/time	"2026-02-05T22:41:37Z"^^<http://www.w3.org/2001/XMLSchema#dateTime>
http://example.org/stkg/id/obs_rel_T90_BTR80_20260205T224137Z_306_e_c	http://www.w3.org/1999/02/22-rdf-syntax-ns#type	http://example.org/stkg/id/SpatialRelationObservation
http://example.org/stkg/id/obs_rel_T90_BTR80_20260205T224137Z_306_e_c	http://example.org/stkg/subjectEntity	http://example.org/stkg/id/platform_T90
http://example.org/stkg/id/obs_rel_T90_BTR80_20260205T224137Z_306_e_c	http://example.org/stkg/objectEntity	http://example.org/stkg/id/platform_BTR80
http://example.org/stkg/id/obs_rel_T90_BTR80_20260205T224137Z_306_e_c	http://example.org/stkg/relationType	http://example.org/stkg/id/relation_behind_of
http://example.org/stkg/id/obs_rel_T90_BTR80_20260205T224137Z_306_e_c	http://example.org/stkg/time	"2026-02-05T22:41:37Z"^^<http://www.w3.org/2001/XMLSchema#dateTime>
http://example.org/stkg/id/obs_rel_BTR80_K2BlackPanther_20260205T224138Z_307_c_d	http://www.w3.org/1999/02/22-rdf-syntax-ns#type	http://example.org/stkg/id/SpatialRelationObservation
http://example.org/stkg/id/obs_rel_BTR80_K2BlackPanther_20260205T224138Z_307_c_d	http://example.org/stkg/subjectEntity	http://example.org/stkg/id/platform_BTR80
http://example.org/stkg/id/obs_rel_BTR80_K2BlackPanther_20260205T224138Z_307_c_d	http://example.org/stkg/objectEntity	http://example.org/stkg/id/platform_K2BlackPanther
http://example.org/stkg/id/obs_rel_BTR80_K2BlackPanther_20260205T224138Z_307_c_d	http://example.org/stkg/relationType	http://example.org/stkg/id/relation_ahead_of
http://example.org/stkg/id/obs_rel_BTR80_K2BlackPanther_20260205T224138Z_307_c_d	http://example.org/stkg/time	"2026-02-05T22:41:38Z"^^<http://www.w3.org/2001/XMLSchema#dateTime>
http://example.org/stkg/id/obs_rel_K2BlackPanther_BTR80_20260205T224138Z_307_d_c	http://www.w3.org/1999/02/22-rdf-syntax-ns#type	http://example.org/stkg/id/SpatialRelationObservation
http://example.org/stkg/id/obs_rel_K2BlackPanther_BTR80_20260205T224138Z_307_d_c	http://example.org/stkg/subjectEntity	http://example.org/stkg/id/platform_K2BlackPanther
http://example.org/stkg/id/obs_rel_K2BlackPanther_BTR80_20260205T224138Z_307_d_c	http://example.org/stkg/objectEntity	http://example.org/stkg/id/platform_BTR80
http://example.org/stkg/id/obs_rel_K2BlackPanther_BTR80_20260205T224138Z_307_d_c	http://example.org/stkg/relationType	http://example.org/stkg/id/relation_behind_of
http://example.org/stkg/id/obs_rel_K2BlackPanther_BTR80_20260205T224138Z_307_d_c	http://example.org/stkg/time	"2026-02-05T22:41:38Z"^^<http://www.w3.org/2001/XMLSchema#dateTime>
http://example.org/stkg/id/obs_rel_K2BlackPanther_T90_20260205T224138Z_307_d_e	http://www.w3.org/1999/02/22-rdf-syntax-ns#type	http://example.org/stkg/id/SpatialRelationObservation
http://example.org/stkg/id/obs_rel_K2BlackPanther_T90_20260205T224138Z_307_d_e	http://example.org/stkg/subjectEntity	http://example.org/stkg/id/platform_K2BlackPanther
http://example.org/stkg/id/obs_rel_K2BlackPanther_T90_20260205T224138Z_307_d_e	http://example.org/stkg/objectEntity	http://example.org/stkg/id/platform_T90
http://example.org/stkg/id/obs_rel_K2BlackPanther_T90_20260205T224138Z_307_d_e	http://example.org/stkg/relationType	http://example.org/stkg/id/relation_ahead_of
http://example.org/stkg/id/obs_rel_K2BlackPanther_T90_20260205T224138Z_307_d_e	http://example.org/stkg/time	"2026-02-05T22:41:38Z"^^<http://www.w3.org/2001/XMLSchema#dateTime>
http://example.org/stkg/id/obs_rel_T90_K2BlackPanther_20260205T224138Z_307_e_d	http://www.w3.org/1999/02/22-rdf-syntax-ns#type	http://example.org/stkg/id/SpatialRelationObservation
http://example.org/stkg/id/obs_rel_T90_K2BlackPanther_20260205T224138Z_307_e_d	http://example.org/stkg/subjectEntity	http://example.org/stkg/id/platform_T90
http://example.org/stkg/id/obs_rel_T90_K2BlackPanther_20260205T224138Z_307_e_d	http://example.org/stkg/objectEntity	http://example.org/stkg/id/platform_K2BlackPanther
http://example.org/stkg/id/obs_rel_T90_K2BlackPanther_20260205T224138Z_307_e_d	http://example.org/stkg/relationType	http://example.org/stkg/id/relation_behind_of
http://example.org/stkg/id/obs_rel_T90_K2BlackPanther_20260205T224138Z_307_e_d	http://example.org/stkg/time	"2026-02-05T22:41:38Z"^^<http://www.w3.org/2001/XMLSchema#dateTime>
http://example.org/stkg/id/obs_rel_BTR80_T90_20260205T224138Z_307_c_e	http://www.w3.org/1999/02/22-rdf-syntax-ns#type	http://example.org/stkg/id/SpatialRelationObservation
http://example.org/stkg/id/obs_rel_BTR80_T90_20260205T224138Z_307_c_e	http://example.org/stkg/subjectEntity	http://example.org/stkg/id/platform_BTR80
http://example.org/stkg/id/obs_rel_BTR80_T90_20260205T224138Z_307_c_e	http://example.org/stkg/objectEntity	http://example.org/stkg/id/platform_T90
http://example.org/stkg/id/obs_rel_BTR80_T90_20260205T224138Z_307_c_e	http://example.org/stkg/relationType	http://example.org/stkg/id/relation_ahead_of
http://example.org/stkg/id/obs_rel_BTR80_T90_20260205T224138Z_307_c_e	http://example.org/stkg/time	"2026-02-05T22:41:38Z"^^<http://www.w3.org/2001/XMLSchema#dateTime>
http://example.org/stkg/id/obs_rel_T90_BTR80_20260205T224138Z_307_e_c	http://www.w3.org/1999/02/22-rdf-syntax-ns#type	http://example.org/stkg/id/SpatialRelationObservation
http://example.org/stkg/id/obs_rel_T90_BTR80_20260205T224138Z_307_e_c	http://example.org/stkg/subjectEntity	http://example.org/stkg/id/platform_T90
http://example.org/stkg/id/obs_rel_T90_BTR80_20260205T224138Z_307_e_c	http://example.org/stkg/objectEntity	http://example.org/stkg/id/platform_BTR80
http://example.org/stkg/id/obs_rel_T90_BTR80_20260205T224138Z_307_e_c	http://example.org/stkg/relationType	http://example.org/stkg/id/relation_behind_of
http://example.org/stkg/id/obs_rel_T90_BTR80_20260205T224138Z_307_e_c	http://example.org/stkg/time	"2026-02-05T22:41:38Z"^^<http://www.w3.org/2001/XMLSchema#dateTime>
http://example.org/stkg/id/obs_rel_BTR80_K2BlackPanther_20260205T224139Z_308_c_d	http://www.w3.org/1999/02/22-rdf-syntax-ns#type	http://example.org/stkg/id/SpatialRelationObservation
http://example.org/stkg/id/obs_rel_BTR80_K2BlackPanther_20260205T224139Z_308_c_d	http://example.org/stkg/subjectEntity	http://example.org/stkg/id/platform_BTR80
http://example.org/stkg/id/obs_rel_BTR80_K2BlackPanther_20260205T224139Z_308_c_d	http://example.org/stkg/objectEntity	http://example.org/stkg/id/platform_K2BlackPanther
http://example.org/stkg/id/obs_rel_BTR80_K2BlackPanther_20260205T224139Z_308_c_d	http://example.org/stkg/relationType	http://example.org/stkg/id/relation_ahead_of
http://example.org/stkg/id/obs_rel_BTR80_K2BlackPanther_20260205T224139Z_308_c_d	http://example.org/stkg/time	"2026-02-05T22:41:39Z"^^<http://www.w3.org/2001/XMLSchema#dateTime>
http://example.org/stkg/id/obs_rel_K2BlackPanther_BTR80_20260205T224139Z_308_d_c	http://www.w3.org/1999/02/22-rdf-syntax-ns#type	http://example.org/stkg/id/SpatialRelationObservation
http://example.org/stkg/id/obs_rel_K2BlackPanther_BTR80_20260205T224139Z_308_d_c	http://example.org/stkg/subjectEntity	http://example.org/stkg/id/platform_K2BlackPanther
http://example.org/stkg/id/obs_rel_K2BlackPanther_BTR80_20260205T224139Z_308_d_c	http://example.org/stkg/objectEntity	http://example.org/stkg/id/platform_BTR80
http://example.org/stkg/id/obs_rel_K2BlackPanther_BTR80_20260205T224139Z_308_d_c	http://example.org/stkg/relationType	http://example.org/stkg/id/relation_behind_of
http://example.org/stkg/id/obs_rel_K2BlackPanther_BTR80_20260205T224139Z_308_d_c	http://example.org/stkg/time	"2026-02-05T22:41:39Z"^^<http://www.w3.org/2001/XMLSchema#dateTime>
http://example.org/stkg/id/obs_rel_K2BlackPanther_T90_20260205T224139Z_308_d_e	http://www.w3.org/1999/02/22-rdf-syntax-ns#type	http://example.org/stkg/id/SpatialRelationObservation
http://example.org/stkg/id/obs_rel_K2BlackPanther_T90_20260205T224139Z_308_d_e	http://example.org/stkg/subjectEntity	http://example.org/stkg/id/platform_K2BlackPanther
http://example.org/stkg/id/obs_rel_K2BlackPanther_T90_20260205T224139Z_308_d_e	http://example.org/stkg/objectEntity	http://example.org/stkg/id/platform_T90
http://example.org/stkg/id/obs_rel_K2BlackPanther_T90_20260205T224139Z_308_d_e	http://example.org/stkg/relationType	http://example.org/stkg/id/relation_ahead_of
http://example.org/stkg/id/obs_rel_K2BlackPanther_T90_20260205T224139Z_308_d_e	http://example.org/stkg/time	"2026-02-05T22:41:39Z"^^<http://www.w3.org/2001/XMLSchema#dateTime>
http://example.org/stkg/id/obs_rel_T90_K2BlackPanther_20260205T224139Z_308_e_d	http://www.w3.org/1999/02/22-rdf-syntax-ns#type	http://example.org/stkg/id/SpatialRelationObservation
http://example.org/stkg/id/obs_rel_T90_K2BlackPanther_20260205T224139Z_308_e_d	http://example.org/stkg/subjectEntity	http://example.org/stkg/id/platform_T90
http://example.org/stkg/id/obs_rel_T90_K2BlackPanther_20260205T224139Z_308_e_d	http://example.org/stkg/objectEntity	http://example.org/stkg/id/platform_K2BlackPanther
http://example.org/stkg/id/obs_rel_T90_K2BlackPanther_20260205T224139Z_308_e_d	http://example.org/stkg/relationType	http://example.org/stkg/id/relation_behind_of
http://example.org/stkg/id/obs_rel_T90_K2BlackPanther_20260205T224139Z_308_e_d	http://example.org/stkg/time	"2026-02-05T22:41:39Z"^^<http://www.w3.org/2001/XMLSchema#dateTime>
http://example.org/stkg/id/obs_rel_BTR80_T90_20260205T224139Z_308_c_e	http://www.w3.org/1999/02/22-rdf-syntax-ns#type	http://example.org/stkg/id/SpatialRelationObservation
http://example.org/stkg/id/obs_rel_BTR80_T90_20260205T224139Z_308_c_e	http://example.org/stkg/subjectEntity	http://example.org/stkg/id/platform_BTR80
http://example.org/stkg/id/obs_rel_BTR80_T90_20260205T224139Z_308_c_e	http://example.org/stkg/objectEntity	http://example.org/stkg/id/platform_T90
http://example.org/stkg/id/obs_rel_BTR80_T90_20260205T224139Z_308_c_e	http://example.org/stkg/relationType	http://example.org/stkg/id/relation_ahead_of
http://example.org/stkg/id/obs_rel_BTR80_T90_20260205T224139Z_308_c_e	http://example.org/stkg/time	"2026-02-05T22:41:39Z"^^<http://www.w3.org/2001/XMLSchema#dateTime>
http://example.org/stkg/id/obs_rel_T90_BTR80_20260205T224139Z_308_e_c	http://www.w3.org/1999/02/22-rdf-syntax-ns#type	http://example.org/stkg/id/SpatialRelationObservation
http://example.org/stkg/id/obs_rel_T90_BTR80_20260205T224139Z_308_e_c	http://example.org/stkg/subjectEntity	http://example.org/stkg/id/platform_T90
http://example.org/stkg/id/obs_rel_T90_BTR80_20260205T224139Z_308_e_c	http://example.org/stkg/objectEntity	http://example.org/stkg/id/platform_BTR80
http://example.org/stkg/id/obs_rel_T90_BTR80_20260205T224139Z_308_e_c	http://example.org/stkg/relationType	http://example.org/stkg/id/relation_behind_of
http://example.org/stkg/id/obs_rel_T90_BTR80_20260205T224139Z_308_e_c	http://example.org/stkg/time	"2026-02-05T22:41:39Z"^^<http://www.w3.org/2001/XMLSchema#dateTime>
http://example.org/stkg/id/obs_rel_BTR80_K2BlackPanther_20260205T224140Z_309_c_d	http://www.w3.org/1999/02/22-rdf-syntax-ns#type	http://example.org/stkg/id/SpatialRelationObservation
http://example.org/stkg/id/obs_rel_BTR80_K2BlackPanther_20260205T224140Z_309_c_d	http://example.org/stkg/subjectEntity	http://example.org/stkg/id/platform_BTR80
http://example.org/stkg/id/obs_rel_BTR80_K2BlackPanther_20260205T224140Z_309_c_d	http://example.org/stkg/objectEntity	http://example.org/stkg/id/platform_K2BlackPanther
http://example.org/stkg/id/obs_rel_BTR80_K2BlackPanther_20260205T224140Z_309_c_d	http://example.org/stkg/relationType	http://example.org/stkg/id/relation_ahead_of
http://example.org/stkg/id/obs_rel_BTR80_K2BlackPanther_20260205T224140Z_309_c_d	http://example.org/stkg/time	"2026-02-05T22:41:40Z"^^<http://www.w3.org/2001/XMLSchema#dateTime>
http://example.org/stkg/id/obs_rel_K2BlackPanther_BTR80_20260205T224140Z_309_d_c	http://www.w3.org/1999/02/22-rdf-syntax-ns#type	http://example.org/stkg/id/SpatialRelationObservation
http://example.org/stkg/id/obs_rel_K2BlackPanther_BTR80_20260205T224140Z_309_d_c	http://example.org/stkg/subjectEntity	http://example.org/stkg/id/platform_K2BlackPanther
http://example.org/stkg/id/obs_rel_K2BlackPanther_BTR80_20260205T224140Z_309_d_c	http://example.org/stkg/objectEntity	http://example.org/stkg/id/platform_BTR80
http://example.org/stkg/id/obs_rel_K2BlackPanther_BTR80_20260205T224140Z_309_d_c	http://example.org/stkg/relationType	http://example.org/stkg/id/relation_behind_of
http://example.org/stkg/id/obs_rel_K2BlackPanther_BTR80_20260205T224140Z_309_d_c	http://example.org/stkg/time	"2026-02-05T22:41:40Z"^^<http://www.w3.org/2001/XMLSchema#dateTime>
http://example.org/stkg/id/obs_rel_K2BlackPanther_T90_20260205T224140Z_309_d_e	http://www.w3.org/1999/02/22-rdf-syntax-ns#type	http://example.org/stkg/id/SpatialRelationObservation
http://example.org/stkg/id/obs_rel_K2BlackPanther_T90_20260205T224140Z_309_d_e	http://example.org/stkg/subjectEntity	http://example.org/stkg/id/platform_K2BlackPanther
http://example.org/stkg/id/obs_rel_K2BlackPanther_T90_20260205T224140Z_309_d_e	http://example.org/stkg/objectEntity	http://example.org/stkg/id/platform_T90
http://example.org/stkg/id/obs_rel_K2BlackPanther_T90_20260205T224140Z_309_d_e	http://example.org/stkg/relationType	http://example.org/stkg/id/relation_ahead_of
http://example.org/stkg/id/obs_rel_K2BlackPanther_T90_20260205T224140Z_309_d_e	http://example.org/stkg/time	"2026-02-05T22:41:40Z"^^<http://www.w3.org/2001/XMLSchema#dateTime>
http://example.org/stkg/id/obs_rel_T90_K2BlackPanther_20260205T224140Z_309_e_d	http://www.w3.org/1999/02/22-rdf-syntax-ns#type	http://example.org/stkg/id/SpatialRelationObservation
http://example.org/stkg/id/obs_rel_T90_K2BlackPanther_20260205T224140Z_309_e_d	http://example.org/stkg/subjectEntity	http://example.org/stkg/id/platform_T90
http://example.org/stkg/id/obs_rel_T90_K2BlackPanther_20260205T224140Z_309_e_d	http://example.org/stkg/objectEntity	http://example.org/stkg/id/platform_K2BlackPanther
http://example.org/stkg/id/obs_rel_T90_K2BlackPanther_20260205T224140Z_309_e_d	http://example.org/stkg/relationType	http://example.org/stkg/id/relation_behind_of
http://example.org/stkg/id/obs_rel_T90_K2BlackPanther_20260205T224140Z_309_e_d	http://example.org/stkg/time	"2026-02-05T22:41:40Z"^^<http://www.w3.org/2001/XMLSchema#dateTime>
http://example.org/stkg/id/obs_rel_BTR80_T90_20260205T224140Z_309_c_e	http://www.w3.org/1999/02/22-rdf-syntax-ns#type	http://example.org/stkg/id/SpatialRelationObservation
http://example.org/stkg/id/obs_rel_BTR80_T90_20260205T224140Z_309_c_e	http://example.org/stkg/subjectEntity	http://example.org/stkg/id/platform_BTR80
http://example.org/stkg/id/obs_rel_BTR80_T90_20260205T224140Z_309_c_e	http://example.org/stkg/objectEntity	http://example.org/stkg/id/platform_T90
http://example.org/stkg/id/obs_rel_BTR80_T90_20260205T224140Z_309_c_e	http://example.org/stkg/relationType	http://example.org/stkg/id/relation_ahead_of
http://example.org/stkg/id/obs_rel_BTR80_T90_20260205T224140Z_309_c_e	http://example.org/stkg/time	"2026-02-05T22:41:40Z"^^<http://www.w3.org/2001/XMLSchema#dateTime>
http://example.org/stkg/id/obs_rel_T90_BTR80_20260205T224140Z_309_e_c	http://www.w3.org/1999/02/22-rdf-syntax-ns#type	http://example.org/stkg/id/SpatialRelationObservation
http://example.org/stkg/id/obs_rel_T90_BTR80_20260205T224140Z_309_e_c	http://example.org/stkg/subjectEntity	http://example.org/stkg/id/platform_T90
http://example.org/stkg/id/obs_rel_T90_BTR80_20260205T224140Z_309_e_c	http://example.org/stkg/objectEntity	http://example.org/stkg/id/platform_BTR80
http://example.org/stkg/id/obs_rel_T90_BTR80_20260205T224140Z_309_e_c	http://example.org/stkg/relationType	http://example.org/stkg/id/relation_behind_of
http://example.org/stkg/id/obs_rel_T90_BTR80_20260205T224140Z_309_e_c	http://example.org/stkg/time	"2026-02-05T22:41:40Z"^^<http://www.w3.org/2001/XMLSchema#dateTime>
http://example.org/stkg/id/obs_rel_BTR80_K2BlackPanther_20260205T224141Z_310_c_d	http://www.w3.org/1999/02/22-rdf-syntax-ns#type	http://example.org/stkg/id/SpatialRelationObservation
http://example.org/stkg/id/obs_rel_BTR80_K2BlackPanther_20260205T224141Z_310_c_d	http://example.org/stkg/subjectEntity	http://example.org/stkg/id/platform_BTR80
http://example.org/stkg/id/obs_rel_BTR80_K2BlackPanther_20260205T224141Z_310_c_d	http://example.org/stkg/objectEntity	http://example.org/stkg/id/platform_K2BlackPanther
http://example.org/stkg/id/obs_rel_BTR80_K2BlackPanther_20260205T224141Z_310_c_d	http://example.org/stkg/relationType	http://example.org/stkg/id/relation_ahead_of
http://example.org/stkg/id/obs_rel_BTR80_K2BlackPanther_20260205T224141Z_310_c_d	http://example.org/stkg/time	"2026-02-05T22:41:41Z"^^<http://www.w3.org/2001/XMLSchema#dateTime>
http://example.org/stkg/id/obs_rel_K2BlackPanther_BTR80_20260205T224141Z_310_d_c	http://www.w3.org/1999/02/22-rdf-syntax-ns#type	http://example.org/stkg/id/SpatialRelationObservation
http://example.org/stkg/id/obs_rel_K2BlackPanther_BTR80_20260205T224141Z_310_d_c	http://example.org/stkg/subjectEntity	http://example.org/stkg/id/platform_K2BlackPanther
http://example.org/stkg/id/obs_rel_K2BlackPanther_BTR80_20260205T224141Z_310_d_c	http://example.org/stkg/objectEntity	http://example.org/stkg/id/platform_BTR80
http://example.org/stkg/id/obs_rel_K2BlackPanther_BTR80_20260205T224141Z_310_d_c	http://example.org/stkg/relationType	http://example.org/stkg/id/relation_behind_of
http://example.org/stkg/id/obs_rel_K2BlackPanther_BTR80_20260205T224141Z_310_d_c	http://example.org/stkg/time	"2026-02-05T22:41:41Z"^^<http://www.w3.org/2001/XMLSchema#dateTime>
http://example.org/stkg/id/obs_rel_K2BlackPanther_T90_20260205T224141Z_310_d_e	http://www.w3.org/1999/02/22-rdf-syntax-ns#type	http://example.org/stkg/id/SpatialRelationObservation
http://example.org/stkg/id/obs_rel_K2BlackPanther_T90_20260205T224141Z_310_d_e	http://example.org/stkg/subjectEntity	http://example.org/stkg/id/platform_K2BlackPanther
http://example.org/stkg/id/obs_rel_K2BlackPanther_T90_20260205T224141Z_310_d_e	http://example.org/stkg/objectEntity	http://example.org/stkg/id/platform_T90
http://example.org/stkg/id/obs_rel_K2BlackPanther_T90_20260205T224141Z_310_d_e	http://example.org/stkg/relationType	http://example.org/stkg/id/relation_ahead_of
http://example.org/stkg/id/obs_rel_K2BlackPanther_T90_20260205T224141Z_310_d_e	http://example.org/stkg/time	"2026-02-05T22:41:41Z"^^<http://www.w3.org/2001/XMLSchema#dateTime>
http://example.org/stkg/id/obs_rel_T90_K2BlackPanther_20260205T224141Z_310_e_d	http://www.w3.org/1999/02/22-rdf-syntax-ns#type	http://example.org/stkg/id/SpatialRelationObservation
http://example.org/stkg/id/obs_rel_T90_K2BlackPanther_20260205T224141Z_310_e_d	http://example.org/stkg/subjectEntity	http://example.org/stkg/id/platform_T90
http://example.org/stkg/id/obs_rel_T90_K2BlackPanther_20260205T224141Z_310_e_d	http://example.org/stkg/objectEntity	http://example.org/stkg/id/platform_K2BlackPanther
http://example.org/stkg/id/obs_rel_T90_K2BlackPanther_20260205T224141Z_310_e_d	http://example.org/stkg/relationType	http://example.org/stkg/id/relation_behind_of
http://example.org/stkg/id/obs_rel_T90_K2BlackPanther_20260205T224141Z_310_e_d	http://example.org/stkg/time	"2026-02-05T22:41:41Z"^^<http://www.w3.org/2001/XMLSchema#dateTime>
http://example.org/stkg/id/obs_rel_BTR80_T90_20260205T224141Z_310_c_e	http://www.w3.org/1999/02/22-rdf-syntax-ns#type	http://example.org/stkg/id/SpatialRelationObservation
http://example.org/stkg/id/obs_rel_BTR80_T90_20260205T224141Z_310_c_e	http://example.org/stkg/subjectEntity	http://example.org/stkg/id/platform_BTR80
http://example.org/stkg/id/obs_rel_BTR80_T90_20260205T224141Z_310_c_e	http://example.org/stkg/objectEntity	http://example.org/stkg/id/platform_T90
http://example.org/stkg/id/obs_rel_BTR80_T90_20260205T224141Z_310_c_e	http://example.org/stkg/relationType	http://example.org/stkg/id/relation_ahead_of
http://example.org/stkg/id/obs_rel_BTR80_T90_20260205T224141Z_310_c_e	http://example.org/stkg/time	"2026-02-05T22:41:41Z"^^<http://www.w3.org/2001/XMLSchema#dateTime>
http://example.org/stkg/id/obs_rel_T90_BTR80_20260205T224141Z_310_e_c	http://www.w3.org/1999/02/22-rdf-syntax-ns#type	http://example.org/stkg/id/SpatialRelationObservation
http://example.org/stkg/id/obs_rel_T90_BTR80_20260205T224141Z_310_e_c	http://example.org/stkg/subjectEntity	http://example.org/stkg/id/platform_T90
http://example.org/stkg/id/obs_rel_T90_BTR80_20260205T224141Z_310_e_c	http://example.org/stkg/objectEntity	http://example.org/stkg/id/platform_BTR80
http://example.org/stkg/id/obs_rel_T90_BTR80_20260205T224141Z_310_e_c	http://example.org/stkg/relationType	http://example.org/stkg/id/relation_behind_of
http://example.org/stkg/id/obs_rel_T90_BTR80_20260205T224141Z_310_e_c	http://example.org/stkg/time	"2026-02-05T22:41:41Z"^^<http://www.w3.org/2001/XMLSchema#dateTime>
http://example.org/stkg/id/obs_rel_BTR80_K2BlackPanther_20260205T224142Z_311_c_d	http://www.w3.org/1999/02/22-rdf-syntax-ns#type	http://example.org/stkg/id/SpatialRelationObservation
http://example.org/stkg/id/obs_rel_BTR80_K2BlackPanther_20260205T224142Z_311_c_d	http://example.org/stkg/subjectEntity	http://example.org/stkg/id/platform_BTR80
http://example.org/stkg/id/obs_rel_BTR80_K2BlackPanther_20260205T224142Z_311_c_d	http://example.org/stkg/objectEntity	http://example.org/stkg/id/platform_K2BlackPanther
http://example.org/stkg/id/obs_rel_BTR80_K2BlackPanther_20260205T224142Z_311_c_d	http://example.org/stkg/relationType	http://example.org/stkg/id/relation_ahead_of
http://example.org/stkg/id/obs_rel_BTR80_K2BlackPanther_20260205T224142Z_311_c_d	http://example.org/stkg/time	"2026-02-05T22:41:42Z"^^<http://www.w3.org/2001/XMLSchema#dateTime>
http://example.org/stkg/id/obs_rel_K2BlackPanther_BTR80_20260205T224142Z_311_d_c	http://www.w3.org/1999/02/22-rdf-syntax-ns#type	http://example.org/stkg/id/SpatialRelationObservation
http://example.org/stkg/id/obs_rel_K2BlackPanther_BTR80_20260205T224142Z_311_d_c	http://example.org/stkg/subjectEntity	http://example.org/stkg/id/platform_K2BlackPanther
http://example.org/stkg/id/obs_rel_K2BlackPanther_BTR80_20260205T224142Z_311_d_c	http://example.org/stkg/objectEntity	http://example.org/stkg/id/platform_BTR80
http://example.org/stkg/id/obs_rel_K2BlackPanther_BTR80_20260205T224142Z_311_d_c	http://example.org/stkg/relationType	http://example.org/stkg/id/relation_behind_of
http://example.org/stkg/id/obs_rel_K2BlackPanther_BTR80_20260205T224142Z_311_d_c	http://example.org/stkg/time	"2026-02-05T22:41:42Z"^^<http://www.w3.org/2001/XMLSchema#dateTime>
http://example.org/stkg/id/obs_rel_K2BlackPanther_T90_20260205T224142Z_311_d_e	http://www.w3.org/1999/02/22-rdf-syntax-ns#type	http://example.org/stkg/id/SpatialRelationObservation
http://example.org/stkg/id/obs_rel_K2BlackPanther_T90_20260205T224142Z_311_d_e	http://example.org/stkg/subjectEntity	http://example.org/stkg/id/platform_K2BlackPanther
http://example.org/stkg/id/obs_rel_K2BlackPanther_T90_20260205T224142Z_311_d_e	http://example.org/stkg/objectEntity	http://example.org/stkg/id/platform_T90
http://example.org/stkg/id/obs_rel_K2BlackPanther_T90_20260205T224142Z_311_d_e	http://example.org/stkg/relationType	http://example.org/stkg/id/relation_ahead_of
http://example.org/stkg/id/obs_rel_K2BlackPanther_T90_20260205T224142Z_311_d_e	http://example.org/stkg/time	"2026-02-05T22:41:42Z"^^<http://www.w3.org/2001/XMLSchema#dateTime>
http://example.org/stkg/id/obs_rel_T90_K2BlackPanther_20260205T224142Z_311_e_d	http://www.w3.org/1999/02/22-rdf-syntax-ns#type	http://example.org/stkg/id/SpatialRelationObservation
http://example.org/stkg/id/obs_rel_T90_K2BlackPanther_20260205T224142Z_311_e_d	http://example.org/stkg/subjectEntity	http://example.org/stkg/id/platform_T90
http://example.org/stkg/id/obs_rel_T90_K2BlackPanther_20260205T224142Z_311_e_d	http://example.org/stkg/objectEntity	http://example.org/stkg/id/platform_K2BlackPanther
http://example.org/stkg/id/obs_rel_T90_K2BlackPanther_20260205T224142Z_311_e_d	http://example.org/stkg/relationType	http://example.org/stkg/id/relation_behind_of
http://example.org/stkg/id/obs_rel_T90_K2BlackPanther_20260205T224142Z_311_e_d	http://example.org/stkg/time	"2026-02-05T22:41:42Z"^^<http://www.w3.org/2001/XMLSchema#dateTime>
http://example.org/stkg/id/obs_rel_BTR80_T90_20260205T224142Z_311_c_e	http://www.w3.org/1999/02/22-rdf-syntax-ns#type	http://example.org/stkg/id/SpatialRelationObservation
http://example.org/stkg/id/obs_rel_BTR80_T90_20260205T224142Z_311_c_e	http://example.org/stkg/subjectEntity	http://example.org/stkg/id/platform_BTR80
http://example.org/stkg/id/obs_rel_BTR80_T90_20260205T224142Z_311_c_e	http://example.org/stkg/objectEntity	http://example.org/stkg/id/platform_T90
http://example.org/stkg/id/obs_rel_BTR80_T90_20260205T224142Z_311_c_e	http://example.org/stkg/relationType	http://example.org/stkg/id/relation_ahead_of
http://example.org/stkg/id/obs_rel_BTR80_T90_20260205T224142Z_311_c_e	http://example.org/stkg/time	"2026-02-05T22:41:42Z"^^<http://www.w3.org/2001/XMLSchema#dateTime>
http://example.org/stkg/id/obs_rel_T90_BTR80_20260205T224142Z_311_e_c	http://www.w3.org/1999/02/22-rdf-syntax-ns#type	http://example.org/stkg/id/SpatialRelationObservation
http://example.org/stkg/id/obs_rel_T90_BTR80_20260205T224142Z_311_e_c	http://example.org/stkg/subjectEntity	http://example.org/stkg/id/platform_T90
http://example.org/stkg/id/obs_rel_T90_BTR80_20260205T224142Z_311_e_c	http://example.org/stkg/objectEntity	http://example.org/stkg/id/platform_BTR80
http://example.org/stkg/id/obs_rel_T90_BTR80_20260205T224142Z_311_e_c	http://example.org/stkg/relationType	http://example.org/stkg/id/relation_behind_of
http://example.org/stkg/id/obs_rel_T90_BTR80_20260205T224142Z_311_e_c	http://example.org/stkg/time	"2026-02-05T22:41:42Z"^^<http://www.w3.org/2001/XMLSchema#dateTime>
http://example.org/stkg/id/obs_rel_BTR80_K2BlackPanther_20260205T224143Z_312_c_d	http://www.w3.org/1999/02/22-rdf-syntax-ns#type	http://example.org/stkg/id/SpatialRelationObservation
http://example.org/stkg/id/obs_rel_BTR80_K2BlackPanther_20260205T224143Z_312_c_d	http://example.org/stkg/subjectEntity	http://example.org/stkg/id/platform_BTR80
http://example.org/stkg/id/obs_rel_BTR80_K2BlackPanther_20260205T224143Z_312_c_d	http://example.org/stkg/objectEntity	http://example.org/stkg/id/platform_K2BlackPanther
http://example.org/stkg/id/obs_rel_BTR80_K2BlackPanther_20260205T224143Z_312_c_d	http://example.org/stkg/relationType	http://example.org/stkg/id/relation_ahead_of
http://example.org/stkg/id/obs_rel_BTR80_K2BlackPanther_20260205T224143Z_312_c_d	http://example.org/stkg/time	"2026-02-05T22:41:43Z"^^<http://www.w3.org/2001/XMLSchema#dateTime>
http://example.org/stkg/id/obs_rel_K2BlackPanther_BTR80_20260205T224143Z_312_d_c	http://www.w3.org/1999/02/22-rdf-syntax-ns#type	http://example.org/stkg/id/SpatialRelationObservation
http://example.org/stkg/id/obs_rel_K2BlackPanther_BTR80_20260205T224143Z_312_d_c	http://example.org/stkg/subjectEntity	http://example.org/stkg/id/platform_K2BlackPanther
http://example.org/stkg/id/obs_rel_K2BlackPanther_BTR80_20260205T224143Z_312_d_c	http://example.org/stkg/objectEntity	http://example.org/stkg/id/platform_BTR80
http://example.org/stkg/id/obs_rel_K2BlackPanther_BTR80_20260205T224143Z_312_d_c	http://example.org/stkg/relationType	http://example.org/stkg/id/relation_behind_of
http://example.org/stkg/id/obs_rel_K2BlackPanther_BTR80_20260205T224143Z_312_d_c	http://example.org/stkg/time	"2026-02-05T22:41:43Z"^^<http://www.w3.org/2001/XMLSchema#dateTime>
http://example.org/stkg/id/obs_rel_K2BlackPanther_T90_20260205T224143Z_312_d_e	http://www.w3.org/1999/02/22-rdf-syntax-ns#type	http://example.org/stkg/id/SpatialRelationObservation
http://example.org/stkg/id/obs_rel_K2BlackPanther_T90_20260205T224143Z_312_d_e	http://example.org/stkg/subjectEntity	http://example.org/stkg/id/platform_K2BlackPanther
http://example.org/stkg/id/obs_rel_K2BlackPanther_T90_20260205T224143Z_312_d_e	http://example.org/stkg/objectEntity	http://example.org/stkg/id/platform_T90
http://example.org/stkg/id/obs_rel_K2BlackPanther_T90_20260205T224143Z_312_d_e	http://example.org/stkg/relationType	http://example.org/stkg/id/relation_ahead_of
http://example.org/stkg/id/obs_rel_K2BlackPanther_T90_20260205T224143Z_312_d_e	http://example.org/stkg/time	"2026-02-05T22:41:43Z"^^<http://www.w3.org/2001/XMLSchema#dateTime>
http://example.org/stkg/id/obs_rel_T90_K2BlackPanther_20260205T224143Z_312_e_d	http://www.w3.org/1999/02/22-rdf-syntax-ns#type	http://example.org/stkg/id/SpatialRelationObservation
http://example.org/stkg/id/obs_rel_T90_K2BlackPanther_20260205T224143Z_312_e_d	http://example.org/stkg/subjectEntity	http://example.org/stkg/id/platform_T90
http://example.org/stkg/id/obs_rel_T90_K2BlackPanther_20260205T224143Z_312_e_d	http://example.org/stkg/objectEntity	http://example.org/stkg/id/platform_K2BlackPanther
http://example.org/stkg/id/obs_rel_T90_K2BlackPanther_20260205T224143Z_312_e_d	http://example.org/stkg/relationType	http://example.org/stkg/id/relation_behind_of
http://example.org/stkg/id/obs_rel_T90_K2BlackPanther_20260205T224143Z_312_e_d	http://example.org/stkg/time	"2026-02-05T22:41:43Z"^^<http://www.w3.org/2001/XMLSchema#dateTime>
http://example.org/stkg/id/obs_rel_BTR80_T90_20260205T224143Z_312_c_e	http://www.w3.org/1999/02/22-rdf-syntax-ns#type	http://example.org/stkg/id/SpatialRelationObservation
http://example.org/stkg/id/obs_rel_BTR80_T90_20260205T224143Z_312_c_e	http://example.org/stkg/subjectEntity	http://example.org/stkg/id/platform_BTR80
http://example.org/stkg/id/obs_rel_BTR80_T90_20260205T224143Z_312_c_e	http://example.org/stkg/objectEntity	http://example.org/stkg/id/platform_T90
http://example.org/stkg/id/obs_rel_BTR80_T90_20260205T224143Z_312_c_e	http://example.org/stkg/relationType	http://example.org/stkg/id/relation_ahead_of
http://example.org/stkg/id/obs_rel_BTR80_T90_20260205T224143Z_312_c_e	http://example.org/stkg/time	"2026-02-05T22:41:43Z"^^<http://www.w3.org/2001/XMLSchema#dateTime>
http://example.org/stkg/id/obs_rel_T90_BTR80_20260205T224143Z_312_e_c	http://www.w3.org/1999/02/22-rdf-syntax-ns#type	http://example.org/stkg/id/SpatialRelationObservation
http://example.org/stkg/id/obs_rel_T90_BTR80_20260205T224143Z_312_e_c	http://example.org/stkg/subjectEntity	http://example.org/stkg/id/platform_T90
http://example.org/stkg/id/obs_rel_T90_BTR80_20260205T224143Z_312_e_c	http://example.org/stkg/objectEntity	http://example.org/stkg/id/platform_BTR80
http://example.org/stkg/id/obs_rel_T90_BTR80_20260205T224143Z_312_e_c	http://example.org/stkg/relationType	http://example.org/stkg/id/relation_behind_of
http://example.org/stkg/id/obs_rel_T90_BTR80_20260205T224143Z_312_e_c	http://example.org/stkg/time	"2026-02-05T22:41:43Z"^^<http://www.w3.org/2001/XMLSchema#dateTime>
http://example.org/stkg/id/obs_rel_BTR80_K2BlackPanther_20260205T224144Z_313_c_d	http://www.w3.org/1999/02/22-rdf-syntax-ns#type	http://example.org/stkg/id/SpatialRelationObservation
http://example.org/stkg/id/obs_rel_BTR80_K2BlackPanther_20260205T224144Z_313_c_d	http://example.org/stkg/subjectEntity	http://example.org/stkg/id/platform_BTR80
http://example.org/stkg/id/obs_rel_BTR80_K2BlackPanther_20260205T224144Z_313_c_d	http://example.org/stkg/objectEntity	http://example.org/stkg/id/platform_K2BlackPanther
http://example.org/stkg/id/obs_rel_BTR80_K2BlackPanther_20260205T224144Z_313_c_d	http://example.org/stkg/relationType	http://example.org/stkg/id/relation_ahead_of
http://example.org/stkg/id/obs_rel_BTR80_K2BlackPanther_20260205T224144Z_313_c_d	http://example.org/stkg/time	"2026-02-05T22:41:44Z"^^<http://www.w3.org/2001/XMLSchema#dateTime>
http://example.org/stkg/id/obs_rel_K2BlackPanther_BTR80_20260205T224144Z_313_d_c	http://www.w3.org/1999/02/22-rdf-syntax-ns#type	http://example.org/stkg/id/SpatialRelationObservation
http://example.org/stkg/id/obs_rel_K2BlackPanther_BTR80_20260205T224144Z_313_d_c	http://example.org/stkg/subjectEntity	http://example.org/stkg/id/platform_K2BlackPanther
http://example.org/stkg/id/obs_rel_K2BlackPanther_BTR80_20260205T224144Z_313_d_c	http://example.org/stkg/objectEntity	http://example.org/stkg/id/platform_BTR80
http://example.org/stkg/id/obs_rel_K2BlackPanther_BTR80_20260205T224144Z_313_d_c	http://example.org/stkg/relationType	http://example.org/stkg/id/relation_behind_of
http://example.org/stkg/id/obs_rel_K2BlackPanther_BTR80_20260205T224144Z_313_d_c	http://example.org/stkg/time	"2026-02-05T22:41:44Z"^^<http://www.w3.org/2001/XMLSchema#dateTime>
http://example.org/stkg/id/obs_rel_K2BlackPanther_T90_20260205T224144Z_313_d_e	http://www.w3.org/1999/02/22-rdf-syntax-ns#type	http://example.org/stkg/id/SpatialRelationObservation
http://example.org/stkg/id/obs_rel_K2BlackPanther_T90_20260205T224144Z_313_d_e	http://example.org/stkg/subjectEntity	http://example.org/stkg/id/platform_K2BlackPanther
http://example.org/stkg/id/obs_rel_K2BlackPanther_T90_20260205T224144Z_313_d_e	http://example.org/stkg/objectEntity	http://example.org/stkg/id/platform_T90
http://example.org/stkg/id/obs_rel_K2BlackPanther_T90_20260205T224144Z_313_d_e	http://example.org/stkg/relationType	http://example.org/stkg/id/relation_ahead_of
http://example.org/stkg/id/obs_rel_K2BlackPanther_T90_20260205T224144Z_313_d_e	http://example.org/stkg/time	"2026-02-05T22:41:44Z"^^<http://www.w3.org/2001/XMLSchema#dateTime>
http://example.org/stkg/id/obs_rel_T90_K2BlackPanther_20260205T224144Z_313_e_d	http://www.w3.org/1999/02/22-rdf-syntax-ns#type	http://example.org/stkg/id/SpatialRelationObservation
http://example.org/stkg/id/obs_rel_T90_K2BlackPanther_20260205T224144Z_313_e_d	http://example.org/stkg/subjectEntity	http://example.org/stkg/id/platform_T90
http://example.org/stkg/id/obs_rel_T90_K2BlackPanther_20260205T224144Z_313_e_d	http://example.org/stkg/objectEntity	http://example.org/stkg/id/platform_K2BlackPanther
http://example.org/stkg/id/obs_rel_T90_K2BlackPanther_20260205T224144Z_313_e_d	http://example.org/stkg/relationType	http://example.org/stkg/id/relation_behind_of
http://example.org/stkg/id/obs_rel_T90_K2BlackPanther_20260205T224144Z_313_e_d	http://example.org/stkg/time	"2026-02-05T22:41:44Z"^^<http://www.w3.org/2001/XMLSchema#dateTime>
http://example.org/stkg/id/obs_rel_BTR80_T90_20260205T224144Z_313_c_e	http://www.w3.org/1999/02/22-rdf-syntax-ns#type	http://example.org/stkg/id/SpatialRelationObservation
http://example.org/stkg/id/obs_rel_BTR80_T90_20260205T224144Z_313_c_e	http://example.org/stkg/subjectEntity	http://example.org/stkg/id/platform_BTR80
http://example.org/stkg/id/obs_rel_BTR80_T90_20260205T224144Z_313_c_e	http://example.org/stkg/objectEntity	http://example.org/stkg/id/platform_T90
http://example.org/stkg/id/obs_rel_BTR80_T90_20260205T224144Z_313_c_e	http://example.org/stkg/relationType	http://example.org/stkg/id/relation_ahead_of
http://example.org/stkg/id/obs_rel_BTR80_T90_20260205T224144Z_313_c_e	http://example.org/stkg/time	"2026-02-05T22:41:44Z"^^<http://www.w3.org/2001/XMLSchema#dateTime>
http://example.org/stkg/id/obs_rel_T90_BTR80_20260205T224144Z_313_e_c	http://www.w3.org/1999/02/22-rdf-syntax-ns#type	http://example.org/stkg/id/SpatialRelationObservation
http://example.org/stkg/id/obs_rel_T90_BTR80_20260205T224144Z_313_e_c	http://example.org/stkg/subjectEntity	http://example.org/stkg/id/platform_T90
http://example.org/stkg/id/obs_rel_T90_BTR80_20260205T224144Z_313_e_c	http://example.org/stkg/objectEntity	http://example.org/stkg/id/platform_BTR80
http://example.org/stkg/id/obs_rel_T90_BTR80_20260205T224144Z_313_e_c	http://example.org/stkg/relationType	http://example.org/stkg/id/relation_behind_of
http://example.org/stkg/id/obs_rel_T90_BTR80_20260205T224144Z_313_e_c	http://example.org/stkg/time	"2026-02-05T22:41:44Z"^^<http://www.w3.org/2001/XMLSchema#dateTime>
http://example.org/stkg/id/obs_rel_BTR80_K2BlackPanther_20260205T224145Z_314_c_d	http://www.w3.org/1999/02/22-rdf-syntax-ns#type	http://example.org/stkg/id/SpatialRelationObservation
http://example.org/stkg/id/obs_rel_BTR80_K2BlackPanther_20260205T224145Z_314_c_d	http://example.org/stkg/subjectEntity	http://example.org/stkg/id/platform_BTR80
http://example.org/stkg/id/obs_rel_BTR80_K2BlackPanther_20260205T224145Z_314_c_d	http://example.org/stkg/objectEntity	http://example.org/stkg/id/platform_K2BlackPanther
http://example.org/stkg/id/obs_rel_BTR80_K2BlackPanther_20260205T224145Z_314_c_d	http://example.org/stkg/relationType	http://example.org/stkg/id/relation_ahead_of
http://example.org/stkg/id/obs_rel_BTR80_K2BlackPanther_20260205T224145Z_314_c_d	http://example.org/stkg/time	"2026-02-05T22:41:45Z"^^<http://www.w3.org/2001/XMLSchema#dateTime>
http://example.org/stkg/id/obs_rel_K2BlackPanther_BTR80_20260205T224145Z_314_d_c	http://www.w3.org/1999/02/22-rdf-syntax-ns#type	http://example.org/stkg/id/SpatialRelationObservation
http://example.org/stkg/id/obs_rel_K2BlackPanther_BTR80_20260205T224145Z_314_d_c	http://example.org/stkg/subjectEntity	http://example.org/stkg/id/platform_K2BlackPanther
http://example.org/stkg/id/obs_rel_K2BlackPanther_BTR80_20260205T224145Z_314_d_c	http://example.org/stkg/objectEntity	http://example.org/stkg/id/platform_BTR80
http://example.org/stkg/id/obs_rel_K2BlackPanther_BTR80_20260205T224145Z_314_d_c	http://example.org/stkg/relationType	http://example.org/stkg/id/relation_behind_of
http://example.org/stkg/id/obs_rel_K2BlackPanther_BTR80_20260205T224145Z_314_d_c	http://example.org/stkg/time	"2026-02-05T22:41:45Z"^^<http://www.w3.org/2001/XMLSchema#dateTime>
http://example.org/stkg/id/obs_rel_K2BlackPanther_T90_20260205T224145Z_314_d_e	http://www.w3.org/1999/02/22-rdf-syntax-ns#type	http://example.org/stkg/id/SpatialRelationObservation
http://example.org/stkg/id/obs_rel_K2BlackPanther_T90_20260205T224145Z_314_d_e	http://example.org/stkg/subjectEntity	http://example.org/stkg/id/platform_K2BlackPanther
http://example.org/stkg/id/obs_rel_K2BlackPanther_T90_20260205T224145Z_314_d_e	http://example.org/stkg/objectEntity	http://example.org/stkg/id/platform_T90
http://example.org/stkg/id/obs_rel_K2BlackPanther_T90_20260205T224145Z_314_d_e	http://example.org/stkg/relationType	http://example.org/stkg/id/relation_ahead_of
http://example.org/stkg/id/obs_rel_K2BlackPanther_T90_20260205T224145Z_314_d_e	http://example.org/stkg/time	"2026-02-05T22:41:45Z"^^<http://www.w3.org/2001/XMLSchema#dateTime>
http://example.org/stkg/id/obs_rel_T90_K2BlackPanther_20260205T224145Z_314_e_d	http://www.w3.org/1999/02/22-rdf-syntax-ns#type	http://example.org/stkg/id/SpatialRelationObservation
http://example.org/stkg/id/obs_rel_T90_K2BlackPanther_20260205T224145Z_314_e_d	http://example.org/stkg/subjectEntity	http://example.org/stkg/id/platform_T90
http://example.org/stkg/id/obs_rel_T90_K2BlackPanther_20260205T224145Z_314_e_d	http://example.org/stkg/objectEntity	http://example.org/stkg/id/platform_K2BlackPanther
http://example.org/stkg/id/obs_rel_T90_K2BlackPanther_20260205T224145Z_314_e_d	http://example.org/stkg/relationType	http://example.org/stkg/id/relation_behind_of
http://example.org/stkg/id/obs_rel_T90_K2BlackPanther_20260205T224145Z_314_e_d	http://example.org/stkg/time	"2026-02-05T22:41:45Z"^^<http://www.w3.org/2001/XMLSchema#dateTime>
http://example.org/stkg/id/obs_rel_BTR80_T90_20260205T224145Z_314_c_e	http://www.w3.org/1999/02/22-rdf-syntax-ns#type	http://example.org/stkg/id/SpatialRelationObservation
http://example.org/stkg/id/obs_rel_BTR80_T90_20260205T224145Z_314_c_e	http://example.org/stkg/subjectEntity	http://example.org/stkg/id/platform_BTR80
http://example.org/stkg/id/obs_rel_BTR80_T90_20260205T224145Z_314_c_e	http://example.org/stkg/objectEntity	http://example.org/stkg/id/platform_T90
http://example.org/stkg/id/obs_rel_BTR80_T90_20260205T224145Z_314_c_e	http://example.org/stkg/relationType	http://example.org/stkg/id/relation_ahead_of
http://example.org/stkg/id/obs_rel_BTR80_T90_20260205T224145Z_314_c_e	http://example.org/stkg/time	"2026-02-05T22:41:45Z"^^<http://www.w3.org/2001/XMLSchema#dateTime>
http://example.org/stkg/id/obs_rel_T90_BTR80_20260205T224145Z_314_e_c	http://www.w3.org/1999/02/22-rdf-syntax-ns#type	http://example.org/stkg/id/SpatialRelationObservation
http://example.org/stkg/id/obs_rel_T90_BTR80_20260205T224145Z_314_e_c	http://example.org/stkg/subjectEntity	http://example.org/stkg/id/platform_T90
http://example.org/stkg/id/obs_rel_T90_BTR80_20260205T224145Z_314_e_c	http://example.org/stkg/objectEntity	http://example.org/stkg/id/platform_BTR80
http://example.org/stkg/id/obs_rel_T90_BTR80_20260205T224145Z_314_e_c	http://example.org/stkg/relationType	http://example.org/stkg/id/relation_behind_of
http://example.org/stkg/id/obs_rel_T90_BTR80_20260205T224145Z_314_e_c	http://example.org/stkg/time	"2026-02-05T22:41:45Z"^^<http://www.w3.org/2001/XMLSchema#dateTime>
http://example.org/stkg/id/obs_rel_BTR80_K2BlackPanther_20260205T224146Z_315_c_d	http://www.w3.org/1999/02/22-rdf-syntax-ns#type	http://example.org/stkg/id/SpatialRelationObservation
http://example.org/stkg/id/obs_rel_BTR80_K2BlackPanther_20260205T224146Z_315_c_d	http://example.org/stkg/subjectEntity	http://example.org/stkg/id/platform_BTR80
http://example.org/stkg/id/obs_rel_BTR80_K2BlackPanther_20260205T224146Z_315_c_d	http://example.org/stkg/objectEntity	http://example.org/stkg/id/platform_K2BlackPanther
http://example.org/stkg/id/obs_rel_BTR80_K2BlackPanther_20260205T224146Z_315_c_d	http://example.org/stkg/relationType	http://example.org/stkg/id/relation_ahead_of
http://example.org/stkg/id/obs_rel_BTR80_K2BlackPanther_20260205T224146Z_315_c_d	http://example.org/stkg/time	"2026-02-05T22:41:46Z"^^<http://www.w3.org/2001/XMLSchema#dateTime>
http://example.org/stkg/id/obs_rel_K2BlackPanther_BTR80_20260205T224146Z_315_d_c	http://www.w3.org/1999/02/22-rdf-syntax-ns#type	http://example.org/stkg/id/SpatialRelationObservation
http://example.org/stkg/id/obs_rel_K2BlackPanther_BTR80_20260205T224146Z_315_d_c	http://example.org/stkg/subjectEntity	http://example.org/stkg/id/platform_K2BlackPanther
http://example.org/stkg/id/obs_rel_K2BlackPanther_BTR80_20260205T224146Z_315_d_c	http://example.org/stkg/objectEntity	http://example.org/stkg/id/platform_BTR80
http://example.org/stkg/id/obs_rel_K2BlackPanther_BTR80_20260205T224146Z_315_d_c	http://example.org/stkg/relationType	http://example.org/stkg/id/relation_behind_of
http://example.org/stkg/id/obs_rel_K2BlackPanther_BTR80_20260205T224146Z_315_d_c	http://example.org/stkg/time	"2026-02-05T22:41:46Z"^^<http://www.w3.org/2001/XMLSchema#dateTime>
http://example.org/stkg/id/obs_rel_K2BlackPanther_T90_20260205T224146Z_315_d_e	http://www.w3.org/1999/02/22-rdf-syntax-ns#type	http://example.org/stkg/id/SpatialRelationObservation
http://example.org/stkg/id/obs_rel_K2BlackPanther_T90_20260205T224146Z_315_d_e	http://example.org/stkg/subjectEntity	http://example.org/stkg/id/platform_K2BlackPanther
http://example.org/stkg/id/obs_rel_K2BlackPanther_T90_20260205T224146Z_315_d_e	http://example.org/stkg/objectEntity	http://example.org/stkg/id/platform_T90
http://example.org/stkg/id/obs_rel_K2BlackPanther_T90_20260205T224146Z_315_d_e	http://example.org/stkg/relationType	http://example.org/stkg/id/relation_ahead_of
http://example.org/stkg/id/obs_rel_K2BlackPanther_T90_20260205T224146Z_315_d_e	http://example.org/stkg/time	"2026-02-05T22:41:46Z"^^<http://www.w3.org/2001/XMLSchema#dateTime>
http://example.org/stkg/id/obs_rel_T90_K2BlackPanther_20260205T224146Z_315_e_d	http://www.w3.org/1999/02/22-rdf-syntax-ns#type	http://example.org/stkg/id/SpatialRelationObservation
http://example.org/stkg/id/obs_rel_T90_K2BlackPanther_20260205T224146Z_315_e_d	http://example.org/stkg/subjectEntity	http://example.org/stkg/id/platform_T90
http://example.org/stkg/id/obs_rel_T90_K2BlackPanther_20260205T224146Z_315_e_d	http://example.org/stkg/objectEntity	http://example.org/stkg/id/platform_K2BlackPanther
http://example.org/stkg/id/obs_rel_T90_K2BlackPanther_20260205T224146Z_315_e_d	http://example.org/stkg/relationType	http://example.org/stkg/id/relation_behind_of
http://example.org/stkg/id/obs_rel_T90_K2BlackPanther_20260205T224146Z_315_e_d	http://example.org/stkg/time	"2026-02-05T22:41:46Z"^^<http://www.w3.org/2001/XMLSchema#dateTime>
http://example.org/stkg/id/obs_rel_BTR80_T90_20260205T224146Z_315_c_e	http://www.w3.org/1999/02/22-rdf-syntax-ns#type	http://example.org/stkg/id/SpatialRelationObservation
http://example.org/stkg/id/obs_rel_BTR80_T90_20260205T224146Z_315_c_e	http://example.org/stkg/subjectEntity	http://example.org/stkg/id/platform_BTR80
http://example.org/stkg/id/obs_rel_BTR80_T90_20260205T224146Z_315_c_e	http://example.org/stkg/objectEntity	http://example.org/stkg/id/platform_T90
http://example.org/stkg/id/obs_rel_BTR80_T90_20260205T224146Z_315_c_e	http://example.org/stkg/relationType	http://example.org/stkg/id/relation_ahead_of
http://example.org/stkg/id/obs_rel_BTR80_T90_20260205T224146Z_315_c_e	http://example.org/stkg/time	"2026-02-05T22:41:46Z"^^<http://www.w3.org/2001/XMLSchema#dateTime>
http://example.org/stkg/id/obs_rel_T90_BTR80_20260205T224146Z_315_e_c	http://www.w3.org/1999/02/22-rdf-syntax-ns#type	http://example.org/stkg/id/SpatialRelationObservation
http://example.org/stkg/id/obs_rel_T90_BTR80_20260205T224146Z_315_e_c	http://example.org/stkg/subjectEntity	http://example.org/stkg/id/platform_T90
http://example.org/stkg/id/obs_rel_T90_BTR80_20260205T224146Z_315_e_c	http://example.org/stkg/objectEntity	http://example.org/stkg/id/platform_BTR80
http://example.org/stkg/id/obs_rel_T90_BTR80_20260205T224146Z_315_e_c	http://example.org/stkg/relationType	http://example.org/stkg/id/relation_behind_of
http://example.org/stkg/id/obs_rel_T90_BTR80_20260205T224146Z_315_e_c	http://example.org/stkg/time	"2026-02-05T22:41:46Z"^^<http://www.w3.org/2001/XMLSchema#dateTime>
http://example.org/stkg/id/obs_rel_BTR80_K2BlackPanther_20260205T224147Z_316_c_d	http://www.w3.org/1999/02/22-rdf-syntax-ns#type	http://example.org/stkg/id/SpatialRelationObservation
http://example.org/stkg/id/obs_rel_BTR80_K2BlackPanther_20260205T224147Z_316_c_d	http://example.org/stkg/subjectEntity	http://example.org/stkg/id/platform_BTR80
http://example.org/stkg/id/obs_rel_BTR80_K2BlackPanther_20260205T224147Z_316_c_d	http://example.org/stkg/objectEntity	http://example.org/stkg/id/platform_K2BlackPanther
http://example.org/stkg/id/obs_rel_BTR80_K2BlackPanther_20260205T224147Z_316_c_d	http://example.org/stkg/relationType	http://example.org/stkg/id/relation_ahead_of
http://example.org/stkg/id/obs_rel_BTR80_K2BlackPanther_20260205T224147Z_316_c_d	http://example.org/stkg/time	"2026-02-05T22:41:47Z"^^<http://www.w3.org/2001/XMLSchema#dateTime>
http://example.org/stkg/id/obs_rel_K2BlackPanther_BTR80_20260205T224147Z_316_d_c	http://www.w3.org/1999/02/22-rdf-syntax-ns#type	http://example.org/stkg/id/SpatialRelationObservation
http://example.org/stkg/id/obs_rel_K2BlackPanther_BTR80_20260205T224147Z_316_d_c	http://example.org/stkg/subjectEntity	http://example.org/stkg/id/platform_K2BlackPanther
http://example.org/stkg/id/obs_rel_K2BlackPanther_BTR80_20260205T224147Z_316_d_c	http://example.org/stkg/objectEntity	http://example.org/stkg/id/platform_BTR80
http://example.org/stkg/id/obs_rel_K2BlackPanther_BTR80_20260205T224147Z_316_d_c	http://example.org/stkg/relationType	http://example.org/stkg/id/relation_behind_of
http://example.org/stkg/id/obs_rel_K2BlackPanther_BTR80_20260205T224147Z_316_d_c	http://example.org/stkg/time	"2026-02-05T22:41:47Z"^^<http://www.w3.org/2001/XMLSchema#dateTime>
http://example.org/stkg/id/obs_rel_K2BlackPanther_T90_20260205T224147Z_316_d_e	http://www.w3.org/1999/02/22-rdf-syntax-ns#type	http://example.org/stkg/id/SpatialRelationObservation
http://example.org/stkg/id/obs_rel_K2BlackPanther_T90_20260205T224147Z_316_d_e	http://example.org/stkg/subjectEntity	http://example.org/stkg/id/platform_K2BlackPanther
http://example.org/stkg/id/obs_rel_K2BlackPanther_T90_20260205T224147Z_316_d_e	http://example.org/stkg/objectEntity	http://example.org/stkg/id/platform_T90
http://example.org/stkg/id/obs_rel_K2BlackPanther_T90_20260205T224147Z_316_d_e	http://example.org/stkg/relationType	http://example.org/stkg/id/relation_ahead_of
http://example.org/stkg/id/obs_rel_K2BlackPanther_T90_20260205T224147Z_316_d_e	http://example.org/stkg/time	"2026-02-05T22:41:47Z"^^<http://www.w3.org/2001/XMLSchema#dateTime>
http://example.org/stkg/id/obs_rel_T90_K2BlackPanther_20260205T224147Z_316_e_d	http://www.w3.org/1999/02/22-rdf-syntax-ns#type	http://example.org/stkg/id/SpatialRelationObservation
http://example.org/stkg/id/obs_rel_T90_K2BlackPanther_20260205T224147Z_316_e_d	http://example.org/stkg/subjectEntity	http://example.org/stkg/id/platform_T90
http://example.org/stkg/id/obs_rel_T90_K2BlackPanther_20260205T224147Z_316_e_d	http://example.org/stkg/objectEntity	http://example.org/stkg/id/platform_K2BlackPanther
http://example.org/stkg/id/obs_rel_T90_K2BlackPanther_20260205T224147Z_316_e_d	http://example.org/stkg/relationType	http://example.org/stkg/id/relation_behind_of
http://example.org/stkg/id/obs_rel_T90_K2BlackPanther_20260205T224147Z_316_e_d	http://example.org/stkg/time	"2026-02-05T22:41:47Z"^^<http://www.w3.org/2001/XMLSchema#dateTime>
http://example.org/stkg/id/obs_rel_BTR80_T90_20260205T224147Z_316_c_e	http://www.w3.org/1999/02/22-rdf-syntax-ns#type	http://example.org/stkg/id/SpatialRelationObservation
http://example.org/stkg/id/obs_rel_BTR80_T90_20260205T224147Z_316_c_e	http://example.org/stkg/subjectEntity	http://example.org/stkg/id/platform_BTR80
http://example.org/stkg/id/obs_rel_BTR80_T90_20260205T224147Z_316_c_e	http://example.org/stkg/objectEntity	http://example.org/stkg/id/platform_T90
http://example.org/stkg/id/obs_rel_BTR80_T90_20260205T224147Z_316_c_e	http://example.org/stkg/relationType	http://example.org/stkg/id/relation_ahead_of
http://example.org/stkg/id/obs_rel_BTR80_T90_20260205T224147Z_316_c_e	http://example.org/stkg/time	"2026-02-05T22:41:47Z"^^<http://www.w3.org/2001/XMLSchema#dateTime>
http://example.org/stkg/id/obs_rel_T90_BTR80_20260205T224147Z_316_e_c	http://www.w3.org/1999/02/22-rdf-syntax-ns#type	http://example.org/stkg/id/SpatialRelationObservation
http://example.org/stkg/id/obs_rel_T90_BTR80_20260205T224147Z_316_e_c	http://example.org/stkg/subjectEntity	http://example.org/stkg/id/platform_T90
http://example.org/stkg/id/obs_rel_T90_BTR80_20260205T224147Z_316_e_c	http://example.org/stkg/objectEntity	http://example.org/stkg/id/platform_BTR80
http://example.org/stkg/id/obs_rel_T90_BTR80_20260205T224147Z_316_e_c	http://example.org/stkg/relationType	http://example.org/stkg/id/relation_behind_of
http://example.org/stkg/id/obs_rel_T90_BTR80_20260205T224147Z_316_e_c	http://example.org/stkg/time	"2026-02-05T22:41:47Z"^^<http://www.w3.org/2001/XMLSchema#dateTime>
http://example.org/stkg/id/obs_rel_BTR80_K2BlackPanther_20260205T224148Z_317_c_d	http://www.w3.org/1999/02/22-rdf-syntax-ns#type	http://example.org/stkg/id/SpatialRelationObservation
http://example.org/stkg/id/obs_rel_BTR80_K2BlackPanther_20260205T224148Z_317_c_d	http://example.org/stkg/subjectEntity	http://example.org/stkg/id/platform_BTR80
http://example.org/stkg/id/obs_rel_BTR80_K2BlackPanther_20260205T224148Z_317_c_d	http://example.org/stkg/objectEntity	http://example.org/stkg/id/platform_K2BlackPanther
http://example.org/stkg/id/obs_rel_BTR80_K2BlackPanther_20260205T224148Z_317_c_d	http://example.org/stkg/relationType	http://example.org/stkg/id/relation_ahead_of
http://example.org/stkg/id/obs_rel_BTR80_K2BlackPanther_20260205T224148Z_317_c_d	http://example.org/stkg/time	"2026-02-05T22:41:48Z"^^<http://www.w3.org/2001/XMLSchema#dateTime>
http://example.org/stkg/id/obs_rel_K2BlackPanther_BTR80_20260205T224148Z_317_d_c	http://www.w3.org/1999/02/22-rdf-syntax-ns#type	http://example.org/stkg/id/SpatialRelationObservation
http://example.org/stkg/id/obs_rel_K2BlackPanther_BTR80_20260205T224148Z_317_d_c	http://example.org/stkg/subjectEntity	http://example.org/stkg/id/platform_K2BlackPanther
http://example.org/stkg/id/obs_rel_K2BlackPanther_BTR80_20260205T224148Z_317_d_c	http://example.org/stkg/objectEntity	http://example.org/stkg/id/platform_BTR80
http://example.org/stkg/id/obs_rel_K2BlackPanther_BTR80_20260205T224148Z_317_d_c	http://example.org/stkg/relationType	http://example.org/stkg/id/relation_behind_of
http://example.org/stkg/id/obs_rel_K2BlackPanther_BTR80_20260205T224148Z_317_d_c	http://example.org/stkg/time	"2026-02-05T22:41:48Z"^^<http://www.w3.org/2001/XMLSchema#dateTime>
http://example.org/stkg/id/obs_rel_K2BlackPanther_T90_20260205T224148Z_317_d_e	http://www.w3.org/1999/02/22-rdf-syntax-ns#type	http://example.org/stkg/id/SpatialRelationObservation
http://example.org/stkg/id/obs_rel_K2BlackPanther_T90_20260205T224148Z_317_d_e	http://example.org/stkg/subjectEntity	http://example.org/stkg/id/platform_K2BlackPanther
http://example.org/stkg/id/obs_rel_K2BlackPanther_T90_20260205T224148Z_317_d_e	http://example.org/stkg/objectEntity	http://example.org/stkg/id/platform_T90
http://example.org/stkg/id/obs_rel_K2BlackPanther_T90_20260205T224148Z_317_d_e	http://example.org/stkg/relationType	http://example.org/stkg/id/relation_ahead_of
http://example.org/stkg/id/obs_rel_K2BlackPanther_T90_20260205T224148Z_317_d_e	http://example.org/stkg/time	"2026-02-05T22:41:48Z"^^<http://www.w3.org/2001/XMLSchema#dateTime>
http://example.org/stkg/id/obs_rel_T90_K2BlackPanther_20260205T224148Z_317_e_d	http://www.w3.org/1999/02/22-rdf-syntax-ns#type	http://example.org/stkg/id/SpatialRelationObservation
http://example.org/stkg/id/obs_rel_T90_K2BlackPanther_20260205T224148Z_317_e_d	http://example.org/stkg/subjectEntity	http://example.org/stkg/id/platform_T90
http://example.org/stkg/id/obs_rel_T90_K2BlackPanther_20260205T224148Z_317_e_d	http://example.org/stkg/objectEntity	http://example.org/stkg/id/platform_K2BlackPanther
http://example.org/stkg/id/obs_rel_T90_K2BlackPanther_20260205T224148Z_317_e_d	http://example.org/stkg/relationType	http://example.org/stkg/id/relation_behind_of
http://example.org/stkg/id/obs_rel_T90_K2BlackPanther_20260205T224148Z_317_e_d	http://example.org/stkg/time	"2026-02-05T22:41:48Z"^^<http://www.w3.org/2001/XMLSchema#dateTime>
http://example.org/stkg/id/obs_rel_BTR80_T90_20260205T224148Z_317_c_e	http://www.w3.org/1999/02/22-rdf-syntax-ns#type	http://example.org/stkg/id/SpatialRelationObservation
http://example.org/stkg/id/obs_rel_BTR80_T90_20260205T224148Z_317_c_e	http://example.org/stkg/subjectEntity	http://example.org/stkg/id/platform_BTR80
http://example.org/stkg/id/obs_rel_BTR80_T90_20260205T224148Z_317_c_e	http://example.org/stkg/objectEntity	http://example.org/stkg/id/platform_T90
http://example.org/stkg/id/obs_rel_BTR80_T90_20260205T224148Z_317_c_e	http://example.org/stkg/relationType	http://example.org/stkg/id/relation_ahead_of
http://example.org/stkg/id/obs_rel_BTR80_T90_20260205T224148Z_317_c_e	http://example.org/stkg/time	"2026-02-05T22:41:48Z"^^<http://www.w3.org/2001/XMLSchema#dateTime>
http://example.org/stkg/id/obs_rel_T90_BTR80_20260205T224148Z_317_e_c	http://www.w3.org/1999/02/22-rdf-syntax-ns#type	http://example.org/stkg/id/SpatialRelationObservation
http://example.org/stkg/id/obs_rel_T90_BTR80_20260205T224148Z_317_e_c	http://example.org/stkg/subjectEntity	http://example.org/stkg/id/platform_T90
http://example.org/stkg/id/obs_rel_T90_BTR80_20260205T224148Z_317_e_c	http://example.org/stkg/objectEntity	http://example.org/stkg/id/platform_BTR80
http://example.org/stkg/id/obs_rel_T90_BTR80_20260205T224148Z_317_e_c	http://example.org/stkg/relationType	http://example.org/stkg/id/relation_behind_of
http://example.org/stkg/id/obs_rel_T90_BTR80_20260205T224148Z_317_e_c	http://example.org/stkg/time	"2026-02-05T22:41:48Z"^^<http://www.w3.org/2001/XMLSchema#dateTime>
http://example.org/stkg/id/obs_rel_BTR80_K2BlackPanther_20260205T224149Z_318_c_d	http://www.w3.org/1999/02/22-rdf-syntax-ns#type	http://example.org/stkg/id/SpatialRelationObservation
http://example.org/stkg/id/obs_rel_BTR80_K2BlackPanther_20260205T224149Z_318_c_d	http://example.org/stkg/subjectEntity	http://example.org/stkg/id/platform_BTR80
http://example.org/stkg/id/obs_rel_BTR80_K2BlackPanther_20260205T224149Z_318_c_d	http://example.org/stkg/objectEntity	http://example.org/stkg/id/platform_K2BlackPanther
http://example.org/stkg/id/obs_rel_BTR80_K2BlackPanther_20260205T224149Z_318_c_d	http://example.org/stkg/relationType	http://example.org/stkg/id/relation_ahead_of
http://example.org/stkg/id/obs_rel_BTR80_K2BlackPanther_20260205T224149Z_318_c_d	http://example.org/stkg/time	"2026-02-05T22:41:49Z"^^<http://www.w3.org/2001/XMLSchema#dateTime>
http://example.org/stkg/id/obs_rel_K2BlackPanther_BTR80_20260205T224149Z_318_d_c	http://www.w3.org/1999/02/22-rdf-syntax-ns#type	http://example.org/stkg/id/SpatialRelationObservation
http://example.org/stkg/id/obs_rel_K2BlackPanther_BTR80_20260205T224149Z_318_d_c	http://example.org/stkg/subjectEntity	http://example.org/stkg/id/platform_K2BlackPanther
http://example.org/stkg/id/obs_rel_K2BlackPanther_BTR80_20260205T224149Z_318_d_c	http://example.org/stkg/objectEntity	http://example.org/stkg/id/platform_BTR80
http://example.org/stkg/id/obs_rel_K2BlackPanther_BTR80_20260205T224149Z_318_d_c	http://example.org/stkg/relationType	http://example.org/stkg/id/relation_behind_of
http://example.org/stkg/id/obs_rel_K2BlackPanther_BTR80_20260205T224149Z_318_d_c	http://example.org/stkg/time	"2026-02-05T22:41:49Z"^^<http://www.w3.org/2001/XMLSchema#dateTime>
http://example.org/stkg/id/obs_rel_K2BlackPanther_T90_20260205T224149Z_318_d_e	http://www.w3.org/1999/02/22-rdf-syntax-ns#type	http://example.org/stkg/id/SpatialRelationObservation
http://example.org/stkg/id/obs_rel_K2BlackPanther_T90_20260205T224149Z_318_d_e	http://example.org/stkg/subjectEntity	http://example.org/stkg/id/platform_K2BlackPanther
http://example.org/stkg/id/obs_rel_K2BlackPanther_T90_20260205T224149Z_318_d_e	http://example.org/stkg/objectEntity	http://example.org/stkg/id/platform_T90
http://example.org/stkg/id/obs_rel_K2BlackPanther_T90_20260205T224149Z_318_d_e	http://example.org/stkg/relationType	http://example.org/stkg/id/relation_ahead_of
http://example.org/stkg/id/obs_rel_K2BlackPanther_T90_20260205T224149Z_318_d_e	http://example.org/stkg/time	"2026-02-05T22:41:49Z"^^<http://www.w3.org/2001/XMLSchema#dateTime>
http://example.org/stkg/id/obs_rel_T90_K2BlackPanther_20260205T224149Z_318_e_d	http://www.w3.org/1999/02/22-rdf-syntax-ns#type	http://example.org/stkg/id/SpatialRelationObservation
http://example.org/stkg/id/obs_rel_T90_K2BlackPanther_20260205T224149Z_318_e_d	http://example.org/stkg/subjectEntity	http://example.org/stkg/id/platform_T90
http://example.org/stkg/id/obs_rel_T90_K2BlackPanther_20260205T224149Z_318_e_d	http://example.org/stkg/objectEntity	http://example.org/stkg/id/platform_K2BlackPanther
http://example.org/stkg/id/obs_rel_T90_K2BlackPanther_20260205T224149Z_318_e_d	http://example.org/stkg/relationType	http://example.org/stkg/id/relation_behind_of
http://example.org/stkg/id/obs_rel_T90_K2BlackPanther_20260205T224149Z_318_e_d	http://example.org/stkg/time	"2026-02-05T22:41:49Z"^^<http://www.w3.org/2001/XMLSchema#dateTime>
http://example.org/stkg/id/obs_rel_BTR80_T90_20260205T224149Z_318_c_e	http://www.w3.org/1999/02/22-rdf-syntax-ns#type	http://example.org/stkg/id/SpatialRelationObservation
http://example.org/stkg/id/obs_rel_BTR80_T90_20260205T224149Z_318_c_e	http://example.org/stkg/subjectEntity	http://example.org/stkg/id/platform_BTR80
http://example.org/stkg/id/obs_rel_BTR80_T90_20260205T224149Z_318_c_e	http://example.org/stkg/objectEntity	http://example.org/stkg/id/platform_T90
http://example.org/stkg/id/obs_rel_BTR80_T90_20260205T224149Z_318_c_e	http://example.org/stkg/relationType	http://example.org/stkg/id/relation_ahead_of
http://example.org/stkg/id/obs_rel_BTR80_T90_20260205T224149Z_318_c_e	http://example.org/stkg/time	"2026-02-05T22:41:49Z"^^<http://www.w3.org/2001/XMLSchema#dateTime>
http://example.org/stkg/id/obs_rel_T90_BTR80_20260205T224149Z_318_e_c	http://www.w3.org/1999/02/22-rdf-syntax-ns#type	http://example.org/stkg/id/SpatialRelationObservation
http://example.org/stkg/id/obs_rel_T90_BTR80_20260205T224149Z_318_e_c	http://example.org/stkg/subjectEntity	http://example.org/stkg/id/platform_T90
http://example.org/stkg/id/obs_rel_T90_BTR80_20260205T224149Z_318_e_c	http://example.org/stkg/objectEntity	http://example.org/stkg/id/platform_BTR80
http://example.org/stkg/id/obs_rel_T90_BTR80_20260205T224149Z_318_e_c	http://example.org/stkg/relationType	http://example.org/stkg/id/relation_behind_of
http://example.org/stkg/id/obs_rel_T90_BTR80_20260205T224149Z_318_e_c	http://example.org/stkg/time	"2026-02-05T22:41:49Z"^^<http://www.w3.org/2001/XMLSchema#dateTime>
http://example.org/stkg/id/obs_rel_BTR80_K2BlackPanther_20260205T224150Z_319_c_d	http://www.w3.org/1999/02/22-rdf-syntax-ns#type	http://example.org/stkg/id/SpatialRelationObservation
http://example.org/stkg/id/obs_rel_BTR80_K2BlackPanther_20260205T224150Z_319_c_d	http://example.org/stkg/subjectEntity	http://example.org/stkg/id/platform_BTR80
http://example.org/stkg/id/obs_rel_BTR80_K2BlackPanther_20260205T224150Z_319_c_d	http://example.org/stkg/objectEntity	http://example.org/stkg/id/platform_K2BlackPanther
http://example.org/stkg/id/obs_rel_BTR80_K2BlackPanther_20260205T224150Z_319_c_d	http://example.org/stkg/relationType	http://example.org/stkg/id/relation_ahead_of
http://example.org/stkg/id/obs_rel_BTR80_K2BlackPanther_20260205T224150Z_319_c_d	http://example.org/stkg/time	"2026-02-05T22:41:50Z"^^<http://www.w3.org/2001/XMLSchema#dateTime>
http://example.org/stkg/id/obs_rel_K2BlackPanther_BTR80_20260205T224150Z_319_d_c	http://www.w3.org/1999/02/22-rdf-syntax-ns#type	http://example.org/stkg/id/SpatialRelationObservation
http://example.org/stkg/id/obs_rel_K2BlackPanther_BTR80_20260205T224150Z_319_d_c	http://example.org/stkg/subjectEntity	http://example.org/stkg/id/platform_K2BlackPanther
http://example.org/stkg/id/obs_rel_K2BlackPanther_BTR80_20260205T224150Z_319_d_c	http://example.org/stkg/objectEntity	http://example.org/stkg/id/platform_BTR80
http://example.org/stkg/id/obs_rel_K2BlackPanther_BTR80_20260205T224150Z_319_d_c	http://example.org/stkg/relationType	http://example.org/stkg/id/relation_behind_of
http://example.org/stkg/id/obs_rel_K2BlackPanther_BTR80_20260205T224150Z_319_d_c	http://example.org/stkg/time	"2026-02-05T22:41:50Z"^^<http://www.w3.org/2001/XMLSchema#dateTime>
http://example.org/stkg/id/obs_rel_K2BlackPanther_T90_20260205T224150Z_319_d_e	http://www.w3.org/1999/02/22-rdf-syntax-ns#type	http://example.org/stkg/id/SpatialRelationObservation
http://example.org/stkg/id/obs_rel_K2BlackPanther_T90_20260205T224150Z_319_d_e	http://example.org/stkg/subjectEntity	http://example.org/stkg/id/platform_K2BlackPanther
http://example.org/stkg/id/obs_rel_K2BlackPanther_T90_20260205T224150Z_319_d_e	http://example.org/stkg/objectEntity	http://example.org/stkg/id/platform_T90
http://example.org/stkg/id/obs_rel_K2BlackPanther_T90_20260205T224150Z_319_d_e	http://example.org/stkg/relationType	http://example.org/stkg/id/relation_ahead_of
http://example.org/stkg/id/obs_rel_K2BlackPanther_T90_20260205T224150Z_319_d_e	http://example.org/stkg/time	"2026-02-05T22:41:50Z"^^<http://www.w3.org/2001/XMLSchema#dateTime>
http://example.org/stkg/id/obs_rel_T90_K2BlackPanther_20260205T224150Z_319_e_d	http://www.w3.org/1999/02/22-rdf-syntax-ns#type	http://example.org/stkg/id/SpatialRelationObservation
http://example.org/stkg/id/obs_rel_T90_K2BlackPanther_20260205T224150Z_319_e_d	http://example.org/stkg/subjectEntity	http://example.org/stkg/id/platform_T90
http://example.org/stkg/id/obs_rel_T90_K2BlackPanther_20260205T224150Z_319_e_d	http://example.org/stkg/objectEntity	http://example.org/stkg/id/platform_K2BlackPanther
http://example.org/stkg/id/obs_rel_T90_K2BlackPanther_20260205T224150Z_319_e_d	http://example.org/stkg/relationType	http://example.org/stkg/id/relation_behind_of
http://example.org/stkg/id/obs_rel_T90_K2BlackPanther_20260205T224150Z_319_e_d	http://example.org/stkg/time	"2026-02-05T22:41:50Z"^^<http://www.w3.org/2001/XMLSchema#dateTime>
http://example.org/stkg/id/obs_rel_BTR80_T90_20260205T224150Z_319_c_e	http://www.w3.org/1999/02/22-rdf-syntax-ns#type	http://example.org/stkg/id/SpatialRelationObservation
http://example.org/stkg/id/obs_rel_BTR80_T90_20260205T224150Z_319_c_e	http://example.org/stkg/subjectEntity	http://example.org/stkg/id/platform_BTR80
http://example.org/stkg/id/obs_rel_BTR80_T90_20260205T224150Z_319_c_e	http://example.org/stkg/objectEntity	http://example.org/stkg/id/platform_T90
http://example.org/stkg/id/obs_rel_BTR80_T90_20260205T224150Z_319_c_e	http://example.org/stkg/relationType	http://example.org/stkg/id/relation_ahead_of
http://example.org/stkg/id/obs_rel_BTR80_T90_20260205T224150Z_319_c_e	http://example.org/stkg/time	"2026-02-05T22:41:50Z"^^<http://www.w3.org/2001/XMLSchema#dateTime>
http://example.org/stkg/id/obs_rel_T90_BTR80_20260205T224150Z_319_e_c	http://www.w3.org/1999/02/22-rdf-syntax-ns#type	http://example.org/stkg/id/SpatialRelationObservation
http://example.org/stkg/id/obs_rel_T90_BTR80_20260205T224150Z_319_e_c	http://example.org/stkg/subjectEntity	http://example.org/stkg/id/platform_T90
http://example.org/stkg/id/obs_rel_T90_BTR80_20260205T224150Z_319_e_c	http://example.org/stkg/objectEntity	http://example.org/stkg/id/platform_BTR80
http://example.org/stkg/id/obs_rel_T90_BTR80_20260205T224150Z_319_e_c	http://example.org/stkg/relationType	http://example.org/stkg/id/relation_behind_of
http://example.org/stkg/id/obs_rel_T90_BTR80_20260205T224150Z_319_e_c	http://example.org/stkg/time	"2026-02-05T22:41:50Z"^^<http://www.w3.org/2001/XMLSchema#dateTime>
http://example.org/stkg/id/obs_rel_BTR80_K2BlackPanther_20260205T224151Z_320_c_d	http://www.w3.org/1999/02/22-rdf-syntax-ns#type	http://example.org/stkg/id/SpatialRelationObservation
http://example.org/stkg/id/obs_rel_BTR80_K2BlackPanther_20260205T224151Z_320_c_d	http://example.org/stkg/subjectEntity	http://example.org/stkg/id/platform_BTR80
http://example.org/stkg/id/obs_rel_BTR80_K2BlackPanther_20260205T224151Z_320_c_d	http://example.org/stkg/objectEntity	http://example.org/stkg/id/platform_K2BlackPanther
http://example.org/stkg/id/obs_rel_BTR80_K2BlackPanther_20260205T224151Z_320_c_d	http://example.org/stkg/relationType	http://example.org/stkg/id/relation_ahead_of
http://example.org/stkg/id/obs_rel_BTR80_K2BlackPanther_20260205T224151Z_320_c_d	http://example.org/stkg/time	"2026-02-05T22:41:51Z"^^<http://www.w3.org/2001/XMLSchema#dateTime>
http://example.org/stkg/id/obs_rel_K2BlackPanther_BTR80_20260205T224151Z_320_d_c	http://www.w3.org/1999/02/22-rdf-syntax-ns#type	http://example.org/stkg/id/SpatialRelationObservation
http://example.org/stkg/id/obs_rel_K2BlackPanther_BTR80_20260205T224151Z_320_d_c	http://example.org/stkg/subjectEntity	http://example.org/stkg/id/platform_K2BlackPanther
http://example.org/stkg/id/obs_rel_K2BlackPanther_BTR80_20260205T224151Z_320_d_c	http://example.org/stkg/objectEntity	http://example.org/stkg/id/platform_BTR80
http://example.org/stkg/id/obs_rel_K2BlackPanther_BTR80_20260205T224151Z_320_d_c	http://example.org/stkg/relationType	http://example.org/stkg/id/relation_behind_of
http://example.org/stkg/id/obs_rel_K2BlackPanther_BTR80_20260205T224151Z_320_d_c	http://example.org/stkg/time	"2026-02-05T22:41:51Z"^^<http://www.w3.org/2001/XMLSchema#dateTime>
http://example.org/stkg/id/obs_rel_K2BlackPanther_T90_20260205T224151Z_320_d_e	http://www.w3.org/1999/02/22-rdf-syntax-ns#type	http://example.org/stkg/id/SpatialRelationObservation
http://example.org/stkg/id/obs_rel_K2BlackPanther_T90_20260205T224151Z_320_d_e	http://example.org/stkg/subjectEntity	http://example.org/stkg/id/platform_K2BlackPanther
http://example.org/stkg/id/obs_rel_K2BlackPanther_T90_20260205T224151Z_320_d_e	http://example.org/stkg/objectEntity	http://example.org/stkg/id/platform_T90
http://example.org/stkg/id/obs_rel_K2BlackPanther_T90_20260205T224151Z_320_d_e	http://example.org/stkg/relationType	http://example.org/stkg/id/relation_ahead_of
http://example.org/stkg/id/obs_rel_K2BlackPanther_T90_20260205T224151Z_320_d_e	http://example.org/stkg/time	"2026-02-05T22:41:51Z"^^<http://www.w3.org/2001/XMLSchema#dateTime>
http://example.org/stkg/id/obs_rel_T90_K2BlackPanther_20260205T224151Z_320_e_d	http://www.w3.org/1999/02/22-rdf-syntax-ns#type	http://example.org/stkg/id/SpatialRelationObservation
http://example.org/stkg/id/obs_rel_T90_K2BlackPanther_20260205T224151Z_320_e_d	http://example.org/stkg/subjectEntity	http://example.org/stkg/id/platform_T90
http://example.org/stkg/id/obs_rel_T90_K2BlackPanther_20260205T224151Z_320_e_d	http://example.org/stkg/objectEntity	http://example.org/stkg/id/platform_K2BlackPanther
http://example.org/stkg/id/obs_rel_T90_K2BlackPanther_20260205T224151Z_320_e_d	http://example.org/stkg/relationType	http://example.org/stkg/id/relation_behind_of
http://example.org/stkg/id/obs_rel_T90_K2BlackPanther_20260205T224151Z_320_e_d	http://example.org/stkg/time	"2026-02-05T22:41:51Z"^^<http://www.w3.org/2001/XMLSchema#dateTime>
http://example.org/stkg/id/obs_rel_BTR80_T90_20260205T224151Z_320_c_e	http://www.w3.org/1999/02/22-rdf-syntax-ns#type	http://example.org/stkg/id/SpatialRelationObservation
http://example.org/stkg/id/obs_rel_BTR80_T90_20260205T224151Z_320_c_e	http://example.org/stkg/subjectEntity	http://example.org/stkg/id/platform_BTR80
http://example.org/stkg/id/obs_rel_BTR80_T90_20260205T224151Z_320_c_e	http://example.org/stkg/objectEntity	http://example.org/stkg/id/platform_T90
http://example.org/stkg/id/obs_rel_BTR80_T90_20260205T224151Z_320_c_e	http://example.org/stkg/relationType	http://example.org/stkg/id/relation_ahead_of
http://example.org/stkg/id/obs_rel_BTR80_T90_20260205T224151Z_320_c_e	http://example.org/stkg/time	"2026-02-05T22:41:51Z"^^<http://www.w3.org/2001/XMLSchema#dateTime>
http://example.org/stkg/id/obs_rel_T90_BTR80_20260205T224151Z_320_e_c	http://www.w3.org/1999/02/22-rdf-syntax-ns#type	http://example.org/stkg/id/SpatialRelationObservation
http://example.org/stkg/id/obs_rel_T90_BTR80_20260205T224151Z_320_e_c	http://example.org/stkg/subjectEntity	http://example.org/stkg/id/platform_T90
http://example.org/stkg/id/obs_rel_T90_BTR80_20260205T224151Z_320_e_c	http://example.org/stkg/objectEntity	http://example.org/stkg/id/platform_BTR80
http://example.org/stkg/id/obs_rel_T90_BTR80_20260205T224151Z_320_e_c	http://example.org/stkg/relationType	http://example.org/stkg/id/relation_behind_of
http://example.org/stkg/id/obs_rel_T90_BTR80_20260205T224151Z_320_e_c	http://example.org/stkg/time	"2026-02-05T22:41:51Z"^^<http://www.w3.org/2001/XMLSchema#dateTime>
http://example.org/stkg/id/obs_rel_BTR80_K2BlackPanther_20260205T224152Z_321_c_d	http://www.w3.org/1999/02/22-rdf-syntax-ns#type	http://example.org/stkg/id/SpatialRelationObservation
http://example.org/stkg/id/obs_rel_BTR80_K2BlackPanther_20260205T224152Z_321_c_d	http://example.org/stkg/subjectEntity	http://example.org/stkg/id/platform_BTR80
http://example.org/stkg/id/obs_rel_BTR80_K2BlackPanther_20260205T224152Z_321_c_d	http://example.org/stkg/objectEntity	http://example.org/stkg/id/platform_K2BlackPanther
http://example.org/stkg/id/obs_rel_BTR80_K2BlackPanther_20260205T224152Z_321_c_d	http://example.org/stkg/relationType	http://example.org/stkg/id/relation_ahead_of
http://example.org/stkg/id/obs_rel_BTR80_K2BlackPanther_20260205T224152Z_321_c_d	http://example.org/stkg/time	"2026-02-05T22:41:52Z"^^<http://www.w3.org/2001/XMLSchema#dateTime>
http://example.org/stkg/id/obs_rel_K2BlackPanther_BTR80_20260205T224152Z_321_d_c	http://www.w3.org/1999/02/22-rdf-syntax-ns#type	http://example.org/stkg/id/SpatialRelationObservation
http://example.org/stkg/id/obs_rel_K2BlackPanther_BTR80_20260205T224152Z_321_d_c	http://example.org/stkg/subjectEntity	http://example.org/stkg/id/platform_K2BlackPanther
http://example.org/stkg/id/obs_rel_K2BlackPanther_BTR80_20260205T224152Z_321_d_c	http://example.org/stkg/objectEntity	http://example.org/stkg/id/platform_BTR80
http://example.org/stkg/id/obs_rel_K2BlackPanther_BTR80_20260205T224152Z_321_d_c	http://example.org/stkg/relationType	http://example.org/stkg/id/relation_behind_of
http://example.org/stkg/id/obs_rel_K2BlackPanther_BTR80_20260205T224152Z_321_d_c	http://example.org/stkg/time	"2026-02-05T22:41:52Z"^^<http://www.w3.org/2001/XMLSchema#dateTime>
http://example.org/stkg/id/obs_rel_K2BlackPanther_T90_20260205T224152Z_321_d_e	http://www.w3.org/1999/02/22-rdf-syntax-ns#type	http://example.org/stkg/id/SpatialRelationObservation
http://example.org/stkg/id/obs_rel_K2BlackPanther_T90_20260205T224152Z_321_d_e	http://example.org/stkg/subjectEntity	http://example.org/stkg/id/platform_K2BlackPanther
http://example.org/stkg/id/obs_rel_K2BlackPanther_T90_20260205T224152Z_321_d_e	http://example.org/stkg/objectEntity	http://example.org/stkg/id/platform_T90
http://example.org/stkg/id/obs_rel_K2BlackPanther_T90_20260205T224152Z_321_d_e	http://example.org/stkg/relationType	http://example.org/stkg/id/relation_ahead_of
http://example.org/stkg/id/obs_rel_K2BlackPanther_T90_20260205T224152Z_321_d_e	http://example.org/stkg/time	"2026-02-05T22:41:52Z"^^<http://www.w3.org/2001/XMLSchema#dateTime>
http://example.org/stkg/id/obs_rel_T90_K2BlackPanther_20260205T224152Z_321_e_d	http://www.w3.org/1999/02/22-rdf-syntax-ns#type	http://example.org/stkg/id/SpatialRelationObservation
http://example.org/stkg/id/obs_rel_T90_K2BlackPanther_20260205T224152Z_321_e_d	http://example.org/stkg/subjectEntity	http://example.org/stkg/id/platform_T90
http://example.org/stkg/id/obs_rel_T90_K2BlackPanther_20260205T224152Z_321_e_d	http://example.org/stkg/objectEntity	http://example.org/stkg/id/platform_K2BlackPanther
http://example.org/stkg/id/obs_rel_T90_K2BlackPanther_20260205T224152Z_321_e_d	http://example.org/stkg/relationType	http://example.org/stkg/id/relation_behind_of
http://example.org/stkg/id/obs_rel_T90_K2BlackPanther_20260205T224152Z_321_e_d	http://example.org/stkg/time	"2026-02-05T22:41:52Z"^^<http://www.w3.org/2001/XMLSchema#dateTime>
http://example.org/stkg/id/obs_rel_BTR80_T90_20260205T224152Z_321_c_e	http://www.w3.org/1999/02/22-rdf-syntax-ns#type	http://example.org/stkg/id/SpatialRelationObservation
http://example.org/stkg/id/obs_rel_BTR80_T90_20260205T224152Z_321_c_e	http://example.org/stkg/subjectEntity	http://example.org/stkg/id/platform_BTR80
http://example.org/stkg/id/obs_rel_BTR80_T90_20260205T224152Z_321_c_e	http://example.org/stkg/objectEntity	http://example.org/stkg/id/platform_T90
http://example.org/stkg/id/obs_rel_BTR80_T90_20260205T224152Z_321_c_e	http://example.org/stkg/relationType	http://example.org/stkg/id/relation_ahead_of
http://example.org/stkg/id/obs_rel_BTR80_T90_20260205T224152Z_321_c_e	http://example.org/stkg/time	"2026-02-05T22:41:52Z"^^<http://www.w3.org/2001/XMLSchema#dateTime>
http://example.org/stkg/id/obs_rel_T90_BTR80_20260205T224152Z_321_e_c	http://www.w3.org/1999/02/22-rdf-syntax-ns#type	http://example.org/stkg/id/SpatialRelationObservation
http://example.org/stkg/id/obs_rel_T90_BTR80_20260205T224152Z_321_e_c	http://example.org/stkg/subjectEntity	http://example.org/stkg/id/platform_T90
http://example.org/stkg/id/obs_rel_T90_BTR80_20260205T224152Z_321_e_c	http://example.org/stkg/objectEntity	http://example.org/stkg/id/platform_BTR80
http://example.org/stkg/id/obs_rel_T90_BTR80_20260205T224152Z_321_e_c	http://example.org/stkg/relationType	http://example.org/stkg/id/relation_behind_of
http://example.org/stkg/id/obs_rel_T90_BTR80_20260205T224152Z_321_e_c	http://example.org/stkg/time	"2026-02-05T22:41:52Z"^^<http://www.w3.org/2001/XMLSchema#dateTime>
http://example.org/stkg/id/obs_rel_BTR80_K2BlackPanther_20260205T224153Z_322_c_d	http://www.w3.org/1999/02/22-rdf-syntax-ns#type	http://example.org/stkg/id/SpatialRelationObservation
http://example.org/stkg/id/obs_rel_BTR80_K2BlackPanther_20260205T224153Z_322_c_d	http://example.org/stkg/subjectEntity	http://example.org/stkg/id/platform_BTR80
http://example.org/stkg/id/obs_rel_BTR80_K2BlackPanther_20260205T224153Z_322_c_d	http://example.org/stkg/objectEntity	http://example.org/stkg/id/platform_K2BlackPanther
http://example.org/stkg/id/obs_rel_BTR80_K2BlackPanther_20260205T224153Z_322_c_d	http://example.org/stkg/relationType	http://example.org/stkg/id/relation_ahead_of
http://example.org/stkg/id/obs_rel_BTR80_K2BlackPanther_20260205T224153Z_322_c_d	http://example.org/stkg/time	"2026-02-05T22:41:53Z"^^<http://www.w3.org/2001/XMLSchema#dateTime>
http://example.org/stkg/id/obs_rel_K2BlackPanther_BTR80_20260205T224153Z_322_d_c	http://www.w3.org/1999/02/22-rdf-syntax-ns#type	http://example.org/stkg/id/SpatialRelationObservation
http://example.org/stkg/id/obs_rel_K2BlackPanther_BTR80_20260205T224153Z_322_d_c	http://example.org/stkg/subjectEntity	http://example.org/stkg/id/platform_K2BlackPanther
http://example.org/stkg/id/obs_rel_K2BlackPanther_BTR80_20260205T224153Z_322_d_c	http://example.org/stkg/objectEntity	http://example.org/stkg/id/platform_BTR80
http://example.org/stkg/id/obs_rel_K2BlackPanther_BTR80_20260205T224153Z_322_d_c	http://example.org/stkg/relationType	http://example.org/stkg/id/relation_behind_of
http://example.org/stkg/id/obs_rel_K2BlackPanther_BTR80_20260205T224153Z_322_d_c	http://example.org/stkg/time	"2026-02-05T22:41:53Z"^^<http://www.w3.org/2001/XMLSchema#dateTime>
http://example.org/stkg/id/obs_rel_K2BlackPanther_T90_20260205T224153Z_322_d_e	http://www.w3.org/1999/02/22-rdf-syntax-ns#type	http://example.org/stkg/id/SpatialRelationObservation
http://example.org/stkg/id/obs_rel_K2BlackPanther_T90_20260205T224153Z_322_d_e	http://example.org/stkg/subjectEntity	http://example.org/stkg/id/platform_K2BlackPanther
http://example.org/stkg/id/obs_rel_K2BlackPanther_T90_20260205T224153Z_322_d_e	http://example.org/stkg/objectEntity	http://example.org/stkg/id/platform_T90
http://example.org/stkg/id/obs_rel_K2BlackPanther_T90_20260205T224153Z_322_d_e	http://example.org/stkg/relationType	http://example.org/stkg/id/relation_ahead_of
http://example.org/stkg/id/obs_rel_K2BlackPanther_T90_20260205T224153Z_322_d_e	http://example.org/stkg/time	"2026-02-05T22:41:53Z"^^<http://www.w3.org/2001/XMLSchema#dateTime>
http://example.org/stkg/id/obs_rel_T90_K2BlackPanther_20260205T224153Z_322_e_d	http://www.w3.org/1999/02/22-rdf-syntax-ns#type	http://example.org/stkg/id/SpatialRelationObservation
http://example.org/stkg/id/obs_rel_T90_K2BlackPanther_20260205T224153Z_322_e_d	http://example.org/stkg/subjectEntity	http://example.org/stkg/id/platform_T90
http://example.org/stkg/id/obs_rel_T90_K2BlackPanther_20260205T224153Z_322_e_d	http://example.org/stkg/objectEntity	http://example.org/stkg/id/platform_K2BlackPanther
http://example.org/stkg/id/obs_rel_T90_K2BlackPanther_20260205T224153Z_322_e_d	http://example.org/stkg/relationType	http://example.org/stkg/id/relation_behind_of
http://example.org/stkg/id/obs_rel_T90_K2BlackPanther_20260205T224153Z_322_e_d	http://example.org/stkg/time	"2026-02-05T22:41:53Z"^^<http://www.w3.org/2001/XMLSchema#dateTime>
http://example.org/stkg/id/obs_rel_BTR80_T90_20260205T224153Z_322_c_e	http://www.w3.org/1999/02/22-rdf-syntax-ns#type	http://example.org/stkg/id/SpatialRelationObservation
http://example.org/stkg/id/obs_rel_BTR80_T90_20260205T224153Z_322_c_e	http://example.org/stkg/subjectEntity	http://example.org/stkg/id/platform_BTR80
http://example.org/stkg/id/obs_rel_BTR80_T90_20260205T224153Z_322_c_e	http://example.org/stkg/objectEntity	http://example.org/stkg/id/platform_T90
http://example.org/stkg/id/obs_rel_BTR80_T90_20260205T224153Z_322_c_e	http://example.org/stkg/relationType	http://example.org/stkg/id/relation_ahead_of
http://example.org/stkg/id/obs_rel_BTR80_T90_20260205T224153Z_322_c_e	http://example.org/stkg/time	"2026-02-05T22:41:53Z"^^<http://www.w3.org/2001/XMLSchema#dateTime>
http://example.org/stkg/id/obs_rel_T90_BTR80_20260205T224153Z_322_e_c	http://www.w3.org/1999/02/22-rdf-syntax-ns#type	http://example.org/stkg/id/SpatialRelationObservation
http://example.org/stkg/id/obs_rel_T90_BTR80_20260205T224153Z_322_e_c	http://example.org/stkg/subjectEntity	http://example.org/stkg/id/platform_T90
http://example.org/stkg/id/obs_rel_T90_BTR80_20260205T224153Z_322_e_c	http://example.org/stkg/objectEntity	http://example.org/stkg/id/platform_BTR80
http://example.org/stkg/id/obs_rel_T90_BTR80_20260205T224153Z_322_e_c	http://example.org/stkg/relationType	http://example.org/stkg/id/relation_behind_of
http://example.org/stkg/id/obs_rel_T90_BTR80_20260205T224153Z_322_e_c	http://example.org/stkg/time	"2026-02-05T22:41:53Z"^^<http://www.w3.org/2001/XMLSchema#dateTime>
http://example.org/stkg/id/obs_rel_BTR80_K2BlackPanther_20260205T224154Z_323_c_d	http://www.w3.org/1999/02/22-rdf-syntax-ns#type	http://example.org/stkg/id/SpatialRelationObservation
http://example.org/stkg/id/obs_rel_BTR80_K2BlackPanther_20260205T224154Z_323_c_d	http://example.org/stkg/subjectEntity	http://example.org/stkg/id/platform_BTR80
http://example.org/stkg/id/obs_rel_BTR80_K2BlackPanther_20260205T224154Z_323_c_d	http://example.org/stkg/objectEntity	http://example.org/stkg/id/platform_K2BlackPanther
http://example.org/stkg/id/obs_rel_BTR80_K2BlackPanther_20260205T224154Z_323_c_d	http://example.org/stkg/relationType	http://example.org/stkg/id/relation_ahead_of
http://example.org/stkg/id/obs_rel_BTR80_K2BlackPanther_20260205T224154Z_323_c_d	http://example.org/stkg/time	"2026-02-05T22:41:54Z"^^<http://www.w3.org/2001/XMLSchema#dateTime>
http://example.org/stkg/id/obs_rel_K2BlackPanther_BTR80_20260205T224154Z_323_d_c	http://www.w3.org/1999/02/22-rdf-syntax-ns#type	http://example.org/stkg/id/SpatialRelationObservation
http://example.org/stkg/id/obs_rel_K2BlackPanther_BTR80_20260205T224154Z_323_d_c	http://example.org/stkg/subjectEntity	http://example.org/stkg/id/platform_K2BlackPanther
http://example.org/stkg/id/obs_rel_K2BlackPanther_BTR80_20260205T224154Z_323_d_c	http://example.org/stkg/objectEntity	http://example.org/stkg/id/platform_BTR80
http://example.org/stkg/id/obs_rel_K2BlackPanther_BTR80_20260205T224154Z_323_d_c	http://example.org/stkg/relationType	http://example.org/stkg/id/relation_behind_of
http://example.org/stkg/id/obs_rel_K2BlackPanther_BTR80_20260205T224154Z_323_d_c	http://example.org/stkg/time	"2026-02-05T22:41:54Z"^^<http://www.w3.org/2001/XMLSchema#dateTime>
http://example.org/stkg/id/obs_rel_K2BlackPanther_T90_20260205T224154Z_323_d_e	http://www.w3.org/1999/02/22-rdf-syntax-ns#type	http://example.org/stkg/id/SpatialRelationObservation
http://example.org/stkg/id/obs_rel_K2BlackPanther_T90_20260205T224154Z_323_d_e	http://example.org/stkg/subjectEntity	http://example.org/stkg/id/platform_K2BlackPanther
http://example.org/stkg/id/obs_rel_K2BlackPanther_T90_20260205T224154Z_323_d_e	http://example.org/stkg/objectEntity	http://example.org/stkg/id/platform_T90
http://example.org/stkg/id/obs_rel_K2BlackPanther_T90_20260205T224154Z_323_d_e	http://example.org/stkg/relationType	http://example.org/stkg/id/relation_ahead_of
http://example.org/stkg/id/obs_rel_K2BlackPanther_T90_20260205T224154Z_323_d_e	http://example.org/stkg/time	"2026-02-05T22:41:54Z"^^<http://www.w3.org/2001/XMLSchema#dateTime>
http://example.org/stkg/id/obs_rel_T90_K2BlackPanther_20260205T224154Z_323_e_d	http://www.w3.org/1999/02/22-rdf-syntax-ns#type	http://example.org/stkg/id/SpatialRelationObservation
http://example.org/stkg/id/obs_rel_T90_K2BlackPanther_20260205T224154Z_323_e_d	http://example.org/stkg/subjectEntity	http://example.org/stkg/id/platform_T90
http://example.org/stkg/id/obs_rel_T90_K2BlackPanther_20260205T224154Z_323_e_d	http://example.org/stkg/objectEntity	http://example.org/stkg/id/platform_K2BlackPanther
http://example.org/stkg/id/obs_rel_T90_K2BlackPanther_20260205T224154Z_323_e_d	http://example.org/stkg/relationType	http://example.org/stkg/id/relation_behind_of
http://example.org/stkg/id/obs_rel_T90_K2BlackPanther_20260205T224154Z_323_e_d	http://example.org/stkg/time	"2026-02-05T22:41:54Z"^^<http://www.w3.org/2001/XMLSchema#dateTime>
http://example.org/stkg/id/obs_rel_BTR80_T90_20260205T224154Z_323_c_e	http://www.w3.org/1999/02/22-rdf-syntax-ns#type	http://example.org/stkg/id/SpatialRelationObservation
http://example.org/stkg/id/obs_rel_BTR80_T90_20260205T224154Z_323_c_e	http://example.org/stkg/subjectEntity	http://example.org/stkg/id/platform_BTR80
http://example.org/stkg/id/obs_rel_BTR80_T90_20260205T224154Z_323_c_e	http://example.org/stkg/objectEntity	http://example.org/stkg/id/platform_T90
http://example.org/stkg/id/obs_rel_BTR80_T90_20260205T224154Z_323_c_e	http://example.org/stkg/relationType	http://example.org/stkg/id/relation_ahead_of
http://example.org/stkg/id/obs_rel_BTR80_T90_20260205T224154Z_323_c_e	http://example.org/stkg/time	"2026-02-05T22:41:54Z"^^<http://www.w3.org/2001/XMLSchema#dateTime>
http://example.org/stkg/id/obs_rel_T90_BTR80_20260205T224154Z_323_e_c	http://www.w3.org/1999/02/22-rdf-syntax-ns#type	http://example.org/stkg/id/SpatialRelationObservation
http://example.org/stkg/id/obs_rel_T90_BTR80_20260205T224154Z_323_e_c	http://example.org/stkg/subjectEntity	http://example.org/stkg/id/platform_T90
http://example.org/stkg/id/obs_rel_T90_BTR80_20260205T224154Z_323_e_c	http://example.org/stkg/objectEntity	http://example.org/stkg/id/platform_BTR80
http://example.org/stkg/id/obs_rel_T90_BTR80_20260205T224154Z_323_e_c	http://example.org/stkg/relationType	http://example.org/stkg/id/relation_behind_of
http://example.org/stkg/id/obs_rel_T90_BTR80_20260205T224154Z_323_e_c	http://example.org/stkg/time	"2026-02-05T22:41:54Z"^^<http://www.w3.org/2001/XMLSchema#dateTime>
http://example.org/stkg/id/obs_rel_BTR80_K2BlackPanther_20260205T224155Z_324_c_d	http://www.w3.org/1999/02/22-rdf-syntax-ns#type	http://example.org/stkg/id/SpatialRelationObservation
http://example.org/stkg/id/obs_rel_BTR80_K2BlackPanther_20260205T224155Z_324_c_d	http://example.org/stkg/subjectEntity	http://example.org/stkg/id/platform_BTR80
http://example.org/stkg/id/obs_rel_BTR80_K2BlackPanther_20260205T224155Z_324_c_d	http://example.org/stkg/objectEntity	http://example.org/stkg/id/platform_K2BlackPanther
http://example.org/stkg/id/obs_rel_BTR80_K2BlackPanther_20260205T224155Z_324_c_d	http://example.org/stkg/relationType	http://example.org/stkg/id/relation_ahead_of
http://example.org/stkg/id/obs_rel_BTR80_K2BlackPanther_20260205T224155Z_324_c_d	http://example.org/stkg/time	"2026-02-05T22:41:55Z"^^<http://www.w3.org/2001/XMLSchema#dateTime>
http://example.org/stkg/id/obs_rel_K2BlackPanther_BTR80_20260205T224155Z_324_d_c	http://www.w3.org/1999/02/22-rdf-syntax-ns#type	http://example.org/stkg/id/SpatialRelationObservation
http://example.org/stkg/id/obs_rel_K2BlackPanther_BTR80_20260205T224155Z_324_d_c	http://example.org/stkg/subjectEntity	http://example.org/stkg/id/platform_K2BlackPanther
http://example.org/stkg/id/obs_rel_K2BlackPanther_BTR80_20260205T224155Z_324_d_c	http://example.org/stkg/objectEntity	http://example.org/stkg/id/platform_BTR80
http://example.org/stkg/id/obs_rel_K2BlackPanther_BTR80_20260205T224155Z_324_d_c	http://example.org/stkg/relationType	http://example.org/stkg/id/relation_behind_of
http://example.org/stkg/id/obs_rel_K2BlackPanther_BTR80_20260205T224155Z_324_d_c	http://example.org/stkg/time	"2026-02-05T22:41:55Z"^^<http://www.w3.org/2001/XMLSchema#dateTime>
http://example.org/stkg/id/obs_rel_K2BlackPanther_T90_20260205T224155Z_324_d_e	http://www.w3.org/1999/02/22-rdf-syntax-ns#type	http://example.org/stkg/id/SpatialRelationObservation
http://example.org/stkg/id/obs_rel_K2BlackPanther_T90_20260205T224155Z_324_d_e	http://example.org/stkg/subjectEntity	http://example.org/stkg/id/platform_K2BlackPanther
http://example.org/stkg/id/obs_rel_K2BlackPanther_T90_20260205T224155Z_324_d_e	http://example.org/stkg/objectEntity	http://example.org/stkg/id/platform_T90
http://example.org/stkg/id/obs_rel_K2BlackPanther_T90_20260205T224155Z_324_d_e	http://example.org/stkg/relationType	http://example.org/stkg/id/relation_ahead_of
http://example.org/stkg/id/obs_rel_K2BlackPanther_T90_20260205T224155Z_324_d_e	http://example.org/stkg/time	"2026-02-05T22:41:55Z"^^<http://www.w3.org/2001/XMLSchema#dateTime>
http://example.org/stkg/id/obs_rel_T90_K2BlackPanther_20260205T224155Z_324_e_d	http://www.w3.org/1999/02/22-rdf-syntax-ns#type	http://example.org/stkg/id/SpatialRelationObservation
http://example.org/stkg/id/obs_rel_T90_K2BlackPanther_20260205T224155Z_324_e_d	http://example.org/stkg/subjectEntity	http://example.org/stkg/id/platform_T90
http://example.org/stkg/id/obs_rel_T90_K2BlackPanther_20260205T224155Z_324_e_d	http://example.org/stkg/objectEntity	http://example.org/stkg/id/platform_K2BlackPanther
http://example.org/stkg/id/obs_rel_T90_K2BlackPanther_20260205T224155Z_324_e_d	http://example.org/stkg/relationType	http://example.org/stkg/id/relation_behind_of
http://example.org/stkg/id/obs_rel_T90_K2BlackPanther_20260205T224155Z_324_e_d	http://example.org/stkg/time	"2026-02-05T22:41:55Z"^^<http://www.w3.org/2001/XMLSchema#dateTime>
http://example.org/stkg/id/obs_rel_BTR80_T90_20260205T224155Z_324_c_e	http://www.w3.org/1999/02/22-rdf-syntax-ns#type	http://example.org/stkg/id/SpatialRelationObservation
http://example.org/stkg/id/obs_rel_BTR80_T90_20260205T224155Z_324_c_e	http://example.org/stkg/subjectEntity	http://example.org/stkg/id/platform_BTR80
http://example.org/stkg/id/obs_rel_BTR80_T90_20260205T224155Z_324_c_e	http://example.org/stkg/objectEntity	http://example.org/stkg/id/platform_T90
http://example.org/stkg/id/obs_rel_BTR80_T90_20260205T224155Z_324_c_e	http://example.org/stkg/relationType	http://example.org/stkg/id/relation_ahead_of
http://example.org/stkg/id/obs_rel_BTR80_T90_20260205T224155Z_324_c_e	http://example.org/stkg/time	"2026-02-05T22:41:55Z"^^<http://www.w3.org/2001/XMLSchema#dateTime>
http://example.org/stkg/id/obs_rel_T90_BTR80_20260205T224155Z_324_e_c	http://www.w3.org/1999/02/22-rdf-syntax-ns#type	http://example.org/stkg/id/SpatialRelationObservation
http://example.org/stkg/id/obs_rel_T90_BTR80_20260205T224155Z_324_e_c	http://example.org/stkg/subjectEntity	http://example.org/stkg/id/platform_T90
http://example.org/stkg/id/obs_rel_T90_BTR80_20260205T224155Z_324_e_c	http://example.org/stkg/objectEntity	http://example.org/stkg/id/platform_BTR80
http://example.org/stkg/id/obs_rel_T90_BTR80_20260205T224155Z_324_e_c	http://example.org/stkg/relationType	http://example.org/stkg/id/relation_behind_of
http://example.org/stkg/id/obs_rel_T90_BTR80_20260205T224155Z_324_e_c	http://example.org/stkg/time	"2026-02-05T22:41:55Z"^^<http://www.w3.org/2001/XMLSchema#dateTime>
http://example.org/stkg/id/obs_rel_BTR80_K2BlackPanther_20260205T224156Z_325_c_d	http://www.w3.org/1999/02/22-rdf-syntax-ns#type	http://example.org/stkg/id/SpatialRelationObservation
http://example.org/stkg/id/obs_rel_BTR80_K2BlackPanther_20260205T224156Z_325_c_d	http://example.org/stkg/subjectEntity	http://example.org/stkg/id/platform_BTR80
http://example.org/stkg/id/obs_rel_BTR80_K2BlackPanther_20260205T224156Z_325_c_d	http://example.org/stkg/objectEntity	http://example.org/stkg/id/platform_K2BlackPanther
http://example.org/stkg/id/obs_rel_BTR80_K2BlackPanther_20260205T224156Z_325_c_d	http://example.org/stkg/relationType	http://example.org/stkg/id/relation_ahead_of
http://example.org/stkg/id/obs_rel_BTR80_K2BlackPanther_20260205T224156Z_325_c_d	http://example.org/stkg/time	"2026-02-05T22:41:56Z"^^<http://www.w3.org/2001/XMLSchema#dateTime>
http://example.org/stkg/id/obs_rel_K2BlackPanther_BTR80_20260205T224156Z_325_d_c	http://www.w3.org/1999/02/22-rdf-syntax-ns#type	http://example.org/stkg/id/SpatialRelationObservation
http://example.org/stkg/id/obs_rel_K2BlackPanther_BTR80_20260205T224156Z_325_d_c	http://example.org/stkg/subjectEntity	http://example.org/stkg/id/platform_K2BlackPanther
http://example.org/stkg/id/obs_rel_K2BlackPanther_BTR80_20260205T224156Z_325_d_c	http://example.org/stkg/objectEntity	http://example.org/stkg/id/platform_BTR80
http://example.org/stkg/id/obs_rel_K2BlackPanther_BTR80_20260205T224156Z_325_d_c	http://example.org/stkg/relationType	http://example.org/stkg/id/relation_behind_of
http://example.org/stkg/id/obs_rel_K2BlackPanther_BTR80_20260205T224156Z_325_d_c	http://example.org/stkg/time	"2026-02-05T22:41:56Z"^^<http://www.w3.org/2001/XMLSchema#dateTime>
http://example.org/stkg/id/obs_rel_K2BlackPanther_T90_20260205T224156Z_325_d_e	http://www.w3.org/1999/02/22-rdf-syntax-ns#type	http://example.org/stkg/id/SpatialRelationObservation
http://example.org/stkg/id/obs_rel_K2BlackPanther_T90_20260205T224156Z_325_d_e	http://example.org/stkg/subjectEntity	http://example.org/stkg/id/platform_K2BlackPanther
http://example.org/stkg/id/obs_rel_K2BlackPanther_T90_20260205T224156Z_325_d_e	http://example.org/stkg/objectEntity	http://example.org/stkg/id/platform_T90
http://example.org/stkg/id/obs_rel_K2BlackPanther_T90_20260205T224156Z_325_d_e	http://example.org/stkg/relationType	http://example.org/stkg/id/relation_ahead_of
http://example.org/stkg/id/obs_rel_K2BlackPanther_T90_20260205T224156Z_325_d_e	http://example.org/stkg/time	"2026-02-05T22:41:56Z"^^<http://www.w3.org/2001/XMLSchema#dateTime>
http://example.org/stkg/id/obs_rel_T90_K2BlackPanther_20260205T224156Z_325_e_d	http://www.w3.org/1999/02/22-rdf-syntax-ns#type	http://example.org/stkg/id/SpatialRelationObservation
http://example.org/stkg/id/obs_rel_T90_K2BlackPanther_20260205T224156Z_325_e_d	http://example.org/stkg/subjectEntity	http://example.org/stkg/id/platform_T90
http://example.org/stkg/id/obs_rel_T90_K2BlackPanther_20260205T224156Z_325_e_d	http://example.org/stkg/objectEntity	http://example.org/stkg/id/platform_K2BlackPanther
http://example.org/stkg/id/obs_rel_T90_K2BlackPanther_20260205T224156Z_325_e_d	http://example.org/stkg/relationType	http://example.org/stkg/id/relation_behind_of
http://example.org/stkg/id/obs_rel_T90_K2BlackPanther_20260205T224156Z_325_e_d	http://example.org/stkg/time	"2026-02-05T22:41:56Z"^^<http://www.w3.org/2001/XMLSchema#dateTime>
http://example.org/stkg/id/obs_rel_BTR80_T90_20260205T224156Z_325_c_e	http://www.w3.org/1999/02/22-rdf-syntax-ns#type	http://example.org/stkg/id/SpatialRelationObservation
http://example.org/stkg/id/obs_rel_BTR80_T90_20260205T224156Z_325_c_e	http://example.org/stkg/subjectEntity	http://example.org/stkg/id/platform_BTR80
http://example.org/stkg/id/obs_rel_BTR80_T90_20260205T224156Z_325_c_e	http://example.org/stkg/objectEntity	http://example.org/stkg/id/platform_T90
http://example.org/stkg/id/obs_rel_BTR80_T90_20260205T224156Z_325_c_e	http://example.org/stkg/relationType	http://example.org/stkg/id/relation_ahead_of
http://example.org/stkg/id/obs_rel_BTR80_T90_20260205T224156Z_325_c_e	http://example.org/stkg/time	"2026-02-05T22:41:56Z"^^<http://www.w3.org/2001/XMLSchema#dateTime>
http://example.org/stkg/id/obs_rel_T90_BTR80_20260205T224156Z_325_e_c	http://www.w3.org/1999/02/22-rdf-syntax-ns#type	http://example.org/stkg/id/SpatialRelationObservation
http://example.org/stkg/id/obs_rel_T90_BTR80_20260205T224156Z_325_e_c	http://example.org/stkg/subjectEntity	http://example.org/stkg/id/platform_T90
http://example.org/stkg/id/obs_rel_T90_BTR80_20260205T224156Z_325_e_c	http://example.org/stkg/objectEntity	http://example.org/stkg/id/platform_BTR80
http://example.org/stkg/id/obs_rel_T90_BTR80_20260205T224156Z_325_e_c	http://example.org/stkg/relationType	http://example.org/stkg/id/relation_behind_of
http://example.org/stkg/id/obs_rel_T90_BTR80_20260205T224156Z_325_e_c	http://example.org/stkg/time	"2026-02-05T22:41:56Z"^^<http://www.w3.org/2001/XMLSchema#dateTime>
http://example.org/stkg/id/obs_rel_BTR80_K2BlackPanther_20260205T224157Z_326_c_d	http://www.w3.org/1999/02/22-rdf-syntax-ns#type	http://example.org/stkg/id/SpatialRelationObservation
http://example.org/stkg/id/obs_rel_BTR80_K2BlackPanther_20260205T224157Z_326_c_d	http://example.org/stkg/subjectEntity	http://example.org/stkg/id/platform_BTR80
http://example.org/stkg/id/obs_rel_BTR80_K2BlackPanther_20260205T224157Z_326_c_d	http://example.org/stkg/objectEntity	http://example.org/stkg/id/platform_K2BlackPanther
http://example.org/stkg/id/obs_rel_BTR80_K2BlackPanther_20260205T224157Z_326_c_d	http://example.org/stkg/relationType	http://example.org/stkg/id/relation_ahead_of
http://example.org/stkg/id/obs_rel_BTR80_K2BlackPanther_20260205T224157Z_326_c_d	http://example.org/stkg/time	"2026-02-05T22:41:57Z"^^<http://www.w3.org/2001/XMLSchema#dateTime>
http://example.org/stkg/id/obs_rel_K2BlackPanther_BTR80_20260205T224157Z_326_d_c	http://www.w3.org/1999/02/22-rdf-syntax-ns#type	http://example.org/stkg/id/SpatialRelationObservation
http://example.org/stkg/id/obs_rel_K2BlackPanther_BTR80_20260205T224157Z_326_d_c	http://example.org/stkg/subjectEntity	http://example.org/stkg/id/platform_K2BlackPanther
http://example.org/stkg/id/obs_rel_K2BlackPanther_BTR80_20260205T224157Z_326_d_c	http://example.org/stkg/objectEntity	http://example.org/stkg/id/platform_BTR80
http://example.org/stkg/id/obs_rel_K2BlackPanther_BTR80_20260205T224157Z_326_d_c	http://example.org/stkg/relationType	http://example.org/stkg/id/relation_behind_of
http://example.org/stkg/id/obs_rel_K2BlackPanther_BTR80_20260205T224157Z_326_d_c	http://example.org/stkg/time	"2026-02-05T22:41:57Z"^^<http://www.w3.org/2001/XMLSchema#dateTime>
http://example.org/stkg/id/obs_rel_K2BlackPanther_T90_20260205T224157Z_326_d_e	http://www.w3.org/1999/02/22-rdf-syntax-ns#type	http://example.org/stkg/id/SpatialRelationObservation
http://example.org/stkg/id/obs_rel_K2BlackPanther_T90_20260205T224157Z_326_d_e	http://example.org/stkg/subjectEntity	http://example.org/stkg/id/platform_K2BlackPanther
http://example.org/stkg/id/obs_rel_K2BlackPanther_T90_20260205T224157Z_326_d_e	http://example.org/stkg/objectEntity	http://example.org/stkg/id/platform_T90
http://example.org/stkg/id/obs_rel_K2BlackPanther_T90_20260205T224157Z_326_d_e	http://example.org/stkg/relationType	http://example.org/stkg/id/relation_ahead_of
http://example.org/stkg/id/obs_rel_K2BlackPanther_T90_20260205T224157Z_326_d_e	http://example.org/stkg/time	"2026-02-05T22:41:57Z"^^<http://www.w3.org/2001/XMLSchema#dateTime>
http://example.org/stkg/id/obs_rel_T90_K2BlackPanther_20260205T224157Z_326_e_d	http://www.w3.org/1999/02/22-rdf-syntax-ns#type	http://example.org/stkg/id/SpatialRelationObservation
http://example.org/stkg/id/obs_rel_T90_K2BlackPanther_20260205T224157Z_326_e_d	http://example.org/stkg/subjectEntity	http://example.org/stkg/id/platform_T90
http://example.org/stkg/id/obs_rel_T90_K2BlackPanther_20260205T224157Z_326_e_d	http://example.org/stkg/objectEntity	http://example.org/stkg/id/platform_K2BlackPanther
http://example.org/stkg/id/obs_rel_T90_K2BlackPanther_20260205T224157Z_326_e_d	http://example.org/stkg/relationType	http://example.org/stkg/id/relation_behind_of
http://example.org/stkg/id/obs_rel_T90_K2BlackPanther_20260205T224157Z_326_e_d	http://example.org/stkg/time	"2026-02-05T22:41:57Z"^^<http://www.w3.org/2001/XMLSchema#dateTime>
http://example.org/stkg/id/obs_rel_BTR80_T90_20260205T224157Z_326_c_e	http://www.w3.org/1999/02/22-rdf-syntax-ns#type	http://example.org/stkg/id/SpatialRelationObservation
http://example.org/stkg/id/obs_rel_BTR80_T90_20260205T224157Z_326_c_e	http://example.org/stkg/subjectEntity	http://example.org/stkg/id/platform_BTR80
http://example.org/stkg/id/obs_rel_BTR80_T90_20260205T224157Z_326_c_e	http://example.org/stkg/objectEntity	http://example.org/stkg/id/platform_T90
http://example.org/stkg/id/obs_rel_BTR80_T90_20260205T224157Z_326_c_e	http://example.org/stkg/relationType	http://example.org/stkg/id/relation_ahead_of
http://example.org/stkg/id/obs_rel_BTR80_T90_20260205T224157Z_326_c_e	http://example.org/stkg/time	"2026-02-05T22:41:57Z"^^<http://www.w3.org/2001/XMLSchema#dateTime>
http://example.org/stkg/id/obs_rel_T90_BTR80_20260205T224157Z_326_e_c	http://www.w3.org/1999/02/22-rdf-syntax-ns#type	http://example.org/stkg/id/SpatialRelationObservation
http://example.org/stkg/id/obs_rel_T90_BTR80_20260205T224157Z_326_e_c	http://example.org/stkg/subjectEntity	http://example.org/stkg/id/platform_T90
http://example.org/stkg/id/obs_rel_T90_BTR80_20260205T224157Z_326_e_c	http://example.org/stkg/objectEntity	http://example.org/stkg/id/platform_BTR80
http://example.org/stkg/id/obs_rel_T90_BTR80_20260205T224157Z_326_e_c	http://example.org/stkg/relationType	http://example.org/stkg/id/relation_behind_of
http://example.org/stkg/id/obs_rel_T90_BTR80_20260205T224157Z_326_e_c	http://example.org/stkg/time	"2026-02-05T22:41:57Z"^^<http://www.w3.org/2001/XMLSchema#dateTime>
http://example.org/stkg/id/obs_rel_BTR80_K2BlackPanther_20260205T224158Z_327_c_d	http://www.w3.org/1999/02/22-rdf-syntax-ns#type	http://example.org/stkg/id/SpatialRelationObservation
http://example.org/stkg/id/obs_rel_BTR80_K2BlackPanther_20260205T224158Z_327_c_d	http://example.org/stkg/subjectEntity	http://example.org/stkg/id/platform_BTR80
http://example.org/stkg/id/obs_rel_BTR80_K2BlackPanther_20260205T224158Z_327_c_d	http://example.org/stkg/objectEntity	http://example.org/stkg/id/platform_K2BlackPanther
http://example.org/stkg/id/obs_rel_BTR80_K2BlackPanther_20260205T224158Z_327_c_d	http://example.org/stkg/relationType	http://example.org/stkg/id/relation_ahead_of
http://example.org/stkg/id/obs_rel_BTR80_K2BlackPanther_20260205T224158Z_327_c_d	http://example.org/stkg/time	"2026-02-05T22:41:58Z"^^<http://www.w3.org/2001/XMLSchema#dateTime>
http://example.org/stkg/id/obs_rel_K2BlackPanther_BTR80_20260205T224158Z_327_d_c	http://www.w3.org/1999/02/22-rdf-syntax-ns#type	http://example.org/stkg/id/SpatialRelationObservation
http://example.org/stkg/id/obs_rel_K2BlackPanther_BTR80_20260205T224158Z_327_d_c	http://example.org/stkg/subjectEntity	http://example.org/stkg/id/platform_K2BlackPanther
http://example.org/stkg/id/obs_rel_K2BlackPanther_BTR80_20260205T224158Z_327_d_c	http://example.org/stkg/objectEntity	http://example.org/stkg/id/platform_BTR80
http://example.org/stkg/id/obs_rel_K2BlackPanther_BTR80_20260205T224158Z_327_d_c	http://example.org/stkg/relationType	http://example.org/stkg/id/relation_behind_of
http://example.org/stkg/id/obs_rel_K2BlackPanther_BTR80_20260205T224158Z_327_d_c	http://example.org/stkg/time	"2026-02-05T22:41:58Z"^^<http://www.w3.org/2001/XMLSchema#dateTime>
http://example.org/stkg/id/obs_rel_K2BlackPanther_T90_20260205T224158Z_327_d_e	http://www.w3.org/1999/02/22-rdf-syntax-ns#type	http://example.org/stkg/id/SpatialRelationObservation
http://example.org/stkg/id/obs_rel_K2BlackPanther_T90_20260205T224158Z_327_d_e	http://example.org/stkg/subjectEntity	http://example.org/stkg/id/platform_K2BlackPanther
http://example.org/stkg/id/obs_rel_K2BlackPanther_T90_20260205T224158Z_327_d_e	http://example.org/stkg/objectEntity	http://example.org/stkg/id/platform_T90
http://example.org/stkg/id/obs_rel_K2BlackPanther_T90_20260205T224158Z_327_d_e	http://example.org/stkg/relationType	http://example.org/stkg/id/relation_ahead_of
http://example.org/stkg/id/obs_rel_K2BlackPanther_T90_20260205T224158Z_327_d_e	http://example.org/stkg/time	"2026-02-05T22:41:58Z"^^<http://www.w3.org/2001/XMLSchema#dateTime>
http://example.org/stkg/id/obs_rel_T90_K2BlackPanther_20260205T224158Z_327_e_d	http://www.w3.org/1999/02/22-rdf-syntax-ns#type	http://example.org/stkg/id/SpatialRelationObservation
http://example.org/stkg/id/obs_rel_T90_K2BlackPanther_20260205T224158Z_327_e_d	http://example.org/stkg/subjectEntity	http://example.org/stkg/id/platform_T90
http://example.org/stkg/id/obs_rel_T90_K2BlackPanther_20260205T224158Z_327_e_d	http://example.org/stkg/objectEntity	http://example.org/stkg/id/platform_K2BlackPanther
http://example.org/stkg/id/obs_rel_T90_K2BlackPanther_20260205T224158Z_327_e_d	http://example.org/stkg/relationType	http://example.org/stkg/id/relation_behind_of
http://example.org/stkg/id/obs_rel_T90_K2BlackPanther_20260205T224158Z_327_e_d	http://example.org/stkg/time	"2026-02-05T22:41:58Z"^^<http://www.w3.org/2001/XMLSchema#dateTime>
http://example.org/stkg/id/obs_rel_BTR80_T90_20260205T224158Z_327_c_e	http://www.w3.org/1999/02/22-rdf-syntax-ns#type	http://example.org/stkg/id/SpatialRelationObservation
http://example.org/stkg/id/obs_rel_BTR80_T90_20260205T224158Z_327_c_e	http://example.org/stkg/subjectEntity	http://example.org/stkg/id/platform_BTR80
http://example.org/stkg/id/obs_rel_BTR80_T90_20260205T224158Z_327_c_e	http://example.org/stkg/objectEntity	http://example.org/stkg/id/platform_T90
http://example.org/stkg/id/obs_rel_BTR80_T90_20260205T224158Z_327_c_e	http://example.org/stkg/relationType	http://example.org/stkg/id/relation_ahead_of
http://example.org/stkg/id/obs_rel_BTR80_T90_20260205T224158Z_327_c_e	http://example.org/stkg/time	"2026-02-05T22:41:58Z"^^<http://www.w3.org/2001/XMLSchema#dateTime>
http://example.org/stkg/id/obs_rel_T90_BTR80_20260205T224158Z_327_e_c	http://www.w3.org/1999/02/22-rdf-syntax-ns#type	http://example.org/stkg/id/SpatialRelationObservation
http://example.org/stkg/id/obs_rel_T90_BTR80_20260205T224158Z_327_e_c	http://example.org/stkg/subjectEntity	http://example.org/stkg/id/platform_T90
http://example.org/stkg/id/obs_rel_T90_BTR80_20260205T224158Z_327_e_c	http://example.org/stkg/objectEntity	http://example.org/stkg/id/platform_BTR80
http://example.org/stkg/id/obs_rel_T90_BTR80_20260205T224158Z_327_e_c	http://example.org/stkg/relationType	http://example.org/stkg/id/relation_behind_of
http://example.org/stkg/id/obs_rel_T90_BTR80_20260205T224158Z_327_e_c	http://example.org/stkg/time	"2026-02-05T22:41:58Z"^^<http://www.w3.org/2001/XMLSchema#dateTime>
http://example.org/stkg/id/obs_rel_BTR80_K2BlackPanther_20260205T224159Z_328_c_d	http://www.w3.org/1999/02/22-rdf-syntax-ns#type	http://example.org/stkg/id/SpatialRelationObservation
http://example.org/stkg/id/obs_rel_BTR80_K2BlackPanther_20260205T224159Z_328_c_d	http://example.org/stkg/subjectEntity	http://example.org/stkg/id/platform_BTR80
http://example.org/stkg/id/obs_rel_BTR80_K2BlackPanther_20260205T224159Z_328_c_d	http://example.org/stkg/objectEntity	http://example.org/stkg/id/platform_K2BlackPanther
http://example.org/stkg/id/obs_rel_BTR80_K2BlackPanther_20260205T224159Z_328_c_d	http://example.org/stkg/relationType	http://example.org/stkg/id/relation_ahead_of
http://example.org/stkg/id/obs_rel_BTR80_K2BlackPanther_20260205T224159Z_328_c_d	http://example.org/stkg/time	"2026-02-05T22:41:59Z"^^<http://www.w3.org/2001/XMLSchema#dateTime>
http://example.org/stkg/id/obs_rel_K2BlackPanther_BTR80_20260205T224159Z_328_d_c	http://www.w3.org/1999/02/22-rdf-syntax-ns#type	http://example.org/stkg/id/SpatialRelationObservation
http://example.org/stkg/id/obs_rel_K2BlackPanther_BTR80_20260205T224159Z_328_d_c	http://example.org/stkg/subjectEntity	http://example.org/stkg/id/platform_K2BlackPanther
http://example.org/stkg/id/obs_rel_K2BlackPanther_BTR80_20260205T224159Z_328_d_c	http://example.org/stkg/objectEntity	http://example.org/stkg/id/platform_BTR80
http://example.org/stkg/id/obs_rel_K2BlackPanther_BTR80_20260205T224159Z_328_d_c	http://example.org/stkg/relationType	http://example.org/stkg/id/relation_behind_of
http://example.org/stkg/id/obs_rel_K2BlackPanther_BTR80_20260205T224159Z_328_d_c	http://example.org/stkg/time	"2026-02-05T22:41:59Z"^^<http://www.w3.org/2001/XMLSchema#dateTime>
http://example.org/stkg/id/obs_rel_K2BlackPanther_T90_20260205T224159Z_328_d_e	http://www.w3.org/1999/02/22-rdf-syntax-ns#type	http://example.org/stkg/id/SpatialRelationObservation
http://example.org/stkg/id/obs_rel_K2BlackPanther_T90_20260205T224159Z_328_d_e	http://example.org/stkg/subjectEntity	http://example.org/stkg/id/platform_K2BlackPanther
http://example.org/stkg/id/obs_rel_K2BlackPanther_T90_20260205T224159Z_328_d_e	http://example.org/stkg/objectEntity	http://example.org/stkg/id/platform_T90
http://example.org/stkg/id/obs_rel_K2BlackPanther_T90_20260205T224159Z_328_d_e	http://example.org/stkg/relationType	http://example.org/stkg/id/relation_ahead_of
http://example.org/stkg/id/obs_rel_K2BlackPanther_T90_20260205T224159Z_328_d_e	http://example.org/stkg/time	"2026-02-05T22:41:59Z"^^<http://www.w3.org/2001/XMLSchema#dateTime>
http://example.org/stkg/id/obs_rel_T90_K2BlackPanther_20260205T224159Z_328_e_d	http://www.w3.org/1999/02/22-rdf-syntax-ns#type	http://example.org/stkg/id/SpatialRelationObservation
http://example.org/stkg/id/obs_rel_T90_K2BlackPanther_20260205T224159Z_328_e_d	http://example.org/stkg/subjectEntity	http://example.org/stkg/id/platform_T90
http://example.org/stkg/id/obs_rel_T90_K2BlackPanther_20260205T224159Z_328_e_d	http://example.org/stkg/objectEntity	http://example.org/stkg/id/platform_K2BlackPanther
http://example.org/stkg/id/obs_rel_T90_K2BlackPanther_20260205T224159Z_328_e_d	http://example.org/stkg/relationType	http://example.org/stkg/id/relation_behind_of
http://example.org/stkg/id/obs_rel_T90_K2BlackPanther_20260205T224159Z_328_e_d	http://example.org/stkg/time	"2026-02-05T22:41:59Z"^^<http://www.w3.org/2001/XMLSchema#dateTime>
http://example.org/stkg/id/obs_rel_BTR80_T90_20260205T224159Z_328_c_e	http://www.w3.org/1999/02/22-rdf-syntax-ns#type	http://example.org/stkg/id/SpatialRelationObservation
http://example.org/stkg/id/obs_rel_BTR80_T90_20260205T224159Z_328_c_e	http://example.org/stkg/subjectEntity	http://example.org/stkg/id/platform_BTR80
http://example.org/stkg/id/obs_rel_BTR80_T90_20260205T224159Z_328_c_e	http://example.org/stkg/objectEntity	http://example.org/stkg/id/platform_T90
http://example.org/stkg/id/obs_rel_BTR80_T90_20260205T224159Z_328_c_e	http://example.org/stkg/relationType	http://example.org/stkg/id/relation_ahead_of
http://example.org/stkg/id/obs_rel_BTR80_T90_20260205T224159Z_328_c_e	http://example.org/stkg/time	"2026-02-05T22:41:59Z"^^<http://www.w3.org/2001/XMLSchema#dateTime>
http://example.org/stkg/id/obs_rel_T90_BTR80_20260205T224159Z_328_e_c	http://www.w3.org/1999/02/22-rdf-syntax-ns#type	http://example.org/stkg/id/SpatialRelationObservation
http://example.org/stkg/id/obs_rel_T90_BTR80_20260205T224159Z_328_e_c	http://example.org/stkg/subjectEntity	http://example.org/stkg/id/platform_T90
http://example.org/stkg/id/obs_rel_T90_BTR80_20260205T224159Z_328_e_c	http://example.org/stkg/objectEntity	http://example.org/stkg/id/platform_BTR80
http://example.org/stkg/id/obs_rel_T90_BTR80_20260205T224159Z_328_e_c	http://example.org/stkg/relationType	http://example.org/stkg/id/relation_behind_of
http://example.org/stkg/id/obs_rel_T90_BTR80_20260205T224159Z_328_e_c	http://example.org/stkg/time	"2026-02-05T22:41:59Z"^^<http://www.w3.org/2001/XMLSchema#dateTime>
http://example.org/stkg/id/obs_rel_BTR80_K2BlackPanther_20260205T224200Z_329_c_d	http://www.w3.org/1999/02/22-rdf-syntax-ns#type	http://example.org/stkg/id/SpatialRelationObservation
http://example.org/stkg/id/obs_rel_BTR80_K2BlackPanther_20260205T224200Z_329_c_d	http://example.org/stkg/subjectEntity	http://example.org/stkg/id/platform_BTR80
http://example.org/stkg/id/obs_rel_BTR80_K2BlackPanther_20260205T224200Z_329_c_d	http://example.org/stkg/objectEntity	http://example.org/stkg/id/platform_K2BlackPanther
http://example.org/stkg/id/obs_rel_BTR80_K2BlackPanther_20260205T224200Z_329_c_d	http://example.org/stkg/relationType	http://example.org/stkg/id/relation_ahead_of
http://example.org/stkg/id/obs_rel_BTR80_K2BlackPanther_20260205T224200Z_329_c_d	http://example.org/stkg/time	"2026-02-05T22:42:00Z"^^<http://www.w3.org/2001/XMLSchema#dateTime>
http://example.org/stkg/id/obs_rel_K2BlackPanther_BTR80_20260205T224200Z_329_d_c	http://www.w3.org/1999/02/22-rdf-syntax-ns#type	http://example.org/stkg/id/SpatialRelationObservation
http://example.org/stkg/id/obs_rel_K2BlackPanther_BTR80_20260205T224200Z_329_d_c	http://example.org/stkg/subjectEntity	http://example.org/stkg/id/platform_K2BlackPanther
http://example.org/stkg/id/obs_rel_K2BlackPanther_BTR80_20260205T224200Z_329_d_c	http://example.org/stkg/objectEntity	http://example.org/stkg/id/platform_BTR80
http://example.org/stkg/id/obs_rel_K2BlackPanther_BTR80_20260205T224200Z_329_d_c	http://example.org/stkg/relationType	http://example.org/stkg/id/relation_behind_of
http://example.org/stkg/id/obs_rel_K2BlackPanther_BTR80_20260205T224200Z_329_d_c	http://example.org/stkg/time	"2026-02-05T22:42:00Z"^^<http://www.w3.org/2001/XMLSchema#dateTime>
http://example.org/stkg/id/obs_rel_K2BlackPanther_T90_20260205T224200Z_329_d_e	http://www.w3.org/1999/02/22-rdf-syntax-ns#type	http://example.org/stkg/id/SpatialRelationObservation
http://example.org/stkg/id/obs_rel_K2BlackPanther_T90_20260205T224200Z_329_d_e	http://example.org/stkg/subjectEntity	http://example.org/stkg/id/platform_K2BlackPanther
http://example.org/stkg/id/obs_rel_K2BlackPanther_T90_20260205T224200Z_329_d_e	http://example.org/stkg/objectEntity	http://example.org/stkg/id/platform_T90
http://example.org/stkg/id/obs_rel_K2BlackPanther_T90_20260205T224200Z_329_d_e	http://example.org/stkg/relationType	http://example.org/stkg/id/relation_ahead_of
http://example.org/stkg/id/obs_rel_K2BlackPanther_T90_20260205T224200Z_329_d_e	http://example.org/stkg/time	"2026-02-05T22:42:00Z"^^<http://www.w3.org/2001/XMLSchema#dateTime>
http://example.org/stkg/id/obs_rel_T90_K2BlackPanther_20260205T224200Z_329_e_d	http://www.w3.org/1999/02/22-rdf-syntax-ns#type	http://example.org/stkg/id/SpatialRelationObservation
http://example.org/stkg/id/obs_rel_T90_K2BlackPanther_20260205T224200Z_329_e_d	http://example.org/stkg/subjectEntity	http://example.org/stkg/id/platform_T90
http://example.org/stkg/id/obs_rel_T90_K2BlackPanther_20260205T224200Z_329_e_d	http://example.org/stkg/objectEntity	http://example.org/stkg/id/platform_K2BlackPanther
http://example.org/stkg/id/obs_rel_T90_K2BlackPanther_20260205T224200Z_329_e_d	http://example.org/stkg/relationType	http://example.org/stkg/id/relation_behind_of
http://example.org/stkg/id/obs_rel_T90_K2BlackPanther_20260205T224200Z_329_e_d	http://example.org/stkg/time	"2026-02-05T22:42:00Z"^^<http://www.w3.org/2001/XMLSchema#dateTime>
http://example.org/stkg/id/obs_rel_BTR80_T90_20260205T224200Z_329_c_e	http://www.w3.org/1999/02/22-rdf-syntax-ns#type	http://example.org/stkg/id/SpatialRelationObservation
http://example.org/stkg/id/obs_rel_BTR80_T90_20260205T224200Z_329_c_e	http://example.org/stkg/subjectEntity	http://example.org/stkg/id/platform_BTR80
http://example.org/stkg/id/obs_rel_BTR80_T90_20260205T224200Z_329_c_e	http://example.org/stkg/objectEntity	http://example.org/stkg/id/platform_T90
http://example.org/stkg/id/obs_rel_BTR80_T90_20260205T224200Z_329_c_e	http://example.org/stkg/relationType	http://example.org/stkg/id/relation_ahead_of
http://example.org/stkg/id/obs_rel_BTR80_T90_20260205T224200Z_329_c_e	http://example.org/stkg/time	"2026-02-05T22:42:00Z"^^<http://www.w3.org/2001/XMLSchema#dateTime>
http://example.org/stkg/id/obs_rel_T90_BTR80_20260205T224200Z_329_e_c	http://www.w3.org/1999/02/22-rdf-syntax-ns#type	http://example.org/stkg/id/SpatialRelationObservation
http://example.org/stkg/id/obs_rel_T90_BTR80_20260205T224200Z_329_e_c	http://example.org/stkg/subjectEntity	http://example.org/stkg/id/platform_T90
http://example.org/stkg/id/obs_rel_T90_BTR80_20260205T224200Z_329_e_c	http://example.org/stkg/objectEntity	http://example.org/stkg/id/platform_BTR80
http://example.org/stkg/id/obs_rel_T90_BTR80_20260205T224200Z_329_e_c	http://example.org/stkg/relationType	http://example.org/stkg/id/relation_behind_of
http://example.org/stkg/id/obs_rel_T90_BTR80_20260205T224200Z_329_e_c	http://example.org/stkg/time	"2026-02-05T22:42:00Z"^^<http://www.w3.org/2001/XMLSchema#dateTime>
http://example.org/stkg/id/obs_rel_BTR80_K2BlackPanther_20260205T224201Z_330_c_d	http://www.w3.org/1999/02/22-rdf-syntax-ns#type	http://example.org/stkg/id/SpatialRelationObservation
http://example.org/stkg/id/obs_rel_BTR80_K2BlackPanther_20260205T224201Z_330_c_d	http://example.org/stkg/subjectEntity	http://example.org/stkg/id/platform_BTR80
http://example.org/stkg/id/obs_rel_BTR80_K2BlackPanther_20260205T224201Z_330_c_d	http://example.org/stkg/objectEntity	http://example.org/stkg/id/platform_K2BlackPanther
http://example.org/stkg/id/obs_rel_BTR80_K2BlackPanther_20260205T224201Z_330_c_d	http://example.org/stkg/relationType	http://example.org/stkg/id/relation_ahead_of
http://example.org/stkg/id/obs_rel_BTR80_K2BlackPanther_20260205T224201Z_330_c_d	http://example.org/stkg/time	"2026-02-05T22:42:01Z"^^<http://www.w3.org/2001/XMLSchema#dateTime>
http://example.org/stkg/id/obs_rel_K2BlackPanther_BTR80_20260205T224201Z_330_d_c	http://www.w3.org/1999/02/22-rdf-syntax-ns#type	http://example.org/stkg/id/SpatialRelationObservation
http://example.org/stkg/id/obs_rel_K2BlackPanther_BTR80_20260205T224201Z_330_d_c	http://example.org/stkg/subjectEntity	http://example.org/stkg/id/platform_K2BlackPanther
http://example.org/stkg/id/obs_rel_K2BlackPanther_BTR80_20260205T224201Z_330_d_c	http://example.org/stkg/objectEntity	http://example.org/stkg/id/platform_BTR80
http://example.org/stkg/id/obs_rel_K2BlackPanther_BTR80_20260205T224201Z_330_d_c	http://example.org/stkg/relationType	http://example.org/stkg/id/relation_behind_of
http://example.org/stkg/id/obs_rel_K2BlackPanther_BTR80_20260205T224201Z_330_d_c	http://example.org/stkg/time	"2026-02-05T22:42:01Z"^^<http://www.w3.org/2001/XMLSchema#dateTime>
http://example.org/stkg/id/obs_rel_K2BlackPanther_T90_20260205T224201Z_330_d_e	http://www.w3.org/1999/02/22-rdf-syntax-ns#type	http://example.org/stkg/id/SpatialRelationObservation
http://example.org/stkg/id/obs_rel_K2BlackPanther_T90_20260205T224201Z_330_d_e	http://example.org/stkg/subjectEntity	http://example.org/stkg/id/platform_K2BlackPanther
http://example.org/stkg/id/obs_rel_K2BlackPanther_T90_20260205T224201Z_330_d_e	http://example.org/stkg/objectEntity	http://example.org/stkg/id/platform_T90
http://example.org/stkg/id/obs_rel_K2BlackPanther_T90_20260205T224201Z_330_d_e	http://example.org/stkg/relationType	http://example.org/stkg/id/relation_ahead_of
http://example.org/stkg/id/obs_rel_K2BlackPanther_T90_20260205T224201Z_330_d_e	http://example.org/stkg/time	"2026-02-05T22:42:01Z"^^<http://www.w3.org/2001/XMLSchema#dateTime>
http://example.org/stkg/id/obs_rel_T90_K2BlackPanther_20260205T224201Z_330_e_d	http://www.w3.org/1999/02/22-rdf-syntax-ns#type	http://example.org/stkg/id/SpatialRelationObservation
http://example.org/stkg/id/obs_rel_T90_K2BlackPanther_20260205T224201Z_330_e_d	http://example.org/stkg/subjectEntity	http://example.org/stkg/id/platform_T90
http://example.org/stkg/id/obs_rel_T90_K2BlackPanther_20260205T224201Z_330_e_d	http://example.org/stkg/objectEntity	http://example.org/stkg/id/platform_K2BlackPanther
http://example.org/stkg/id/obs_rel_T90_K2BlackPanther_20260205T224201Z_330_e_d	http://example.org/stkg/relationType	http://example.org/stkg/id/relation_behind_of
http://example.org/stkg/id/obs_rel_T90_K2BlackPanther_20260205T224201Z_330_e_d	http://example.org/stkg/time	"2026-02-05T22:42:01Z"^^<http://www.w3.org/2001/XMLSchema#dateTime>
http://example.org/stkg/id/obs_rel_BTR80_T90_20260205T224201Z_330_c_e	http://www.w3.org/1999/02/22-rdf-syntax-ns#type	http://example.org/stkg/id/SpatialRelationObservation
http://example.org/stkg/id/obs_rel_BTR80_T90_20260205T224201Z_330_c_e	http://example.org/stkg/subjectEntity	http://example.org/stkg/id/platform_BTR80
http://example.org/stkg/id/obs_rel_BTR80_T90_20260205T224201Z_330_c_e	http://example.org/stkg/objectEntity	http://example.org/stkg/id/platform_T90
http://example.org/stkg/id/obs_rel_BTR80_T90_20260205T224201Z_330_c_e	http://example.org/stkg/relationType	http://example.org/stkg/id/relation_ahead_of
http://example.org/stkg/id/obs_rel_BTR80_T90_20260205T224201Z_330_c_e	http://example.org/stkg/time	"2026-02-05T22:42:01Z"^^<http://www.w3.org/2001/XMLSchema#dateTime>
http://example.org/stkg/id/obs_rel_T90_BTR80_20260205T224201Z_330_e_c	http://www.w3.org/1999/02/22-rdf-syntax-ns#type	http://example.org/stkg/id/SpatialRelationObservation
http://example.org/stkg/id/obs_rel_T90_BTR80_20260205T224201Z_330_e_c	http://example.org/stkg/subjectEntity	http://example.org/stkg/id/platform_T90
http://example.org/stkg/id/obs_rel_T90_BTR80_20260205T224201Z_330_e_c	http://example.org/stkg/objectEntity	http://example.org/stkg/id/platform_BTR80
http://example.org/stkg/id/obs_rel_T90_BTR80_20260205T224201Z_330_e_c	http://example.org/stkg/relationType	http://example.org/stkg/id/relation_behind_of
http://example.org/stkg/id/obs_rel_T90_BTR80_20260205T224201Z_330_e_c	http://example.org/stkg/time	"2026-02-05T22:42:01Z"^^<http://www.w3.org/2001/XMLSchema#dateTime>
http://example.org/stkg/id/obs_rel_BTR80_K2BlackPanther_20260205T224202Z_331_c_d	http://www.w3.org/1999/02/22-rdf-syntax-ns#type	http://example.org/stkg/id/SpatialRelationObservation
http://example.org/stkg/id/obs_rel_BTR80_K2BlackPanther_20260205T224202Z_331_c_d	http://example.org/stkg/subjectEntity	http://example.org/stkg/id/platform_BTR80
http://example.org/stkg/id/obs_rel_BTR80_K2BlackPanther_20260205T224202Z_331_c_d	http://example.org/stkg/objectEntity	http://example.org/stkg/id/platform_K2BlackPanther
http://example.org/stkg/id/obs_rel_BTR80_K2BlackPanther_20260205T224202Z_331_c_d	http://example.org/stkg/relationType	http://example.org/stkg/id/relation_ahead_of
http://example.org/stkg/id/obs_rel_BTR80_K2BlackPanther_20260205T224202Z_331_c_d	http://example.org/stkg/time	"2026-02-05T22:42:02Z"^^<http://www.w3.org/2001/XMLSchema#dateTime>
http://example.org/stkg/id/obs_rel_K2BlackPanther_BTR80_20260205T224202Z_331_d_c	http://www.w3.org/1999/02/22-rdf-syntax-ns#type	http://example.org/stkg/id/SpatialRelationObservation
http://example.org/stkg/id/obs_rel_K2BlackPanther_BTR80_20260205T224202Z_331_d_c	http://example.org/stkg/subjectEntity	http://example.org/stkg/id/platform_K2BlackPanther
http://example.org/stkg/id/obs_rel_K2BlackPanther_BTR80_20260205T224202Z_331_d_c	http://example.org/stkg/objectEntity	http://example.org/stkg/id/platform_BTR80
http://example.org/stkg/id/obs_rel_K2BlackPanther_BTR80_20260205T224202Z_331_d_c	http://example.org/stkg/relationType	http://example.org/stkg/id/relation_behind_of
http://example.org/stkg/id/obs_rel_K2BlackPanther_BTR80_20260205T224202Z_331_d_c	http://example.org/stkg/time	"2026-02-05T22:42:02Z"^^<http://www.w3.org/2001/XMLSchema#dateTime>
http://example.org/stkg/id/obs_rel_K2BlackPanther_T90_20260205T224202Z_331_d_e	http://www.w3.org/1999/02/22-rdf-syntax-ns#type	http://example.org/stkg/id/SpatialRelationObservation
http://example.org/stkg/id/obs_rel_K2BlackPanther_T90_20260205T224202Z_331_d_e	http://example.org/stkg/subjectEntity	http://example.org/stkg/id/platform_K2BlackPanther
http://example.org/stkg/id/obs_rel_K2BlackPanther_T90_20260205T224202Z_331_d_e	http://example.org/stkg/objectEntity	http://example.org/stkg/id/platform_T90
http://example.org/stkg/id/obs_rel_K2BlackPanther_T90_20260205T224202Z_331_d_e	http://example.org/stkg/relationType	http://example.org/stkg/id/relation_ahead_of
http://example.org/stkg/id/obs_rel_K2BlackPanther_T90_20260205T224202Z_331_d_e	http://example.org/stkg/time	"2026-02-05T22:42:02Z"^^<http://www.w3.org/2001/XMLSchema#dateTime>
http://example.org/stkg/id/obs_rel_T90_K2BlackPanther_20260205T224202Z_331_e_d	http://www.w3.org/1999/02/22-rdf-syntax-ns#type	http://example.org/stkg/id/SpatialRelationObservation
http://example.org/stkg/id/obs_rel_T90_K2BlackPanther_20260205T224202Z_331_e_d	http://example.org/stkg/subjectEntity	http://example.org/stkg/id/platform_T90
http://example.org/stkg/id/obs_rel_T90_K2BlackPanther_20260205T224202Z_331_e_d	http://example.org/stkg/objectEntity	http://example.org/stkg/id/platform_K2BlackPanther
http://example.org/stkg/id/obs_rel_T90_K2BlackPanther_20260205T224202Z_331_e_d	http://example.org/stkg/relationType	http://example.org/stkg/id/relation_behind_of
http://example.org/stkg/id/obs_rel_T90_K2BlackPanther_20260205T224202Z_331_e_d	http://example.org/stkg/time	"2026-02-05T22:42:02Z"^^<http://www.w3.org/2001/XMLSchema#dateTime>
http://example.org/stkg/id/obs_rel_BTR80_T90_20260205T224202Z_331_c_e	http://www.w3.org/1999/02/22-rdf-syntax-ns#type	http://example.org/stkg/id/SpatialRelationObservation
http://example.org/stkg/id/obs_rel_BTR80_T90_20260205T224202Z_331_c_e	http://example.org/stkg/subjectEntity	http://example.org/stkg/id/platform_BTR80
http://example.org/stkg/id/obs_rel_BTR80_T90_20260205T224202Z_331_c_e	http://example.org/stkg/objectEntity	http://example.org/stkg/id/platform_T90
http://example.org/stkg/id/obs_rel_BTR80_T90_20260205T224202Z_331_c_e	http://example.org/stkg/relationType	http://example.org/stkg/id/relation_ahead_of
http://example.org/stkg/id/obs_rel_BTR80_T90_20260205T224202Z_331_c_e	http://example.org/stkg/time	"2026-02-05T22:42:02Z"^^<http://www.w3.org/2001/XMLSchema#dateTime>
http://example.org/stkg/id/obs_rel_T90_BTR80_20260205T224202Z_331_e_c	http://www.w3.org/1999/02/22-rdf-syntax-ns#type	http://example.org/stkg/id/SpatialRelationObservation
http://example.org/stkg/id/obs_rel_T90_BTR80_20260205T224202Z_331_e_c	http://example.org/stkg/subjectEntity	http://example.org/stkg/id/platform_T90
http://example.org/stkg/id/obs_rel_T90_BTR80_20260205T224202Z_331_e_c	http://example.org/stkg/objectEntity	http://example.org/stkg/id/platform_BTR80
http://example.org/stkg/id/obs_rel_T90_BTR80_20260205T224202Z_331_e_c	http://example.org/stkg/relationType	http://example.org/stkg/id/relation_behind_of
http://example.org/stkg/id/obs_rel_T90_BTR80_20260205T224202Z_331_e_c	http://example.org/stkg/time	"2026-02-05T22:42:02Z"^^<http://www.w3.org/2001/XMLSchema#dateTime>
http://example.org/stkg/id/obs_rel_BTR80_K2BlackPanther_20260205T224203Z_332_c_d	http://www.w3.org/1999/02/22-rdf-syntax-ns#type	http://example.org/stkg/id/SpatialRelationObservation
http://example.org/stkg/id/obs_rel_BTR80_K2BlackPanther_20260205T224203Z_332_c_d	http://example.org/stkg/subjectEntity	http://example.org/stkg/id/platform_BTR80
http://example.org/stkg/id/obs_rel_BTR80_K2BlackPanther_20260205T224203Z_332_c_d	http://example.org/stkg/objectEntity	http://example.org/stkg/id/platform_K2BlackPanther
http://example.org/stkg/id/obs_rel_BTR80_K2BlackPanther_20260205T224203Z_332_c_d	http://example.org/stkg/relationType	http://example.org/stkg/id/relation_ahead_of
http://example.org/stkg/id/obs_rel_BTR80_K2BlackPanther_20260205T224203Z_332_c_d	http://example.org/stkg/time	"2026-02-05T22:42:03Z"^^<http://www.w3.org/2001/XMLSchema#dateTime>
http://example.org/stkg/id/obs_rel_K2BlackPanther_BTR80_20260205T224203Z_332_d_c	http://www.w3.org/1999/02/22-rdf-syntax-ns#type	http://example.org/stkg/id/SpatialRelationObservation
http://example.org/stkg/id/obs_rel_K2BlackPanther_BTR80_20260205T224203Z_332_d_c	http://example.org/stkg/subjectEntity	http://example.org/stkg/id/platform_K2BlackPanther
http://example.org/stkg/id/obs_rel_K2BlackPanther_BTR80_20260205T224203Z_332_d_c	http://example.org/stkg/objectEntity	http://example.org/stkg/id/platform_BTR80
http://example.org/stkg/id/obs_rel_K2BlackPanther_BTR80_20260205T224203Z_332_d_c	http://example.org/stkg/relationType	http://example.org/stkg/id/relation_behind_of
http://example.org/stkg/id/obs_rel_K2BlackPanther_BTR80_20260205T224203Z_332_d_c	http://example.org/stkg/time	"2026-02-05T22:42:03Z"^^<http://www.w3.org/2001/XMLSchema#dateTime>
http://example.org/stkg/id/obs_rel_K2BlackPanther_T90_20260205T224203Z_332_d_e	http://www.w3.org/1999/02/22-rdf-syntax-ns#type	http://example.org/stkg/id/SpatialRelationObservation
http://example.org/stkg/id/obs_rel_K2BlackPanther_T90_20260205T224203Z_332_d_e	http://example.org/stkg/subjectEntity	http://example.org/stkg/id/platform_K2BlackPanther
http://example.org/stkg/id/obs_rel_K2BlackPanther_T90_20260205T224203Z_332_d_e	http://example.org/stkg/objectEntity	http://example.org/stkg/id/platform_T90
http://example.org/stkg/id/obs_rel_K2BlackPanther_T90_20260205T224203Z_332_d_e	http://example.org/stkg/relationType	http://example.org/stkg/id/relation_ahead_of
http://example.org/stkg/id/obs_rel_K2BlackPanther_T90_20260205T224203Z_332_d_e	http://example.org/stkg/time	"2026-02-05T22:42:03Z"^^<http://www.w3.org/2001/XMLSchema#dateTime>
http://example.org/stkg/id/obs_rel_T90_K2BlackPanther_20260205T224203Z_332_e_d	http://www.w3.org/1999/02/22-rdf-syntax-ns#type	http://example.org/stkg/id/SpatialRelationObservation
http://example.org/stkg/id/obs_rel_T90_K2BlackPanther_20260205T224203Z_332_e_d	http://example.org/stkg/subjectEntity	http://example.org/stkg/id/platform_T90
http://example.org/stkg/id/obs_rel_T90_K2BlackPanther_20260205T224203Z_332_e_d	http://example.org/stkg/objectEntity	http://example.org/stkg/id/platform_K2BlackPanther
http://example.org/stkg/id/obs_rel_T90_K2BlackPanther_20260205T224203Z_332_e_d	http://example.org/stkg/relationType	http://example.org/stkg/id/relation_behind_of
http://example.org/stkg/id/obs_rel_T90_K2BlackPanther_20260205T224203Z_332_e_d	http://example.org/stkg/time	"2026-02-05T22:42:03Z"^^<http://www.w3.org/2001/XMLSchema#dateTime>
http://example.org/stkg/id/obs_rel_BTR80_T90_20260205T224203Z_332_c_e	http://www.w3.org/1999/02/22-rdf-syntax-ns#type	http://example.org/stkg/id/SpatialRelationObservation
http://example.org/stkg/id/obs_rel_BTR80_T90_20260205T224203Z_332_c_e	http://example.org/stkg/subjectEntity	http://example.org/stkg/id/platform_BTR80
http://example.org/stkg/id/obs_rel_BTR80_T90_20260205T224203Z_332_c_e	http://example.org/stkg/objectEntity	http://example.org/stkg/id/platform_T90
http://example.org/stkg/id/obs_rel_BTR80_T90_20260205T224203Z_332_c_e	http://example.org/stkg/relationType	http://example.org/stkg/id/relation_ahead_of
http://example.org/stkg/id/obs_rel_BTR80_T90_20260205T224203Z_332_c_e	http://example.org/stkg/time	"2026-02-05T22:42:03Z"^^<http://www.w3.org/2001/XMLSchema#dateTime>
http://example.org/stkg/id/obs_rel_T90_BTR80_20260205T224203Z_332_e_c	http://www.w3.org/1999/02/22-rdf-syntax-ns#type	http://example.org/stkg/id/SpatialRelationObservation
http://example.org/stkg/id/obs_rel_T90_BTR80_20260205T224203Z_332_e_c	http://example.org/stkg/subjectEntity	http://example.org/stkg/id/platform_T90
http://example.org/stkg/id/obs_rel_T90_BTR80_20260205T224203Z_332_e_c	http://example.org/stkg/objectEntity	http://example.org/stkg/id/platform_BTR80
http://example.org/stkg/id/obs_rel_T90_BTR80_20260205T224203Z_332_e_c	http://example.org/stkg/relationType	http://example.org/stkg/id/relation_behind_of
http://example.org/stkg/id/obs_rel_T90_BTR80_20260205T224203Z_332_e_c	http://example.org/stkg/time	"2026-02-05T22:42:03Z"^^<http://www.w3.org/2001/XMLSchema#dateTime>
http://example.org/stkg/id/obs_rel_BTR80_K2BlackPanther_20260205T224204Z_333_c_d	http://www.w3.org/1999/02/22-rdf-syntax-ns#type	http://example.org/stkg/id/SpatialRelationObservation
http://example.org/stkg/id/obs_rel_BTR80_K2BlackPanther_20260205T224204Z_333_c_d	http://example.org/stkg/subjectEntity	http://example.org/stkg/id/platform_BTR80
http://example.org/stkg/id/obs_rel_BTR80_K2BlackPanther_20260205T224204Z_333_c_d	http://example.org/stkg/objectEntity	http://example.org/stkg/id/platform_K2BlackPanther
http://example.org/stkg/id/obs_rel_BTR80_K2BlackPanther_20260205T224204Z_333_c_d	http://example.org/stkg/relationType	http://example.org/stkg/id/relation_ahead_of
http://example.org/stkg/id/obs_rel_BTR80_K2BlackPanther_20260205T224204Z_333_c_d	http://example.org/stkg/time	"2026-02-05T22:42:04Z"^^<http://www.w3.org/2001/XMLSchema#dateTime>
http://example.org/stkg/id/obs_rel_K2BlackPanther_BTR80_20260205T224204Z_333_d_c	http://www.w3.org/1999/02/22-rdf-syntax-ns#type	http://example.org/stkg/id/SpatialRelationObservation
http://example.org/stkg/id/obs_rel_K2BlackPanther_BTR80_20260205T224204Z_333_d_c	http://example.org/stkg/subjectEntity	http://example.org/stkg/id/platform_K2BlackPanther
http://example.org/stkg/id/obs_rel_K2BlackPanther_BTR80_20260205T224204Z_333_d_c	http://example.org/stkg/objectEntity	http://example.org/stkg/id/platform_BTR80
http://example.org/stkg/id/obs_rel_K2BlackPanther_BTR80_20260205T224204Z_333_d_c	http://example.org/stkg/relationType	http://example.org/stkg/id/relation_behind_of
http://example.org/stkg/id/obs_rel_K2BlackPanther_BTR80_20260205T224204Z_333_d_c	http://example.org/stkg/time	"2026-02-05T22:42:04Z"^^<http://www.w3.org/2001/XMLSchema#dateTime>
http://example.org/stkg/id/obs_rel_K2BlackPanther_T90_20260205T224204Z_333_d_e	http://www.w3.org/1999/02/22-rdf-syntax-ns#type	http://example.org/stkg/id/SpatialRelationObservation
http://example.org/stkg/id/obs_rel_K2BlackPanther_T90_20260205T224204Z_333_d_e	http://example.org/stkg/subjectEntity	http://example.org/stkg/id/platform_K2BlackPanther
http://example.org/stkg/id/obs_rel_K2BlackPanther_T90_20260205T224204Z_333_d_e	http://example.org/stkg/objectEntity	http://example.org/stkg/id/platform_T90
http://example.org/stkg/id/obs_rel_K2BlackPanther_T90_20260205T224204Z_333_d_e	http://example.org/stkg/relationType	http://example.org/stkg/id/relation_ahead_of
http://example.org/stkg/id/obs_rel_K2BlackPanther_T90_20260205T224204Z_333_d_e	http://example.org/stkg/time	"2026-02-05T22:42:04Z"^^<http://www.w3.org/2001/XMLSchema#dateTime>
http://example.org/stkg/id/obs_rel_T90_K2BlackPanther_20260205T224204Z_333_e_d	http://www.w3.org/1999/02/22-rdf-syntax-ns#type	http://example.org/stkg/id/SpatialRelationObservation
http://example.org/stkg/id/obs_rel_T90_K2BlackPanther_20260205T224204Z_333_e_d	http://example.org/stkg/subjectEntity	http://example.org/stkg/id/platform_T90
http://example.org/stkg/id/obs_rel_T90_K2BlackPanther_20260205T224204Z_333_e_d	http://example.org/stkg/objectEntity	http://example.org/stkg/id/platform_K2BlackPanther
http://example.org/stkg/id/obs_rel_T90_K2BlackPanther_20260205T224204Z_333_e_d	http://example.org/stkg/relationType	http://example.org/stkg/id/relation_behind_of
http://example.org/stkg/id/obs_rel_T90_K2BlackPanther_20260205T224204Z_333_e_d	http://example.org/stkg/time	"2026-02-05T22:42:04Z"^^<http://www.w3.org/2001/XMLSchema#dateTime>
http://example.org/stkg/id/obs_rel_BTR80_T90_20260205T224204Z_333_c_e	http://www.w3.org/1999/02/22-rdf-syntax-ns#type	http://example.org/stkg/id/SpatialRelationObservation
http://example.org/stkg/id/obs_rel_BTR80_T90_20260205T224204Z_333_c_e	http://example.org/stkg/subjectEntity	http://example.org/stkg/id/platform_BTR80
http://example.org/stkg/id/obs_rel_BTR80_T90_20260205T224204Z_333_c_e	http://example.org/stkg/objectEntity	http://example.org/stkg/id/platform_T90
http://example.org/stkg/id/obs_rel_BTR80_T90_20260205T224204Z_333_c_e	http://example.org/stkg/relationType	http://example.org/stkg/id/relation_ahead_of
http://example.org/stkg/id/obs_rel_BTR80_T90_20260205T224204Z_333_c_e	http://example.org/stkg/time	"2026-02-05T22:42:04Z"^^<http://www.w3.org/2001/XMLSchema#dateTime>
http://example.org/stkg/id/obs_rel_T90_BTR80_20260205T224204Z_333_e_c	http://www.w3.org/1999/02/22-rdf-syntax-ns#type	http://example.org/stkg/id/SpatialRelationObservation
http://example.org/stkg/id/obs_rel_T90_BTR80_20260205T224204Z_333_e_c	http://example.org/stkg/subjectEntity	http://example.org/stkg/id/platform_T90
http://example.org/stkg/id/obs_rel_T90_BTR80_20260205T224204Z_333_e_c	http://example.org/stkg/objectEntity	http://example.org/stkg/id/platform_BTR80
http://example.org/stkg/id/obs_rel_T90_BTR80_20260205T224204Z_333_e_c	http://example.org/stkg/relationType	http://example.org/stkg/id/relation_behind_of
http://example.org/stkg/id/obs_rel_T90_BTR80_20260205T224204Z_333_e_c	http://example.org/stkg/time	"2026-02-05T22:42:04Z"^^<http://www.w3.org/2001/XMLSchema#dateTime>
http://example.org/stkg/id/obs_rel_BTR80_K2BlackPanther_20260205T224205Z_334_c_d	http://www.w3.org/1999/02/22-rdf-syntax-ns#type	http://example.org/stkg/id/SpatialRelationObservation
http://example.org/stkg/id/obs_rel_BTR80_K2BlackPanther_20260205T224205Z_334_c_d	http://example.org/stkg/subjectEntity	http://example.org/stkg/id/platform_BTR80
http://example.org/stkg/id/obs_rel_BTR80_K2BlackPanther_20260205T224205Z_334_c_d	http://example.org/stkg/objectEntity	http://example.org/stkg/id/platform_K2BlackPanther
http://example.org/stkg/id/obs_rel_BTR80_K2BlackPanther_20260205T224205Z_334_c_d	http://example.org/stkg/relationType	http://example.org/stkg/id/relation_ahead_of
http://example.org/stkg/id/obs_rel_BTR80_K2BlackPanther_20260205T224205Z_334_c_d	http://example.org/stkg/time	"2026-02-05T22:42:05Z"^^<http://www.w3.org/2001/XMLSchema#dateTime>
http://example.org/stkg/id/obs_rel_K2BlackPanther_BTR80_20260205T224205Z_334_d_c	http://www.w3.org/1999/02/22-rdf-syntax-ns#type	http://example.org/stkg/id/SpatialRelationObservation
http://example.org/stkg/id/obs_rel_K2BlackPanther_BTR80_20260205T224205Z_334_d_c	http://example.org/stkg/subjectEntity	http://example.org/stkg/id/platform_K2BlackPanther
http://example.org/stkg/id/obs_rel_K2BlackPanther_BTR80_20260205T224205Z_334_d_c	http://example.org/stkg/objectEntity	http://example.org/stkg/id/platform_BTR80
http://example.org/stkg/id/obs_rel_K2BlackPanther_BTR80_20260205T224205Z_334_d_c	http://example.org/stkg/relationType	http://example.org/stkg/id/relation_behind_of
http://example.org/stkg/id/obs_rel_K2BlackPanther_BTR80_20260205T224205Z_334_d_c	http://example.org/stkg/time	"2026-02-05T22:42:05Z"^^<http://www.w3.org/2001/XMLSchema#dateTime>
http://example.org/stkg/id/obs_rel_K2BlackPanther_T90_20260205T224205Z_334_d_e	http://www.w3.org/1999/02/22-rdf-syntax-ns#type	http://example.org/stkg/id/SpatialRelationObservation
http://example.org/stkg/id/obs_rel_K2BlackPanther_T90_20260205T224205Z_334_d_e	http://example.org/stkg/subjectEntity	http://example.org/stkg/id/platform_K2BlackPanther
http://example.org/stkg/id/obs_rel_K2BlackPanther_T90_20260205T224205Z_334_d_e	http://example.org/stkg/objectEntity	http://example.org/stkg/id/platform_T90
http://example.org/stkg/id/obs_rel_K2BlackPanther_T90_20260205T224205Z_334_d_e	http://example.org/stkg/relationType	http://example.org/stkg/id/relation_ahead_of
http://example.org/stkg/id/obs_rel_K2BlackPanther_T90_20260205T224205Z_334_d_e	http://example.org/stkg/time	"2026-02-05T22:42:05Z"^^<http://www.w3.org/2001/XMLSchema#dateTime>
http://example.org/stkg/id/obs_rel_T90_K2BlackPanther_20260205T224205Z_334_e_d	http://www.w3.org/1999/02/22-rdf-syntax-ns#type	http://example.org/stkg/id/SpatialRelationObservation
http://example.org/stkg/id/obs_rel_T90_K2BlackPanther_20260205T224205Z_334_e_d	http://example.org/stkg/subjectEntity	http://example.org/stkg/id/platform_T90
http://example.org/stkg/id/obs_rel_T90_K2BlackPanther_20260205T224205Z_334_e_d	http://example.org/stkg/objectEntity	http://example.org/stkg/id/platform_K2BlackPanther
http://example.org/stkg/id/obs_rel_T90_K2BlackPanther_20260205T224205Z_334_e_d	http://example.org/stkg/relationType	http://example.org/stkg/id/relation_behind_of
http://example.org/stkg/id/obs_rel_T90_K2BlackPanther_20260205T224205Z_334_e_d	http://example.org/stkg/time	"2026-02-05T22:42:05Z"^^<http://www.w3.org/2001/XMLSchema#dateTime>
http://example.org/stkg/id/obs_rel_BTR80_T90_20260205T224205Z_334_c_e	http://www.w3.org/1999/02/22-rdf-syntax-ns#type	http://example.org/stkg/id/SpatialRelationObservation
http://example.org/stkg/id/obs_rel_BTR80_T90_20260205T224205Z_334_c_e	http://example.org/stkg/subjectEntity	http://example.org/stkg/id/platform_BTR80
http://example.org/stkg/id/obs_rel_BTR80_T90_20260205T224205Z_334_c_e	http://example.org/stkg/objectEntity	http://example.org/stkg/id/platform_T90
http://example.org/stkg/id/obs_rel_BTR80_T90_20260205T224205Z_334_c_e	http://example.org/stkg/relationType	http://example.org/stkg/id/relation_ahead_of
http://example.org/stkg/id/obs_rel_BTR80_T90_20260205T224205Z_334_c_e	http://example.org/stkg/time	"2026-02-05T22:42:05Z"^^<http://www.w3.org/2001/XMLSchema#dateTime>
http://example.org/stkg/id/obs_rel_T90_BTR80_20260205T224205Z_334_e_c	http://www.w3.org/1999/02/22-rdf-syntax-ns#type	http://example.org/stkg/id/SpatialRelationObservation
http://example.org/stkg/id/obs_rel_T90_BTR80_20260205T224205Z_334_e_c	http://example.org/stkg/subjectEntity	http://example.org/stkg/id/platform_T90
http://example.org/stkg/id/obs_rel_T90_BTR80_20260205T224205Z_334_e_c	http://example.org/stkg/objectEntity	http://example.org/stkg/id/platform_BTR80
http://example.org/stkg/id/obs_rel_T90_BTR80_20260205T224205Z_334_e_c	http://example.org/stkg/relationType	http://example.org/stkg/id/relation_behind_of
http://example.org/stkg/id/obs_rel_T90_BTR80_20260205T224205Z_334_e_c	http://example.org/stkg/time	"2026-02-05T22:42:05Z"^^<http://www.w3.org/2001/XMLSchema#dateTime>
http://example.org/stkg/id/obs_rel_BTR80_K2BlackPanther_20260205T224206Z_335_c_d	http://www.w3.org/1999/02/22-rdf-syntax-ns#type	http://example.org/stkg/id/SpatialRelationObservation
http://example.org/stkg/id/obs_rel_BTR80_K2BlackPanther_20260205T224206Z_335_c_d	http://example.org/stkg/subjectEntity	http://example.org/stkg/id/platform_BTR80
http://example.org/stkg/id/obs_rel_BTR80_K2BlackPanther_20260205T224206Z_335_c_d	http://example.org/stkg/objectEntity	http://example.org/stkg/id/platform_K2BlackPanther
http://example.org/stkg/id/obs_rel_BTR80_K2BlackPanther_20260205T224206Z_335_c_d	http://example.org/stkg/relationType	http://example.org/stkg/id/relation_ahead_of
http://example.org/stkg/id/obs_rel_BTR80_K2BlackPanther_20260205T224206Z_335_c_d	http://example.org/stkg/time	"2026-02-05T22:42:06Z"^^<http://www.w3.org/2001/XMLSchema#dateTime>
http://example.org/stkg/id/obs_rel_K2BlackPanther_BTR80_20260205T224206Z_335_d_c	http://www.w3.org/1999/02/22-rdf-syntax-ns#type	http://example.org/stkg/id/SpatialRelationObservation
http://example.org/stkg/id/obs_rel_K2BlackPanther_BTR80_20260205T224206Z_335_d_c	http://example.org/stkg/subjectEntity	http://example.org/stkg/id/platform_K2BlackPanther
http://example.org/stkg/id/obs_rel_K2BlackPanther_BTR80_20260205T224206Z_335_d_c	http://example.org/stkg/objectEntity	http://example.org/stkg/id/platform_BTR80
http://example.org/stkg/id/obs_rel_K2BlackPanther_BTR80_20260205T224206Z_335_d_c	http://example.org/stkg/relationType	http://example.org/stkg/id/relation_behind_of
http://example.org/stkg/id/obs_rel_K2BlackPanther_BTR80_20260205T224206Z_335_d_c	http://example.org/stkg/time	"2026-02-05T22:42:06Z"^^<http://www.w3.org/2001/XMLSchema#dateTime>
http://example.org/stkg/id/obs_rel_K2BlackPanther_T90_20260205T224206Z_335_d_e	http://www.w3.org/1999/02/22-rdf-syntax-ns#type	http://example.org/stkg/id/SpatialRelationObservation
http://example.org/stkg/id/obs_rel_K2BlackPanther_T90_20260205T224206Z_335_d_e	http://example.org/stkg/subjectEntity	http://example.org/stkg/id/platform_K2BlackPanther
http://example.org/stkg/id/obs_rel_K2BlackPanther_T90_20260205T224206Z_335_d_e	http://example.org/stkg/objectEntity	http://example.org/stkg/id/platform_T90
http://example.org/stkg/id/obs_rel_K2BlackPanther_T90_20260205T224206Z_335_d_e	http://example.org/stkg/relationType	http://example.org/stkg/id/relation_ahead_of
http://example.org/stkg/id/obs_rel_K2BlackPanther_T90_20260205T224206Z_335_d_e	http://example.org/stkg/time	"2026-02-05T22:42:06Z"^^<http://www.w3.org/2001/XMLSchema#dateTime>
http://example.org/stkg/id/obs_rel_T90_K2BlackPanther_20260205T224206Z_335_e_d	http://www.w3.org/1999/02/22-rdf-syntax-ns#type	http://example.org/stkg/id/SpatialRelationObservation
http://example.org/stkg/id/obs_rel_T90_K2BlackPanther_20260205T224206Z_335_e_d	http://example.org/stkg/subjectEntity	http://example.org/stkg/id/platform_T90
http://example.org/stkg/id/obs_rel_T90_K2BlackPanther_20260205T224206Z_335_e_d	http://example.org/stkg/objectEntity	http://example.org/stkg/id/platform_K2BlackPanther
http://example.org/stkg/id/obs_rel_T90_K2BlackPanther_20260205T224206Z_335_e_d	http://example.org/stkg/relationType	http://example.org/stkg/id/relation_behind_of
http://example.org/stkg/id/obs_rel_T90_K2BlackPanther_20260205T224206Z_335_e_d	http://example.org/stkg/time	"2026-02-05T22:42:06Z"^^<http://www.w3.org/2001/XMLSchema#dateTime>
http://example.org/stkg/id/obs_rel_BTR80_T90_20260205T224206Z_335_c_e	http://www.w3.org/1999/02/22-rdf-syntax-ns#type	http://example.org/stkg/id/SpatialRelationObservation
http://example.org/stkg/id/obs_rel_BTR80_T90_20260205T224206Z_335_c_e	http://example.org/stkg/subjectEntity	http://example.org/stkg/id/platform_BTR80
http://example.org/stkg/id/obs_rel_BTR80_T90_20260205T224206Z_335_c_e	http://example.org/stkg/objectEntity	http://example.org/stkg/id/platform_T90
http://example.org/stkg/id/obs_rel_BTR80_T90_20260205T224206Z_335_c_e	http://example.org/stkg/relationType	http://example.org/stkg/id/relation_ahead_of
http://example.org/stkg/id/obs_rel_BTR80_T90_20260205T224206Z_335_c_e	http://example.org/stkg/time	"2026-02-05T22:42:06Z"^^<http://www.w3.org/2001/XMLSchema#dateTime>
http://example.org/stkg/id/obs_rel_T90_BTR80_20260205T224206Z_335_e_c	http://www.w3.org/1999/02/22-rdf-syntax-ns#type	http://example.org/stkg/id/SpatialRelationObservation
http://example.org/stkg/id/obs_rel_T90_BTR80_20260205T224206Z_335_e_c	http://example.org/stkg/subjectEntity	http://example.org/stkg/id/platform_T90
http://example.org/stkg/id/obs_rel_T90_BTR80_20260205T224206Z_335_e_c	http://example.org/stkg/objectEntity	http://example.org/stkg/id/platform_BTR80
http://example.org/stkg/id/obs_rel_T90_BTR80_20260205T224206Z_335_e_c	http://example.org/stkg/relationType	http://example.org/stkg/id/relation_behind_of
http://example.org/stkg/id/obs_rel_T90_BTR80_20260205T224206Z_335_e_c	http://example.org/stkg/time	"2026-02-05T22:42:06Z"^^<http://www.w3.org/2001/XMLSchema#dateTime>
http://example.org/stkg/id/obs_rel_BTR80_K2BlackPanther_20260205T224207Z_336_c_d	http://www.w3.org/1999/02/22-rdf-syntax-ns#type	http://example.org/stkg/id/SpatialRelationObservation
http://example.org/stkg/id/obs_rel_BTR80_K2BlackPanther_20260205T224207Z_336_c_d	http://example.org/stkg/subjectEntity	http://example.org/stkg/id/platform_BTR80
http://example.org/stkg/id/obs_rel_BTR80_K2BlackPanther_20260205T224207Z_336_c_d	http://example.org/stkg/objectEntity	http://example.org/stkg/id/platform_K2BlackPanther
http://example.org/stkg/id/obs_rel_BTR80_K2BlackPanther_20260205T224207Z_336_c_d	http://example.org/stkg/relationType	http://example.org/stkg/id/relation_ahead_of
http://example.org/stkg/id/obs_rel_BTR80_K2BlackPanther_20260205T224207Z_336_c_d	http://example.org/stkg/time	"2026-02-05T22:42:07Z"^^<http://www.w3.org/2001/XMLSchema#dateTime>
http://example.org/stkg/id/obs_rel_K2BlackPanther_BTR80_20260205T224207Z_336_d_c	http://www.w3.org/1999/02/22-rdf-syntax-ns#type	http://example.org/stkg/id/SpatialRelationObservation
http://example.org/stkg/id/obs_rel_K2BlackPanther_BTR80_20260205T224207Z_336_d_c	http://example.org/stkg/subjectEntity	http://example.org/stkg/id/platform_K2BlackPanther
http://example.org/stkg/id/obs_rel_K2BlackPanther_BTR80_20260205T224207Z_336_d_c	http://example.org/stkg/objectEntity	http://example.org/stkg/id/platform_BTR80
http://example.org/stkg/id/obs_rel_K2BlackPanther_BTR80_20260205T224207Z_336_d_c	http://example.org/stkg/relationType	http://example.org/stkg/id/relation_behind_of
http://example.org/stkg/id/obs_rel_K2BlackPanther_BTR80_20260205T224207Z_336_d_c	http://example.org/stkg/time	"2026-02-05T22:42:07Z"^^<http://www.w3.org/2001/XMLSchema#dateTime>
http://example.org/stkg/id/obs_rel_K2BlackPanther_T90_20260205T224207Z_336_d_e	http://www.w3.org/1999/02/22-rdf-syntax-ns#type	http://example.org/stkg/id/SpatialRelationObservation
http://example.org/stkg/id/obs_rel_K2BlackPanther_T90_20260205T224207Z_336_d_e	http://example.org/stkg/subjectEntity	http://example.org/stkg/id/platform_K2BlackPanther
http://example.org/stkg/id/obs_rel_K2BlackPanther_T90_20260205T224207Z_336_d_e	http://example.org/stkg/objectEntity	http://example.org/stkg/id/platform_T90
http://example.org/stkg/id/obs_rel_K2BlackPanther_T90_20260205T224207Z_336_d_e	http://example.org/stkg/relationType	http://example.org/stkg/id/relation_ahead_of
http://example.org/stkg/id/obs_rel_K2BlackPanther_T90_20260205T224207Z_336_d_e	http://example.org/stkg/time	"2026-02-05T22:42:07Z"^^<http://www.w3.org/2001/XMLSchema#dateTime>
http://example.org/stkg/id/obs_rel_T90_K2BlackPanther_20260205T224207Z_336_e_d	http://www.w3.org/1999/02/22-rdf-syntax-ns#type	http://example.org/stkg/id/SpatialRelationObservation
http://example.org/stkg/id/obs_rel_T90_K2BlackPanther_20260205T224207Z_336_e_d	http://example.org/stkg/subjectEntity	http://example.org/stkg/id/platform_T90
http://example.org/stkg/id/obs_rel_T90_K2BlackPanther_20260205T224207Z_336_e_d	http://example.org/stkg/objectEntity	http://example.org/stkg/id/platform_K2BlackPanther
http://example.org/stkg/id/obs_rel_T90_K2BlackPanther_20260205T224207Z_336_e_d	http://example.org/stkg/relationType	http://example.org/stkg/id/relation_behind_of
http://example.org/stkg/id/obs_rel_T90_K2BlackPanther_20260205T224207Z_336_e_d	http://example.org/stkg/time	"2026-02-05T22:42:07Z"^^<http://www.w3.org/2001/XMLSchema#dateTime>
http://example.org/stkg/id/obs_rel_BTR80_T90_20260205T224207Z_336_c_e	http://www.w3.org/1999/02/22-rdf-syntax-ns#type	http://example.org/stkg/id/SpatialRelationObservation
http://example.org/stkg/id/obs_rel_BTR80_T90_20260205T224207Z_336_c_e	http://example.org/stkg/subjectEntity	http://example.org/stkg/id/platform_BTR80
http://example.org/stkg/id/obs_rel_BTR80_T90_20260205T224207Z_336_c_e	http://example.org/stkg/objectEntity	http://example.org/stkg/id/platform_T90
http://example.org/stkg/id/obs_rel_BTR80_T90_20260205T224207Z_336_c_e	http://example.org/stkg/relationType	http://example.org/stkg/id/relation_ahead_of
http://example.org/stkg/id/obs_rel_BTR80_T90_20260205T224207Z_336_c_e	http://example.org/stkg/time	"2026-02-05T22:42:07Z"^^<http://www.w3.org/2001/XMLSchema#dateTime>
http://example.org/stkg/id/obs_rel_T90_BTR80_20260205T224207Z_336_e_c	http://www.w3.org/1999/02/22-rdf-syntax-ns#type	http://example.org/stkg/id/SpatialRelationObservation
http://example.org/stkg/id/obs_rel_T90_BTR80_20260205T224207Z_336_e_c	http://example.org/stkg/subjectEntity	http://example.org/stkg/id/platform_T90
http://example.org/stkg/id/obs_rel_T90_BTR80_20260205T224207Z_336_e_c	http://example.org/stkg/objectEntity	http://example.org/stkg/id/platform_BTR80
http://example.org/stkg/id/obs_rel_T90_BTR80_20260205T224207Z_336_e_c	http://example.org/stkg/relationType	http://example.org/stkg/id/relation_behind_of
http://example.org/stkg/id/obs_rel_T90_BTR80_20260205T224207Z_336_e_c	http://example.org/stkg/time	"2026-02-05T22:42:07Z"^^<http://www.w3.org/2001/XMLSchema#dateTime>
http://example.org/stkg/id/obs_rel_BTR80_K2BlackPanther_20260205T224208Z_337_c_d	http://www.w3.org/1999/02/22-rdf-syntax-ns#type	http://example.org/stkg/id/SpatialRelationObservation
http://example.org/stkg/id/obs_rel_BTR80_K2BlackPanther_20260205T224208Z_337_c_d	http://example.org/stkg/subjectEntity	http://example.org/stkg/id/platform_BTR80
http://example.org/stkg/id/obs_rel_BTR80_K2BlackPanther_20260205T224208Z_337_c_d	http://example.org/stkg/objectEntity	http://example.org/stkg/id/platform_K2BlackPanther
http://example.org/stkg/id/obs_rel_BTR80_K2BlackPanther_20260205T224208Z_337_c_d	http://example.org/stkg/relationType	http://example.org/stkg/id/relation_ahead_of
http://example.org/stkg/id/obs_rel_BTR80_K2BlackPanther_20260205T224208Z_337_c_d	http://example.org/stkg/time	"2026-02-05T22:42:08Z"^^<http://www.w3.org/2001/XMLSchema#dateTime>
http://example.org/stkg/id/obs_rel_K2BlackPanther_BTR80_20260205T224208Z_337_d_c	http://www.w3.org/1999/02/22-rdf-syntax-ns#type	http://example.org/stkg/id/SpatialRelationObservation
http://example.org/stkg/id/obs_rel_K2BlackPanther_BTR80_20260205T224208Z_337_d_c	http://example.org/stkg/subjectEntity	http://example.org/stkg/id/platform_K2BlackPanther
http://example.org/stkg/id/obs_rel_K2BlackPanther_BTR80_20260205T224208Z_337_d_c	http://example.org/stkg/objectEntity	http://example.org/stkg/id/platform_BTR80
http://example.org/stkg/id/obs_rel_K2BlackPanther_BTR80_20260205T224208Z_337_d_c	http://example.org/stkg/relationType	http://example.org/stkg/id/relation_behind_of
http://example.org/stkg/id/obs_rel_K2BlackPanther_BTR80_20260205T224208Z_337_d_c	http://example.org/stkg/time	"2026-02-05T22:42:08Z"^^<http://www.w3.org/2001/XMLSchema#dateTime>
http://example.org/stkg/id/obs_rel_K2BlackPanther_T90_20260205T224208Z_337_d_e	http://www.w3.org/1999/02/22-rdf-syntax-ns#type	http://example.org/stkg/id/SpatialRelationObservation
http://example.org/stkg/id/obs_rel_K2BlackPanther_T90_20260205T224208Z_337_d_e	http://example.org/stkg/subjectEntity	http://example.org/stkg/id/platform_K2BlackPanther
http://example.org/stkg/id/obs_rel_K2BlackPanther_T90_20260205T224208Z_337_d_e	http://example.org/stkg/objectEntity	http://example.org/stkg/id/platform_T90
http://example.org/stkg/id/obs_rel_K2BlackPanther_T90_20260205T224208Z_337_d_e	http://example.org/stkg/relationType	http://example.org/stkg/id/relation_ahead_of
http://example.org/stkg/id/obs_rel_K2BlackPanther_T90_20260205T224208Z_337_d_e	http://example.org/stkg/time	"2026-02-05T22:42:08Z"^^<http://www.w3.org/2001/XMLSchema#dateTime>
http://example.org/stkg/id/obs_rel_T90_K2BlackPanther_20260205T224208Z_337_e_d	http://www.w3.org/1999/02/22-rdf-syntax-ns#type	http://example.org/stkg/id/SpatialRelationObservation
http://example.org/stkg/id/obs_rel_T90_K2BlackPanther_20260205T224208Z_337_e_d	http://example.org/stkg/subjectEntity	http://example.org/stkg/id/platform_T90
http://example.org/stkg/id/obs_rel_T90_K2BlackPanther_20260205T224208Z_337_e_d	http://example.org/stkg/objectEntity	http://example.org/stkg/id/platform_K2BlackPanther
http://example.org/stkg/id/obs_rel_T90_K2BlackPanther_20260205T224208Z_337_e_d	http://example.org/stkg/relationType	http://example.org/stkg/id/relation_behind_of
http://example.org/stkg/id/obs_rel_T90_K2BlackPanther_20260205T224208Z_337_e_d	http://example.org/stkg/time	"2026-02-05T22:42:08Z"^^<http://www.w3.org/2001/XMLSchema#dateTime>
http://example.org/stkg/id/obs_rel_BTR80_T90_20260205T224208Z_337_c_e	http://www.w3.org/1999/02/22-rdf-syntax-ns#type	http://example.org/stkg/id/SpatialRelationObservation
http://example.org/stkg/id/obs_rel_BTR80_T90_20260205T224208Z_337_c_e	http://example.org/stkg/subjectEntity	http://example.org/stkg/id/platform_BTR80
http://example.org/stkg/id/obs_rel_BTR80_T90_20260205T224208Z_337_c_e	http://example.org/stkg/objectEntity	http://example.org/stkg/id/platform_T90
http://example.org/stkg/id/obs_rel_BTR80_T90_20260205T224208Z_337_c_e	http://example.org/stkg/relationType	http://example.org/stkg/id/relation_ahead_of
http://example.org/stkg/id/obs_rel_BTR80_T90_20260205T224208Z_337_c_e	http://example.org/stkg/time	"2026-02-05T22:42:08Z"^^<http://www.w3.org/2001/XMLSchema#dateTime>
http://example.org/stkg/id/obs_rel_T90_BTR80_20260205T224208Z_337_e_c	http://www.w3.org/1999/02/22-rdf-syntax-ns#type	http://example.org/stkg/id/SpatialRelationObservation
http://example.org/stkg/id/obs_rel_T90_BTR80_20260205T224208Z_337_e_c	http://example.org/stkg/subjectEntity	http://example.org/stkg/id/platform_T90
http://example.org/stkg/id/obs_rel_T90_BTR80_20260205T224208Z_337_e_c	http://example.org/stkg/objectEntity	http://example.org/stkg/id/platform_BTR80
http://example.org/stkg/id/obs_rel_T90_BTR80_20260205T224208Z_337_e_c	http://example.org/stkg/relationType	http://example.org/stkg/id/relation_behind_of
http://example.org/stkg/id/obs_rel_T90_BTR80_20260205T224208Z_337_e_c	http://example.org/stkg/time	"2026-02-05T22:42:08Z"^^<http://www.w3.org/2001/XMLSchema#dateTime>
http://example.org/stkg/id/obs_rel_BTR80_K2BlackPanther_20260205T224209Z_338_c_d	http://www.w3.org/1999/02/22-rdf-syntax-ns#type	http://example.org/stkg/id/SpatialRelationObservation
http://example.org/stkg/id/obs_rel_BTR80_K2BlackPanther_20260205T224209Z_338_c_d	http://example.org/stkg/subjectEntity	http://example.org/stkg/id/platform_BTR80
http://example.org/stkg/id/obs_rel_BTR80_K2BlackPanther_20260205T224209Z_338_c_d	http://example.org/stkg/objectEntity	http://example.org/stkg/id/platform_K2BlackPanther
http://example.org/stkg/id/obs_rel_BTR80_K2BlackPanther_20260205T224209Z_338_c_d	http://example.org/stkg/relationType	http://example.org/stkg/id/relation_ahead_of
http://example.org/stkg/id/obs_rel_BTR80_K2BlackPanther_20260205T224209Z_338_c_d	http://example.org/stkg/time	"2026-02-05T22:42:09Z"^^<http://www.w3.org/2001/XMLSchema#dateTime>
http://example.org/stkg/id/obs_rel_K2BlackPanther_BTR80_20260205T224209Z_338_d_c	http://www.w3.org/1999/02/22-rdf-syntax-ns#type	http://example.org/stkg/id/SpatialRelationObservation
http://example.org/stkg/id/obs_rel_K2BlackPanther_BTR80_20260205T224209Z_338_d_c	http://example.org/stkg/subjectEntity	http://example.org/stkg/id/platform_K2BlackPanther
http://example.org/stkg/id/obs_rel_K2BlackPanther_BTR80_20260205T224209Z_338_d_c	http://example.org/stkg/objectEntity	http://example.org/stkg/id/platform_BTR80
http://example.org/stkg/id/obs_rel_K2BlackPanther_BTR80_20260205T224209Z_338_d_c	http://example.org/stkg/relationType	http://example.org/stkg/id/relation_behind_of
http://example.org/stkg/id/obs_rel_K2BlackPanther_BTR80_20260205T224209Z_338_d_c	http://example.org/stkg/time	"2026-02-05T22:42:09Z"^^<http://www.w3.org/2001/XMLSchema#dateTime>
http://example.org/stkg/id/obs_rel_K2BlackPanther_T90_20260205T224209Z_338_d_e	http://www.w3.org/1999/02/22-rdf-syntax-ns#type	http://example.org/stkg/id/SpatialRelationObservation
http://example.org/stkg/id/obs_rel_K2BlackPanther_T90_20260205T224209Z_338_d_e	http://example.org/stkg/subjectEntity	http://example.org/stkg/id/platform_K2BlackPanther
http://example.org/stkg/id/obs_rel_K2BlackPanther_T90_20260205T224209Z_338_d_e	http://example.org/stkg/objectEntity	http://example.org/stkg/id/platform_T90
http://example.org/stkg/id/obs_rel_K2BlackPanther_T90_20260205T224209Z_338_d_e	http://example.org/stkg/relationType	http://example.org/stkg/id/relation_ahead_of
http://example.org/stkg/id/obs_rel_K2BlackPanther_T90_20260205T224209Z_338_d_e	http://example.org/stkg/time	"2026-02-05T22:42:09Z"^^<http://www.w3.org/2001/XMLSchema#dateTime>
http://example.org/stkg/id/obs_rel_T90_K2BlackPanther_20260205T224209Z_338_e_d	http://www.w3.org/1999/02/22-rdf-syntax-ns#type	http://example.org/stkg/id/SpatialRelationObservation
http://example.org/stkg/id/obs_rel_T90_K2BlackPanther_20260205T224209Z_338_e_d	http://example.org/stkg/subjectEntity	http://example.org/stkg/id/platform_T90
http://example.org/stkg/id/obs_rel_T90_K2BlackPanther_20260205T224209Z_338_e_d	http://example.org/stkg/objectEntity	http://example.org/stkg/id/platform_K2BlackPanther
http://example.org/stkg/id/obs_rel_T90_K2BlackPanther_20260205T224209Z_338_e_d	http://example.org/stkg/relationType	http://example.org/stkg/id/relation_behind_of
http://example.org/stkg/id/obs_rel_T90_K2BlackPanther_20260205T224209Z_338_e_d	http://example.org/stkg/time	"2026-02-05T22:42:09Z"^^<http://www.w3.org/2001/XMLSchema#dateTime>
http://example.org/stkg/id/obs_rel_BTR80_T90_20260205T224209Z_338_c_e	http://www.w3.org/1999/02/22-rdf-syntax-ns#type	http://example.org/stkg/id/SpatialRelationObservation
http://example.org/stkg/id/obs_rel_BTR80_T90_20260205T224209Z_338_c_e	http://example.org/stkg/subjectEntity	http://example.org/stkg/id/platform_BTR80
http://example.org/stkg/id/obs_rel_BTR80_T90_20260205T224209Z_338_c_e	http://example.org/stkg/objectEntity	http://example.org/stkg/id/platform_T90
http://example.org/stkg/id/obs_rel_BTR80_T90_20260205T224209Z_338_c_e	http://example.org/stkg/relationType	http://example.org/stkg/id/relation_ahead_of
http://example.org/stkg/id/obs_rel_BTR80_T90_20260205T224209Z_338_c_e	http://example.org/stkg/time	"2026-02-05T22:42:09Z"^^<http://www.w3.org/2001/XMLSchema#dateTime>
http://example.org/stkg/id/obs_rel_T90_BTR80_20260205T224209Z_338_e_c	http://www.w3.org/1999/02/22-rdf-syntax-ns#type	http://example.org/stkg/id/SpatialRelationObservation
http://example.org/stkg/id/obs_rel_T90_BTR80_20260205T224209Z_338_e_c	http://example.org/stkg/subjectEntity	http://example.org/stkg/id/platform_T90
http://example.org/stkg/id/obs_rel_T90_BTR80_20260205T224209Z_338_e_c	http://example.org/stkg/objectEntity	http://example.org/stkg/id/platform_BTR80
http://example.org/stkg/id/obs_rel_T90_BTR80_20260205T224209Z_338_e_c	http://example.org/stkg/relationType	http://example.org/stkg/id/relation_behind_of
http://example.org/stkg/id/obs_rel_T90_BTR80_20260205T224209Z_338_e_c	http://example.org/stkg/time	"2026-02-05T22:42:09Z"^^<http://www.w3.org/2001/XMLSchema#dateTime>
http://example.org/stkg/id/obs_rel_BTR80_K2BlackPanther_20260205T224210Z_339_c_d	http://www.w3.org/1999/02/22-rdf-syntax-ns#type	http://example.org/stkg/id/SpatialRelationObservation
http://example.org/stkg/id/obs_rel_BTR80_K2BlackPanther_20260205T224210Z_339_c_d	http://example.org/stkg/subjectEntity	http://example.org/stkg/id/platform_BTR80
http://example.org/stkg/id/obs_rel_BTR80_K2BlackPanther_20260205T224210Z_339_c_d	http://example.org/stkg/objectEntity	http://example.org/stkg/id/platform_K2BlackPanther
http://example.org/stkg/id/obs_rel_BTR80_K2BlackPanther_20260205T224210Z_339_c_d	http://example.org/stkg/relationType	http://example.org/stkg/id/relation_ahead_of
http://example.org/stkg/id/obs_rel_BTR80_K2BlackPanther_20260205T224210Z_339_c_d	http://example.org/stkg/time	"2026-02-05T22:42:10Z"^^<http://www.w3.org/2001/XMLSchema#dateTime>
http://example.org/stkg/id/obs_rel_K2BlackPanther_BTR80_20260205T224210Z_339_d_c	http://www.w3.org/1999/02/22-rdf-syntax-ns#type	http://example.org/stkg/id/SpatialRelationObservation
http://example.org/stkg/id/obs_rel_K2BlackPanther_BTR80_20260205T224210Z_339_d_c	http://example.org/stkg/subjectEntity	http://example.org/stkg/id/platform_K2BlackPanther
http://example.org/stkg/id/obs_rel_K2BlackPanther_BTR80_20260205T224210Z_339_d_c	http://example.org/stkg/objectEntity	http://example.org/stkg/id/platform_BTR80
http://example.org/stkg/id/obs_rel_K2BlackPanther_BTR80_20260205T224210Z_339_d_c	http://example.org/stkg/relationType	http://example.org/stkg/id/relation_behind_of
http://example.org/stkg/id/obs_rel_K2BlackPanther_BTR80_20260205T224210Z_339_d_c	http://example.org/stkg/time	"2026-02-05T22:42:10Z"^^<http://www.w3.org/2001/XMLSchema#dateTime>
http://example.org/stkg/id/obs_rel_K2BlackPanther_T90_20260205T224210Z_339_d_e	http://www.w3.org/1999/02/22-rdf-syntax-ns#type	http://example.org/stkg/id/SpatialRelationObservation
http://example.org/stkg/id/obs_rel_K2BlackPanther_T90_20260205T224210Z_339_d_e	http://example.org/stkg/subjectEntity	http://example.org/stkg/id/platform_K2BlackPanther
http://example.org/stkg/id/obs_rel_K2BlackPanther_T90_20260205T224210Z_339_d_e	http://example.org/stkg/objectEntity	http://example.org/stkg/id/platform_T90
http://example.org/stkg/id/obs_rel_K2BlackPanther_T90_20260205T224210Z_339_d_e	http://example.org/stkg/relationType	http://example.org/stkg/id/relation_ahead_of
http://example.org/stkg/id/obs_rel_K2BlackPanther_T90_20260205T224210Z_339_d_e	http://example.org/stkg/time	"2026-02-05T22:42:10Z"^^<http://www.w3.org/2001/XMLSchema#dateTime>
http://example.org/stkg/id/obs_rel_T90_K2BlackPanther_20260205T224210Z_339_e_d	http://www.w3.org/1999/02/22-rdf-syntax-ns#type	http://example.org/stkg/id/SpatialRelationObservation
http://example.org/stkg/id/obs_rel_T90_K2BlackPanther_20260205T224210Z_339_e_d	http://example.org/stkg/subjectEntity	http://example.org/stkg/id/platform_T90
http://example.org/stkg/id/obs_rel_T90_K2BlackPanther_20260205T224210Z_339_e_d	http://example.org/stkg/objectEntity	http://example.org/stkg/id/platform_K2BlackPanther
http://example.org/stkg/id/obs_rel_T90_K2BlackPanther_20260205T224210Z_339_e_d	http://example.org/stkg/relationType	http://example.org/stkg/id/relation_behind_of
http://example.org/stkg/id/obs_rel_T90_K2BlackPanther_20260205T224210Z_339_e_d	http://example.org/stkg/time	"2026-02-05T22:42:10Z"^^<http://www.w3.org/2001/XMLSchema#dateTime>
http://example.org/stkg/id/obs_rel_BTR80_T90_20260205T224210Z_339_c_e	http://www.w3.org/1999/02/22-rdf-syntax-ns#type	http://example.org/stkg/id/SpatialRelationObservation
http://example.org/stkg/id/obs_rel_BTR80_T90_20260205T224210Z_339_c_e	http://example.org/stkg/subjectEntity	http://example.org/stkg/id/platform_BTR80
http://example.org/stkg/id/obs_rel_BTR80_T90_20260205T224210Z_339_c_e	http://example.org/stkg/objectEntity	http://example.org/stkg/id/platform_T90
http://example.org/stkg/id/obs_rel_BTR80_T90_20260205T224210Z_339_c_e	http://example.org/stkg/relationType	http://example.org/stkg/id/relation_ahead_of
http://example.org/stkg/id/obs_rel_BTR80_T90_20260205T224210Z_339_c_e	http://example.org/stkg/time	"2026-02-05T22:42:10Z"^^<http://www.w3.org/2001/XMLSchema#dateTime>
http://example.org/stkg/id/obs_rel_T90_BTR80_20260205T224210Z_339_e_c	http://www.w3.org/1999/02/22-rdf-syntax-ns#type	http://example.org/stkg/id/SpatialRelationObservation
http://example.org/stkg/id/obs_rel_T90_BTR80_20260205T224210Z_339_e_c	http://example.org/stkg/subjectEntity	http://example.org/stkg/id/platform_T90
http://example.org/stkg/id/obs_rel_T90_BTR80_20260205T224210Z_339_e_c	http://example.org/stkg/objectEntity	http://example.org/stkg/id/platform_BTR80
http://example.org/stkg/id/obs_rel_T90_BTR80_20260205T224210Z_339_e_c	http://example.org/stkg/relationType	http://example.org/stkg/id/relation_behind_of
http://example.org/stkg/id/obs_rel_T90_BTR80_20260205T224210Z_339_e_c	http://example.org/stkg/time	"2026-02-05T22:42:10Z"^^<http://www.w3.org/2001/XMLSchema#dateTime>
http://example.org/stkg/id/obs_rel_BTR80_K2BlackPanther_20260205T224211Z_340_c_d	http://www.w3.org/1999/02/22-rdf-syntax-ns#type	http://example.org/stkg/id/SpatialRelationObservation
http://example.org/stkg/id/obs_rel_BTR80_K2BlackPanther_20260205T224211Z_340_c_d	http://example.org/stkg/subjectEntity	http://example.org/stkg/id/platform_BTR80
http://example.org/stkg/id/obs_rel_BTR80_K2BlackPanther_20260205T224211Z_340_c_d	http://example.org/stkg/objectEntity	http://example.org/stkg/id/platform_K2BlackPanther
http://example.org/stkg/id/obs_rel_BTR80_K2BlackPanther_20260205T224211Z_340_c_d	http://example.org/stkg/relationType	http://example.org/stkg/id/relation_ahead_of
http://example.org/stkg/id/obs_rel_BTR80_K2BlackPanther_20260205T224211Z_340_c_d	http://example.org/stkg/time	"2026-02-05T22:42:11Z"^^<http://www.w3.org/2001/XMLSchema#dateTime>
http://example.org/stkg/id/obs_rel_K2BlackPanther_BTR80_20260205T224211Z_340_d_c	http://www.w3.org/1999/02/22-rdf-syntax-ns#type	http://example.org/stkg/id/SpatialRelationObservation
http://example.org/stkg/id/obs_rel_K2BlackPanther_BTR80_20260205T224211Z_340_d_c	http://example.org/stkg/subjectEntity	http://example.org/stkg/id/platform_K2BlackPanther
http://example.org/stkg/id/obs_rel_K2BlackPanther_BTR80_20260205T224211Z_340_d_c	http://example.org/stkg/objectEntity	http://example.org/stkg/id/platform_BTR80
http://example.org/stkg/id/obs_rel_K2BlackPanther_BTR80_20260205T224211Z_340_d_c	http://example.org/stkg/relationType	http://example.org/stkg/id/relation_behind_of
http://example.org/stkg/id/obs_rel_K2BlackPanther_BTR80_20260205T224211Z_340_d_c	http://example.org/stkg/time	"2026-02-05T22:42:11Z"^^<http://www.w3.org/2001/XMLSchema#dateTime>
http://example.org/stkg/id/obs_rel_K2BlackPanther_T90_20260205T224211Z_340_d_e	http://www.w3.org/1999/02/22-rdf-syntax-ns#type	http://example.org/stkg/id/SpatialRelationObservation
http://example.org/stkg/id/obs_rel_K2BlackPanther_T90_20260205T224211Z_340_d_e	http://example.org/stkg/subjectEntity	http://example.org/stkg/id/platform_K2BlackPanther
http://example.org/stkg/id/obs_rel_K2BlackPanther_T90_20260205T224211Z_340_d_e	http://example.org/stkg/objectEntity	http://example.org/stkg/id/platform_T90
http://example.org/stkg/id/obs_rel_K2BlackPanther_T90_20260205T224211Z_340_d_e	http://example.org/stkg/relationType	http://example.org/stkg/id/relation_ahead_of
http://example.org/stkg/id/obs_rel_K2BlackPanther_T90_20260205T224211Z_340_d_e	http://example.org/stkg/time	"2026-02-05T22:42:11Z"^^<http://www.w3.org/2001/XMLSchema#dateTime>
http://example.org/stkg/id/obs_rel_T90_K2BlackPanther_20260205T224211Z_340_e_d	http://www.w3.org/1999/02/22-rdf-syntax-ns#type	http://example.org/stkg/id/SpatialRelationObservation
http://example.org/stkg/id/obs_rel_T90_K2BlackPanther_20260205T224211Z_340_e_d	http://example.org/stkg/subjectEntity	http://example.org/stkg/id/platform_T90
http://example.org/stkg/id/obs_rel_T90_K2BlackPanther_20260205T224211Z_340_e_d	http://example.org/stkg/objectEntity	http://example.org/stkg/id/platform_K2BlackPanther
http://example.org/stkg/id/obs_rel_T90_K2BlackPanther_20260205T224211Z_340_e_d	http://example.org/stkg/relationType	http://example.org/stkg/id/relation_behind_of
http://example.org/stkg/id/obs_rel_T90_K2BlackPanther_20260205T224211Z_340_e_d	http://example.org/stkg/time	"2026-02-05T22:42:11Z"^^<http://www.w3.org/2001/XMLSchema#dateTime>
http://example.org/stkg/id/obs_rel_BTR80_T90_20260205T224211Z_340_c_e	http://www.w3.org/1999/02/22-rdf-syntax-ns#type	http://example.org/stkg/id/SpatialRelationObservation
http://example.org/stkg/id/obs_rel_BTR80_T90_20260205T224211Z_340_c_e	http://example.org/stkg/subjectEntity	http://example.org/stkg/id/platform_BTR80
http://example.org/stkg/id/obs_rel_BTR80_T90_20260205T224211Z_340_c_e	http://example.org/stkg/objectEntity	http://example.org/stkg/id/platform_T90
http://example.org/stkg/id/obs_rel_BTR80_T90_20260205T224211Z_340_c_e	http://example.org/stkg/relationType	http://example.org/stkg/id/relation_ahead_of
http://example.org/stkg/id/obs_rel_BTR80_T90_20260205T224211Z_340_c_e	http://example.org/stkg/time	"2026-02-05T22:42:11Z"^^<http://www.w3.org/2001/XMLSchema#dateTime>
http://example.org/stkg/id/obs_rel_T90_BTR80_20260205T224211Z_340_e_c	http://www.w3.org/1999/02/22-rdf-syntax-ns#type	http://example.org/stkg/id/SpatialRelationObservation
http://example.org/stkg/id/obs_rel_T90_BTR80_20260205T224211Z_340_e_c	http://example.org/stkg/subjectEntity	http://example.org/stkg/id/platform_T90
http://example.org/stkg/id/obs_rel_T90_BTR80_20260205T224211Z_340_e_c	http://example.org/stkg/objectEntity	http://example.org/stkg/id/platform_BTR80
http://example.org/stkg/id/obs_rel_T90_BTR80_20260205T224211Z_340_e_c	http://example.org/stkg/relationType	http://example.org/stkg/id/relation_behind_of
http://example.org/stkg/id/obs_rel_T90_BTR80_20260205T224211Z_340_e_c	http://example.org/stkg/time	"2026-02-05T22:42:11Z"^^<http://www.w3.org/2001/XMLSchema#dateTime>
http://example.org/stkg/id/obs_rel_BTR80_K2BlackPanther_20260205T224212Z_341_c_d	http://www.w3.org/1999/02/22-rdf-syntax-ns#type	http://example.org/stkg/id/SpatialRelationObservation
http://example.org/stkg/id/obs_rel_BTR80_K2BlackPanther_20260205T224212Z_341_c_d	http://example.org/stkg/subjectEntity	http://example.org/stkg/id/platform_BTR80
http://example.org/stkg/id/obs_rel_BTR80_K2BlackPanther_20260205T224212Z_341_c_d	http://example.org/stkg/objectEntity	http://example.org/stkg/id/platform_K2BlackPanther
http://example.org/stkg/id/obs_rel_BTR80_K2BlackPanther_20260205T224212Z_341_c_d	http://example.org/stkg/relationType	http://example.org/stkg/id/relation_ahead_of
http://example.org/stkg/id/obs_rel_BTR80_K2BlackPanther_20260205T224212Z_341_c_d	http://example.org/stkg/time	"2026-02-05T22:42:12Z"^^<http://www.w3.org/2001/XMLSchema#dateTime>
http://example.org/stkg/id/obs_rel_K2BlackPanther_BTR80_20260205T224212Z_341_d_c	http://www.w3.org/1999/02/22-rdf-syntax-ns#type	http://example.org/stkg/id/SpatialRelationObservation
http://example.org/stkg/id/obs_rel_K2BlackPanther_BTR80_20260205T224212Z_341_d_c	http://example.org/stkg/subjectEntity	http://example.org/stkg/id/platform_K2BlackPanther
http://example.org/stkg/id/obs_rel_K2BlackPanther_BTR80_20260205T224212Z_341_d_c	http://example.org/stkg/objectEntity	http://example.org/stkg/id/platform_BTR80
http://example.org/stkg/id/obs_rel_K2BlackPanther_BTR80_20260205T224212Z_341_d_c	http://example.org/stkg/relationType	http://example.org/stkg/id/relation_behind_of
http://example.org/stkg/id/obs_rel_K2BlackPanther_BTR80_20260205T224212Z_341_d_c	http://example.org/stkg/time	"2026-02-05T22:42:12Z"^^<http://www.w3.org/2001/XMLSchema#dateTime>
http://example.org/stkg/id/obs_rel_K2BlackPanther_T90_20260205T224212Z_341_d_e	http://www.w3.org/1999/02/22-rdf-syntax-ns#type	http://example.org/stkg/id/SpatialRelationObservation
http://example.org/stkg/id/obs_rel_K2BlackPanther_T90_20260205T224212Z_341_d_e	http://example.org/stkg/subjectEntity	http://example.org/stkg/id/platform_K2BlackPanther
http://example.org/stkg/id/obs_rel_K2BlackPanther_T90_20260205T224212Z_341_d_e	http://example.org/stkg/objectEntity	http://example.org/stkg/id/platform_T90
http://example.org/stkg/id/obs_rel_K2BlackPanther_T90_20260205T224212Z_341_d_e	http://example.org/stkg/relationType	http://example.org/stkg/id/relation_ahead_of
http://example.org/stkg/id/obs_rel_K2BlackPanther_T90_20260205T224212Z_341_d_e	http://example.org/stkg/time	"2026-02-05T22:42:12Z"^^<http://www.w3.org/2001/XMLSchema#dateTime>
http://example.org/stkg/id/obs_rel_T90_K2BlackPanther_20260205T224212Z_341_e_d	http://www.w3.org/1999/02/22-rdf-syntax-ns#type	http://example.org/stkg/id/SpatialRelationObservation
http://example.org/stkg/id/obs_rel_T90_K2BlackPanther_20260205T224212Z_341_e_d	http://example.org/stkg/subjectEntity	http://example.org/stkg/id/platform_T90
http://example.org/stkg/id/obs_rel_T90_K2BlackPanther_20260205T224212Z_341_e_d	http://example.org/stkg/objectEntity	http://example.org/stkg/id/platform_K2BlackPanther
http://example.org/stkg/id/obs_rel_T90_K2BlackPanther_20260205T224212Z_341_e_d	http://example.org/stkg/relationType	http://example.org/stkg/id/relation_behind_of
http://example.org/stkg/id/obs_rel_T90_K2BlackPanther_20260205T224212Z_341_e_d	http://example.org/stkg/time	"2026-02-05T22:42:12Z"^^<http://www.w3.org/2001/XMLSchema#dateTime>
http://example.org/stkg/id/obs_rel_BTR80_T90_20260205T224212Z_341_c_e	http://www.w3.org/1999/02/22-rdf-syntax-ns#type	http://example.org/stkg/id/SpatialRelationObservation
http://example.org/stkg/id/obs_rel_BTR80_T90_20260205T224212Z_341_c_e	http://example.org/stkg/subjectEntity	http://example.org/stkg/id/platform_BTR80
http://example.org/stkg/id/obs_rel_BTR80_T90_20260205T224212Z_341_c_e	http://example.org/stkg/objectEntity	http://example.org/stkg/id/platform_T90
http://example.org/stkg/id/obs_rel_BTR80_T90_20260205T224212Z_341_c_e	http://example.org/stkg/relationType	http://example.org/stkg/id/relation_ahead_of
http://example.org/stkg/id/obs_rel_BTR80_T90_20260205T224212Z_341_c_e	http://example.org/stkg/time	"2026-02-05T22:42:12Z"^^<http://www.w3.org/2001/XMLSchema#dateTime>
http://example.org/stkg/id/obs_rel_T90_BTR80_20260205T224212Z_341_e_c	http://www.w3.org/1999/02/22-rdf-syntax-ns#type	http://example.org/stkg/id/SpatialRelationObservation
http://example.org/stkg/id/obs_rel_T90_BTR80_20260205T224212Z_341_e_c	http://example.org/stkg/subjectEntity	http://example.org/stkg/id/platform_T90
http://example.org/stkg/id/obs_rel_T90_BTR80_20260205T224212Z_341_e_c	http://example.org/stkg/objectEntity	http://example.org/stkg/id/platform_BTR80
http://example.org/stkg/id/obs_rel_T90_BTR80_20260205T224212Z_341_e_c	http://example.org/stkg/relationType	http://example.org/stkg/id/relation_behind_of
http://example.org/stkg/id/obs_rel_T90_BTR80_20260205T224212Z_341_e_c	http://example.org/stkg/time	"2026-02-05T22:42:12Z"^^<http://www.w3.org/2001/XMLSchema#dateTime>
http://example.org/stkg/id/obs_rel_BTR80_K2BlackPanther_20260205T224213Z_342_c_d	http://www.w3.org/1999/02/22-rdf-syntax-ns#type	http://example.org/stkg/id/SpatialRelationObservation
http://example.org/stkg/id/obs_rel_BTR80_K2BlackPanther_20260205T224213Z_342_c_d	http://example.org/stkg/subjectEntity	http://example.org/stkg/id/platform_BTR80
http://example.org/stkg/id/obs_rel_BTR80_K2BlackPanther_20260205T224213Z_342_c_d	http://example.org/stkg/objectEntity	http://example.org/stkg/id/platform_K2BlackPanther
http://example.org/stkg/id/obs_rel_BTR80_K2BlackPanther_20260205T224213Z_342_c_d	http://example.org/stkg/relationType	http://example.org/stkg/id/relation_ahead_of
http://example.org/stkg/id/obs_rel_BTR80_K2BlackPanther_20260205T224213Z_342_c_d	http://example.org/stkg/time	"2026-02-05T22:42:13Z"^^<http://www.w3.org/2001/XMLSchema#dateTime>
http://example.org/stkg/id/obs_rel_K2BlackPanther_BTR80_20260205T224213Z_342_d_c	http://www.w3.org/1999/02/22-rdf-syntax-ns#type	http://example.org/stkg/id/SpatialRelationObservation
http://example.org/stkg/id/obs_rel_K2BlackPanther_BTR80_20260205T224213Z_342_d_c	http://example.org/stkg/subjectEntity	http://example.org/stkg/id/platform_K2BlackPanther
http://example.org/stkg/id/obs_rel_K2BlackPanther_BTR80_20260205T224213Z_342_d_c	http://example.org/stkg/objectEntity	http://example.org/stkg/id/platform_BTR80
http://example.org/stkg/id/obs_rel_K2BlackPanther_BTR80_20260205T224213Z_342_d_c	http://example.org/stkg/relationType	http://example.org/stkg/id/relation_behind_of
http://example.org/stkg/id/obs_rel_K2BlackPanther_BTR80_20260205T224213Z_342_d_c	http://example.org/stkg/time	"2026-02-05T22:42:13Z"^^<http://www.w3.org/2001/XMLSchema#dateTime>
http://example.org/stkg/id/obs_rel_K2BlackPanther_T90_20260205T224213Z_342_d_e	http://www.w3.org/1999/02/22-rdf-syntax-ns#type	http://example.org/stkg/id/SpatialRelationObservation
http://example.org/stkg/id/obs_rel_K2BlackPanther_T90_20260205T224213Z_342_d_e	http://example.org/stkg/subjectEntity	http://example.org/stkg/id/platform_K2BlackPanther
http://example.org/stkg/id/obs_rel_K2BlackPanther_T90_20260205T224213Z_342_d_e	http://example.org/stkg/objectEntity	http://example.org/stkg/id/platform_T90
http://example.org/stkg/id/obs_rel_K2BlackPanther_T90_20260205T224213Z_342_d_e	http://example.org/stkg/relationType	http://example.org/stkg/id/relation_ahead_of
http://example.org/stkg/id/obs_rel_K2BlackPanther_T90_20260205T224213Z_342_d_e	http://example.org/stkg/time	"2026-02-05T22:42:13Z"^^<http://www.w3.org/2001/XMLSchema#dateTime>
http://example.org/stkg/id/obs_rel_T90_K2BlackPanther_20260205T224213Z_342_e_d	http://www.w3.org/1999/02/22-rdf-syntax-ns#type	http://example.org/stkg/id/SpatialRelationObservation
http://example.org/stkg/id/obs_rel_T90_K2BlackPanther_20260205T224213Z_342_e_d	http://example.org/stkg/subjectEntity	http://example.org/stkg/id/platform_T90
http://example.org/stkg/id/obs_rel_T90_K2BlackPanther_20260205T224213Z_342_e_d	http://example.org/stkg/objectEntity	http://example.org/stkg/id/platform_K2BlackPanther
http://example.org/stkg/id/obs_rel_T90_K2BlackPanther_20260205T224213Z_342_e_d	http://example.org/stkg/relationType	http://example.org/stkg/id/relation_behind_of
http://example.org/stkg/id/obs_rel_T90_K2BlackPanther_20260205T224213Z_342_e_d	http://example.org/stkg/time	"2026-02-05T22:42:13Z"^^<http://www.w3.org/2001/XMLSchema#dateTime>
http://example.org/stkg/id/obs_rel_BTR80_T90_20260205T224213Z_342_c_e	http://www.w3.org/1999/02/22-rdf-syntax-ns#type	http://example.org/stkg/id/SpatialRelationObservation
http://example.org/stkg/id/obs_rel_BTR80_T90_20260205T224213Z_342_c_e	http://example.org/stkg/subjectEntity	http://example.org/stkg/id/platform_BTR80
http://example.org/stkg/id/obs_rel_BTR80_T90_20260205T224213Z_342_c_e	http://example.org/stkg/objectEntity	http://example.org/stkg/id/platform_T90
http://example.org/stkg/id/obs_rel_BTR80_T90_20260205T224213Z_342_c_e	http://example.org/stkg/relationType	http://example.org/stkg/id/relation_ahead_of
http://example.org/stkg/id/obs_rel_BTR80_T90_20260205T224213Z_342_c_e	http://example.org/stkg/time	"2026-02-05T22:42:13Z"^^<http://www.w3.org/2001/XMLSchema#dateTime>
http://example.org/stkg/id/obs_rel_T90_BTR80_20260205T224213Z_342_e_c	http://www.w3.org/1999/02/22-rdf-syntax-ns#type	http://example.org/stkg/id/SpatialRelationObservation
http://example.org/stkg/id/obs_rel_T90_BTR80_20260205T224213Z_342_e_c	http://example.org/stkg/subjectEntity	http://example.org/stkg/id/platform_T90
http://example.org/stkg/id/obs_rel_T90_BTR80_20260205T224213Z_342_e_c	http://example.org/stkg/objectEntity	http://example.org/stkg/id/platform_BTR80
http://example.org/stkg/id/obs_rel_T90_BTR80_20260205T224213Z_342_e_c	http://example.org/stkg/relationType	http://example.org/stkg/id/relation_behind_of
http://example.org/stkg/id/obs_rel_T90_BTR80_20260205T224213Z_342_e_c	http://example.org/stkg/time	"2026-02-05T22:42:13Z"^^<http://www.w3.org/2001/XMLSchema#dateTime>
http://example.org/stkg/id/obs_rel_BTR80_K2BlackPanther_20260205T224214Z_343_c_d	http://www.w3.org/1999/02/22-rdf-syntax-ns#type	http://example.org/stkg/id/SpatialRelationObservation
http://example.org/stkg/id/obs_rel_BTR80_K2BlackPanther_20260205T224214Z_343_c_d	http://example.org/stkg/subjectEntity	http://example.org/stkg/id/platform_BTR80
http://example.org/stkg/id/obs_rel_BTR80_K2BlackPanther_20260205T224214Z_343_c_d	http://example.org/stkg/objectEntity	http://example.org/stkg/id/platform_K2BlackPanther
http://example.org/stkg/id/obs_rel_BTR80_K2BlackPanther_20260205T224214Z_343_c_d	http://example.org/stkg/relationType	http://example.org/stkg/id/relation_ahead_of
http://example.org/stkg/id/obs_rel_BTR80_K2BlackPanther_20260205T224214Z_343_c_d	http://example.org/stkg/time	"2026-02-05T22:42:14Z"^^<http://www.w3.org/2001/XMLSchema#dateTime>
http://example.org/stkg/id/obs_rel_K2BlackPanther_BTR80_20260205T224214Z_343_d_c	http://www.w3.org/1999/02/22-rdf-syntax-ns#type	http://example.org/stkg/id/SpatialRelationObservation
http://example.org/stkg/id/obs_rel_K2BlackPanther_BTR80_20260205T224214Z_343_d_c	http://example.org/stkg/subjectEntity	http://example.org/stkg/id/platform_K2BlackPanther
http://example.org/stkg/id/obs_rel_K2BlackPanther_BTR80_20260205T224214Z_343_d_c	http://example.org/stkg/objectEntity	http://example.org/stkg/id/platform_BTR80
http://example.org/stkg/id/obs_rel_K2BlackPanther_BTR80_20260205T224214Z_343_d_c	http://example.org/stkg/relationType	http://example.org/stkg/id/relation_behind_of
http://example.org/stkg/id/obs_rel_K2BlackPanther_BTR80_20260205T224214Z_343_d_c	http://example.org/stkg/time	"2026-02-05T22:42:14Z"^^<http://www.w3.org/2001/XMLSchema#dateTime>
http://example.org/stkg/id/obs_rel_K2BlackPanther_T90_20260205T224214Z_343_d_e	http://www.w3.org/1999/02/22-rdf-syntax-ns#type	http://example.org/stkg/id/SpatialRelationObservation
http://example.org/stkg/id/obs_rel_K2BlackPanther_T90_20260205T224214Z_343_d_e	http://example.org/stkg/subjectEntity	http://example.org/stkg/id/platform_K2BlackPanther
http://example.org/stkg/id/obs_rel_K2BlackPanther_T90_20260205T224214Z_343_d_e	http://example.org/stkg/objectEntity	http://example.org/stkg/id/platform_T90
http://example.org/stkg/id/obs_rel_K2BlackPanther_T90_20260205T224214Z_343_d_e	http://example.org/stkg/relationType	http://example.org/stkg/id/relation_ahead_of
http://example.org/stkg/id/obs_rel_K2BlackPanther_T90_20260205T224214Z_343_d_e	http://example.org/stkg/time	"2026-02-05T22:42:14Z"^^<http://www.w3.org/2001/XMLSchema#dateTime>
http://example.org/stkg/id/obs_rel_T90_K2BlackPanther_20260205T224214Z_343_e_d	http://www.w3.org/1999/02/22-rdf-syntax-ns#type	http://example.org/stkg/id/SpatialRelationObservation
http://example.org/stkg/id/obs_rel_T90_K2BlackPanther_20260205T224214Z_343_e_d	http://example.org/stkg/subjectEntity	http://example.org/stkg/id/platform_T90
http://example.org/stkg/id/obs_rel_T90_K2BlackPanther_20260205T224214Z_343_e_d	http://example.org/stkg/objectEntity	http://example.org/stkg/id/platform_K2BlackPanther
http://example.org/stkg/id/obs_rel_T90_K2BlackPanther_20260205T224214Z_343_e_d	http://example.org/stkg/relationType	http://example.org/stkg/id/relation_behind_of
http://example.org/stkg/id/obs_rel_T90_K2BlackPanther_20260205T224214Z_343_e_d	http://example.org/stkg/time	"2026-02-05T22:42:14Z"^^<http://www.w3.org/2001/XMLSchema#dateTime>
http://example.org/stkg/id/obs_rel_BTR80_T90_20260205T224214Z_343_c_e	http://www.w3.org/1999/02/22-rdf-syntax-ns#type	http://example.org/stkg/id/SpatialRelationObservation
http://example.org/stkg/id/obs_rel_BTR80_T90_20260205T224214Z_343_c_e	http://example.org/stkg/subjectEntity	http://example.org/stkg/id/platform_BTR80
http://example.org/stkg/id/obs_rel_BTR80_T90_20260205T224214Z_343_c_e	http://example.org/stkg/objectEntity	http://example.org/stkg/id/platform_T90
http://example.org/stkg/id/obs_rel_BTR80_T90_20260205T224214Z_343_c_e	http://example.org/stkg/relationType	http://example.org/stkg/id/relation_ahead_of
http://example.org/stkg/id/obs_rel_BTR80_T90_20260205T224214Z_343_c_e	http://example.org/stkg/time	"2026-02-05T22:42:14Z"^^<http://www.w3.org/2001/XMLSchema#dateTime>
http://example.org/stkg/id/obs_rel_T90_BTR80_20260205T224214Z_343_e_c	http://www.w3.org/1999/02/22-rdf-syntax-ns#type	http://example.org/stkg/id/SpatialRelationObservation
http://example.org/stkg/id/obs_rel_T90_BTR80_20260205T224214Z_343_e_c	http://example.org/stkg/subjectEntity	http://example.org/stkg/id/platform_T90
http://example.org/stkg/id/obs_rel_T90_BTR80_20260205T224214Z_343_e_c	http://example.org/stkg/objectEntity	http://example.org/stkg/id/platform_BTR80
http://example.org/stkg/id/obs_rel_T90_BTR80_20260205T224214Z_343_e_c	http://example.org/stkg/relationType	http://example.org/stkg/id/relation_behind_of
http://example.org/stkg/id/obs_rel_T90_BTR80_20260205T224214Z_343_e_c	http://example.org/stkg/time	"2026-02-05T22:42:14Z"^^<http://www.w3.org/2001/XMLSchema#dateTime>
http://example.org/stkg/id/obs_rel_BTR80_K2BlackPanther_20260205T224215Z_344_c_d	http://www.w3.org/1999/02/22-rdf-syntax-ns#type	http://example.org/stkg/id/SpatialRelationObservation
http://example.org/stkg/id/obs_rel_BTR80_K2BlackPanther_20260205T224215Z_344_c_d	http://example.org/stkg/subjectEntity	http://example.org/stkg/id/platform_BTR80
http://example.org/stkg/id/obs_rel_BTR80_K2BlackPanther_20260205T224215Z_344_c_d	http://example.org/stkg/objectEntity	http://example.org/stkg/id/platform_K2BlackPanther
http://example.org/stkg/id/obs_rel_BTR80_K2BlackPanther_20260205T224215Z_344_c_d	http://example.org/stkg/relationType	http://example.org/stkg/id/relation_ahead_of
http://example.org/stkg/id/obs_rel_BTR80_K2BlackPanther_20260205T224215Z_344_c_d	http://example.org/stkg/time	"2026-02-05T22:42:15Z"^^<http://www.w3.org/2001/XMLSchema#dateTime>
http://example.org/stkg/id/obs_rel_K2BlackPanther_BTR80_20260205T224215Z_344_d_c	http://www.w3.org/1999/02/22-rdf-syntax-ns#type	http://example.org/stkg/id/SpatialRelationObservation
http://example.org/stkg/id/obs_rel_K2BlackPanther_BTR80_20260205T224215Z_344_d_c	http://example.org/stkg/subjectEntity	http://example.org/stkg/id/platform_K2BlackPanther
http://example.org/stkg/id/obs_rel_K2BlackPanther_BTR80_20260205T224215Z_344_d_c	http://example.org/stkg/objectEntity	http://example.org/stkg/id/platform_BTR80
http://example.org/stkg/id/obs_rel_K2BlackPanther_BTR80_20260205T224215Z_344_d_c	http://example.org/stkg/relationType	http://example.org/stkg/id/relation_behind_of
http://example.org/stkg/id/obs_rel_K2BlackPanther_BTR80_20260205T224215Z_344_d_c	http://example.org/stkg/time	"2026-02-05T22:42:15Z"^^<http://www.w3.org/2001/XMLSchema#dateTime>
http://example.org/stkg/id/obs_rel_K2BlackPanther_T90_20260205T224215Z_344_d_e	http://www.w3.org/1999/02/22-rdf-syntax-ns#type	http://example.org/stkg/id/SpatialRelationObservation
http://example.org/stkg/id/obs_rel_K2BlackPanther_T90_20260205T224215Z_344_d_e	http://example.org/stkg/subjectEntity	http://example.org/stkg/id/platform_K2BlackPanther
http://example.org/stkg/id/obs_rel_K2BlackPanther_T90_20260205T224215Z_344_d_e	http://example.org/stkg/objectEntity	http://example.org/stkg/id/platform_T90
http://example.org/stkg/id/obs_rel_K2BlackPanther_T90_20260205T224215Z_344_d_e	http://example.org/stkg/relationType	http://example.org/stkg/id/relation_ahead_of
http://example.org/stkg/id/obs_rel_K2BlackPanther_T90_20260205T224215Z_344_d_e	http://example.org/stkg/time	"2026-02-05T22:42:15Z"^^<http://www.w3.org/2001/XMLSchema#dateTime>
http://example.org/stkg/id/obs_rel_T90_K2BlackPanther_20260205T224215Z_344_e_d	http://www.w3.org/1999/02/22-rdf-syntax-ns#type	http://example.org/stkg/id/SpatialRelationObservation
http://example.org/stkg/id/obs_rel_T90_K2BlackPanther_20260205T224215Z_344_e_d	http://example.org/stkg/subjectEntity	http://example.org/stkg/id/platform_T90
http://example.org/stkg/id/obs_rel_T90_K2BlackPanther_20260205T224215Z_344_e_d	http://example.org/stkg/objectEntity	http://example.org/stkg/id/platform_K2BlackPanther
http://example.org/stkg/id/obs_rel_T90_K2BlackPanther_20260205T224215Z_344_e_d	http://example.org/stkg/relationType	http://example.org/stkg/id/relation_behind_of
http://example.org/stkg/id/obs_rel_T90_K2BlackPanther_20260205T224215Z_344_e_d	http://example.org/stkg/time	"2026-02-05T22:42:15Z"^^<http://www.w3.org/2001/XMLSchema#dateTime>
http://example.org/stkg/id/obs_rel_BTR80_T90_20260205T224215Z_344_c_e	http://www.w3.org/1999/02/22-rdf-syntax-ns#type	http://example.org/stkg/id/SpatialRelationObservation
http://example.org/stkg/id/obs_rel_BTR80_T90_20260205T224215Z_344_c_e	http://example.org/stkg/subjectEntity	http://example.org/stkg/id/platform_BTR80
http://example.org/stkg/id/obs_rel_BTR80_T90_20260205T224215Z_344_c_e	http://example.org/stkg/objectEntity	http://example.org/stkg/id/platform_T90
http://example.org/stkg/id/obs_rel_BTR80_T90_20260205T224215Z_344_c_e	http://example.org/stkg/relationType	http://example.org/stkg/id/relation_ahead_of
http://example.org/stkg/id/obs_rel_BTR80_T90_20260205T224215Z_344_c_e	http://example.org/stkg/time	"2026-02-05T22:42:15Z"^^<http://www.w3.org/2001/XMLSchema#dateTime>
http://example.org/stkg/id/obs_rel_T90_BTR80_20260205T224215Z_344_e_c	http://www.w3.org/1999/02/22-rdf-syntax-ns#type	http://example.org/stkg/id/SpatialRelationObservation
http://example.org/stkg/id/obs_rel_T90_BTR80_20260205T224215Z_344_e_c	http://example.org/stkg/subjectEntity	http://example.org/stkg/id/platform_T90
http://example.org/stkg/id/obs_rel_T90_BTR80_20260205T224215Z_344_e_c	http://example.org/stkg/objectEntity	http://example.org/stkg/id/platform_BTR80
http://example.org/stkg/id/obs_rel_T90_BTR80_20260205T224215Z_344_e_c	http://example.org/stkg/relationType	http://example.org/stkg/id/relation_behind_of
http://example.org/stkg/id/obs_rel_T90_BTR80_20260205T224215Z_344_e_c	http://example.org/stkg/time	"2026-02-05T22:42:15Z"^^<http://www.w3.org/2001/XMLSchema#dateTime>
http://example.org/stkg/id/obs_rel_BTR80_K2BlackPanther_20260205T224216Z_345_c_d	http://www.w3.org/1999/02/22-rdf-syntax-ns#type	http://example.org/stkg/id/SpatialRelationObservation
http://example.org/stkg/id/obs_rel_BTR80_K2BlackPanther_20260205T224216Z_345_c_d	http://example.org/stkg/subjectEntity	http://example.org/stkg/id/platform_BTR80
http://example.org/stkg/id/obs_rel_BTR80_K2BlackPanther_20260205T224216Z_345_c_d	http://example.org/stkg/objectEntity	http://example.org/stkg/id/platform_K2BlackPanther
http://example.org/stkg/id/obs_rel_BTR80_K2BlackPanther_20260205T224216Z_345_c_d	http://example.org/stkg/relationType	http://example.org/stkg/id/relation_ahead_of
http://example.org/stkg/id/obs_rel_BTR80_K2BlackPanther_20260205T224216Z_345_c_d	http://example.org/stkg/time	"2026-02-05T22:42:16Z"^^<http://www.w3.org/2001/XMLSchema#dateTime>
http://example.org/stkg/id/obs_rel_K2BlackPanther_BTR80_20260205T224216Z_345_d_c	http://www.w3.org/1999/02/22-rdf-syntax-ns#type	http://example.org/stkg/id/SpatialRelationObservation
http://example.org/stkg/id/obs_rel_K2BlackPanther_BTR80_20260205T224216Z_345_d_c	http://example.org/stkg/subjectEntity	http://example.org/stkg/id/platform_K2BlackPanther
http://example.org/stkg/id/obs_rel_K2BlackPanther_BTR80_20260205T224216Z_345_d_c	http://example.org/stkg/objectEntity	http://example.org/stkg/id/platform_BTR80
http://example.org/stkg/id/obs_rel_K2BlackPanther_BTR80_20260205T224216Z_345_d_c	http://example.org/stkg/relationType	http://example.org/stkg/id/relation_behind_of
http://example.org/stkg/id/obs_rel_K2BlackPanther_BTR80_20260205T224216Z_345_d_c	http://example.org/stkg/time	"2026-02-05T22:42:16Z"^^<http://www.w3.org/2001/XMLSchema#dateTime>
http://example.org/stkg/id/obs_rel_K2BlackPanther_T90_20260205T224216Z_345_d_e	http://www.w3.org/1999/02/22-rdf-syntax-ns#type	http://example.org/stkg/id/SpatialRelationObservation
http://example.org/stkg/id/obs_rel_K2BlackPanther_T90_20260205T224216Z_345_d_e	http://example.org/stkg/subjectEntity	http://example.org/stkg/id/platform_K2BlackPanther
http://example.org/stkg/id/obs_rel_K2BlackPanther_T90_20260205T224216Z_345_d_e	http://example.org/stkg/objectEntity	http://example.org/stkg/id/platform_T90
http://example.org/stkg/id/obs_rel_K2BlackPanther_T90_20260205T224216Z_345_d_e	http://example.org/stkg/relationType	http://example.org/stkg/id/relation_ahead_of
http://example.org/stkg/id/obs_rel_K2BlackPanther_T90_20260205T224216Z_345_d_e	http://example.org/stkg/time	"2026-02-05T22:42:16Z"^^<http://www.w3.org/2001/XMLSchema#dateTime>
http://example.org/stkg/id/obs_rel_T90_K2BlackPanther_20260205T224216Z_345_e_d	http://www.w3.org/1999/02/22-rdf-syntax-ns#type	http://example.org/stkg/id/SpatialRelationObservation
http://example.org/stkg/id/obs_rel_T90_K2BlackPanther_20260205T224216Z_345_e_d	http://example.org/stkg/subjectEntity	http://example.org/stkg/id/platform_T90
http://example.org/stkg/id/obs_rel_T90_K2BlackPanther_20260205T224216Z_345_e_d	http://example.org/stkg/objectEntity	http://example.org/stkg/id/platform_K2BlackPanther
http://example.org/stkg/id/obs_rel_T90_K2BlackPanther_20260205T224216Z_345_e_d	http://example.org/stkg/relationType	http://example.org/stkg/id/relation_behind_of
http://example.org/stkg/id/obs_rel_T90_K2BlackPanther_20260205T224216Z_345_e_d	http://example.org/stkg/time	"2026-02-05T22:42:16Z"^^<http://www.w3.org/2001/XMLSchema#dateTime>
http://example.org/stkg/id/obs_rel_BTR80_T90_20260205T224216Z_345_c_e	http://www.w3.org/1999/02/22-rdf-syntax-ns#type	http://example.org/stkg/id/SpatialRelationObservation
http://example.org/stkg/id/obs_rel_BTR80_T90_20260205T224216Z_345_c_e	http://example.org/stkg/subjectEntity	http://example.org/stkg/id/platform_BTR80
http://example.org/stkg/id/obs_rel_BTR80_T90_20260205T224216Z_345_c_e	http://example.org/stkg/objectEntity	http://example.org/stkg/id/platform_T90
http://example.org/stkg/id/obs_rel_BTR80_T90_20260205T224216Z_345_c_e	http://example.org/stkg/relationType	http://example.org/stkg/id/relation_ahead_of
http://example.org/stkg/id/obs_rel_BTR80_T90_20260205T224216Z_345_c_e	http://example.org/stkg/time	"2026-02-05T22:42:16Z"^^<http://www.w3.org/2001/XMLSchema#dateTime>
http://example.org/stkg/id/obs_rel_T90_BTR80_20260205T224216Z_345_e_c	http://www.w3.org/1999/02/22-rdf-syntax-ns#type	http://example.org/stkg/id/SpatialRelationObservation
http://example.org/stkg/id/obs_rel_T90_BTR80_20260205T224216Z_345_e_c	http://example.org/stkg/subjectEntity	http://example.org/stkg/id/platform_T90
http://example.org/stkg/id/obs_rel_T90_BTR80_20260205T224216Z_345_e_c	http://example.org/stkg/objectEntity	http://example.org/stkg/id/platform_BTR80
http://example.org/stkg/id/obs_rel_T90_BTR80_20260205T224216Z_345_e_c	http://example.org/stkg/relationType	http://example.org/stkg/id/relation_behind_of
http://example.org/stkg/id/obs_rel_T90_BTR80_20260205T224216Z_345_e_c	http://example.org/stkg/time	"2026-02-05T22:42:16Z"^^<http://www.w3.org/2001/XMLSchema#dateTime>
http://example.org/stkg/id/obs_rel_BTR80_K2BlackPanther_20260205T224217Z_346_c_d	http://www.w3.org/1999/02/22-rdf-syntax-ns#type	http://example.org/stkg/id/SpatialRelationObservation
http://example.org/stkg/id/obs_rel_BTR80_K2BlackPanther_20260205T224217Z_346_c_d	http://example.org/stkg/subjectEntity	http://example.org/stkg/id/platform_BTR80
http://example.org/stkg/id/obs_rel_BTR80_K2BlackPanther_20260205T224217Z_346_c_d	http://example.org/stkg/objectEntity	http://example.org/stkg/id/platform_K2BlackPanther
http://example.org/stkg/id/obs_rel_BTR80_K2BlackPanther_20260205T224217Z_346_c_d	http://example.org/stkg/relationType	http://example.org/stkg/id/relation_ahead_of
http://example.org/stkg/id/obs_rel_BTR80_K2BlackPanther_20260205T224217Z_346_c_d	http://example.org/stkg/time	"2026-02-05T22:42:17Z"^^<http://www.w3.org/2001/XMLSchema#dateTime>
http://example.org/stkg/id/obs_rel_K2BlackPanther_BTR80_20260205T224217Z_346_d_c	http://www.w3.org/1999/02/22-rdf-syntax-ns#type	http://example.org/stkg/id/SpatialRelationObservation
http://example.org/stkg/id/obs_rel_K2BlackPanther_BTR80_20260205T224217Z_346_d_c	http://example.org/stkg/subjectEntity	http://example.org/stkg/id/platform_K2BlackPanther
http://example.org/stkg/id/obs_rel_K2BlackPanther_BTR80_20260205T224217Z_346_d_c	http://example.org/stkg/objectEntity	http://example.org/stkg/id/platform_BTR80
http://example.org/stkg/id/obs_rel_K2BlackPanther_BTR80_20260205T224217Z_346_d_c	http://example.org/stkg/relationType	http://example.org/stkg/id/relation_behind_of
http://example.org/stkg/id/obs_rel_K2BlackPanther_BTR80_20260205T224217Z_346_d_c	http://example.org/stkg/time	"2026-02-05T22:42:17Z"^^<http://www.w3.org/2001/XMLSchema#dateTime>
http://example.org/stkg/id/obs_rel_K2BlackPanther_T90_20260205T224217Z_346_d_e	http://www.w3.org/1999/02/22-rdf-syntax-ns#type	http://example.org/stkg/id/SpatialRelationObservation
http://example.org/stkg/id/obs_rel_K2BlackPanther_T90_20260205T224217Z_346_d_e	http://example.org/stkg/subjectEntity	http://example.org/stkg/id/platform_K2BlackPanther
http://example.org/stkg/id/obs_rel_K2BlackPanther_T90_20260205T224217Z_346_d_e	http://example.org/stkg/objectEntity	http://example.org/stkg/id/platform_T90
http://example.org/stkg/id/obs_rel_K2BlackPanther_T90_20260205T224217Z_346_d_e	http://example.org/stkg/relationType	http://example.org/stkg/id/relation_ahead_of
http://example.org/stkg/id/obs_rel_K2BlackPanther_T90_20260205T224217Z_346_d_e	http://example.org/stkg/time	"2026-02-05T22:42:17Z"^^<http://www.w3.org/2001/XMLSchema#dateTime>
http://example.org/stkg/id/obs_rel_T90_K2BlackPanther_20260205T224217Z_346_e_d	http://www.w3.org/1999/02/22-rdf-syntax-ns#type	http://example.org/stkg/id/SpatialRelationObservation
http://example.org/stkg/id/obs_rel_T90_K2BlackPanther_20260205T224217Z_346_e_d	http://example.org/stkg/subjectEntity	http://example.org/stkg/id/platform_T90
http://example.org/stkg/id/obs_rel_T90_K2BlackPanther_20260205T224217Z_346_e_d	http://example.org/stkg/objectEntity	http://example.org/stkg/id/platform_K2BlackPanther
http://example.org/stkg/id/obs_rel_T90_K2BlackPanther_20260205T224217Z_346_e_d	http://example.org/stkg/relationType	http://example.org/stkg/id/relation_behind_of
http://example.org/stkg/id/obs_rel_T90_K2BlackPanther_20260205T224217Z_346_e_d	http://example.org/stkg/time	"2026-02-05T22:42:17Z"^^<http://www.w3.org/2001/XMLSchema#dateTime>
http://example.org/stkg/id/obs_rel_BTR80_T90_20260205T224217Z_346_c_e	http://www.w3.org/1999/02/22-rdf-syntax-ns#type	http://example.org/stkg/id/SpatialRelationObservation
http://example.org/stkg/id/obs_rel_BTR80_T90_20260205T224217Z_346_c_e	http://example.org/stkg/subjectEntity	http://example.org/stkg/id/platform_BTR80
http://example.org/stkg/id/obs_rel_BTR80_T90_20260205T224217Z_346_c_e	http://example.org/stkg/objectEntity	http://example.org/stkg/id/platform_T90
http://example.org/stkg/id/obs_rel_BTR80_T90_20260205T224217Z_346_c_e	http://example.org/stkg/relationType	http://example.org/stkg/id/relation_ahead_of
http://example.org/stkg/id/obs_rel_BTR80_T90_20260205T224217Z_346_c_e	http://example.org/stkg/time	"2026-02-05T22:42:17Z"^^<http://www.w3.org/2001/XMLSchema#dateTime>
http://example.org/stkg/id/obs_rel_T90_BTR80_20260205T224217Z_346_e_c	http://www.w3.org/1999/02/22-rdf-syntax-ns#type	http://example.org/stkg/id/SpatialRelationObservation
http://example.org/stkg/id/obs_rel_T90_BTR80_20260205T224217Z_346_e_c	http://example.org/stkg/subjectEntity	http://example.org/stkg/id/platform_T90
http://example.org/stkg/id/obs_rel_T90_BTR80_20260205T224217Z_346_e_c	http://example.org/stkg/objectEntity	http://example.org/stkg/id/platform_BTR80
http://example.org/stkg/id/obs_rel_T90_BTR80_20260205T224217Z_346_e_c	http://example.org/stkg/relationType	http://example.org/stkg/id/relation_behind_of
http://example.org/stkg/id/obs_rel_T90_BTR80_20260205T224217Z_346_e_c	http://example.org/stkg/time	"2026-02-05T22:42:17Z"^^<http://www.w3.org/2001/XMLSchema#dateTime>
http://example.org/stkg/id/obs_rel_BTR80_K2BlackPanther_20260205T224218Z_347_c_d	http://www.w3.org/1999/02/22-rdf-syntax-ns#type	http://example.org/stkg/id/SpatialRelationObservation
http://example.org/stkg/id/obs_rel_BTR80_K2BlackPanther_20260205T224218Z_347_c_d	http://example.org/stkg/subjectEntity	http://example.org/stkg/id/platform_BTR80
http://example.org/stkg/id/obs_rel_BTR80_K2BlackPanther_20260205T224218Z_347_c_d	http://example.org/stkg/objectEntity	http://example.org/stkg/id/platform_K2BlackPanther
http://example.org/stkg/id/obs_rel_BTR80_K2BlackPanther_20260205T224218Z_347_c_d	http://example.org/stkg/relationType	http://example.org/stkg/id/relation_ahead_of
http://example.org/stkg/id/obs_rel_BTR80_K2BlackPanther_20260205T224218Z_347_c_d	http://example.org/stkg/time	"2026-02-05T22:42:18Z"^^<http://www.w3.org/2001/XMLSchema#dateTime>
http://example.org/stkg/id/obs_rel_K2BlackPanther_BTR80_20260205T224218Z_347_d_c	http://www.w3.org/1999/02/22-rdf-syntax-ns#type	http://example.org/stkg/id/SpatialRelationObservation
http://example.org/stkg/id/obs_rel_K2BlackPanther_BTR80_20260205T224218Z_347_d_c	http://example.org/stkg/subjectEntity	http://example.org/stkg/id/platform_K2BlackPanther
http://example.org/stkg/id/obs_rel_K2BlackPanther_BTR80_20260205T224218Z_347_d_c	http://example.org/stkg/objectEntity	http://example.org/stkg/id/platform_BTR80
http://example.org/stkg/id/obs_rel_K2BlackPanther_BTR80_20260205T224218Z_347_d_c	http://example.org/stkg/relationType	http://example.org/stkg/id/relation_behind_of
http://example.org/stkg/id/obs_rel_K2BlackPanther_BTR80_20260205T224218Z_347_d_c	http://example.org/stkg/time	"2026-02-05T22:42:18Z"^^<http://www.w3.org/2001/XMLSchema#dateTime>
http://example.org/stkg/id/obs_rel_K2BlackPanther_T90_20260205T224218Z_347_d_e	http://www.w3.org/1999/02/22-rdf-syntax-ns#type	http://example.org/stkg/id/SpatialRelationObservation
http://example.org/stkg/id/obs_rel_K2BlackPanther_T90_20260205T224218Z_347_d_e	http://example.org/stkg/subjectEntity	http://example.org/stkg/id/platform_K2BlackPanther
http://example.org/stkg/id/obs_rel_K2BlackPanther_T90_20260205T224218Z_347_d_e	http://example.org/stkg/objectEntity	http://example.org/stkg/id/platform_T90
http://example.org/stkg/id/obs_rel_K2BlackPanther_T90_20260205T224218Z_347_d_e	http://example.org/stkg/relationType	http://example.org/stkg/id/relation_ahead_of
http://example.org/stkg/id/obs_rel_K2BlackPanther_T90_20260205T224218Z_347_d_e	http://example.org/stkg/time	"2026-02-05T22:42:18Z"^^<http://www.w3.org/2001/XMLSchema#dateTime>
http://example.org/stkg/id/obs_rel_T90_K2BlackPanther_20260205T224218Z_347_e_d	http://www.w3.org/1999/02/22-rdf-syntax-ns#type	http://example.org/stkg/id/SpatialRelationObservation
http://example.org/stkg/id/obs_rel_T90_K2BlackPanther_20260205T224218Z_347_e_d	http://example.org/stkg/subjectEntity	http://example.org/stkg/id/platform_T90
http://example.org/stkg/id/obs_rel_T90_K2BlackPanther_20260205T224218Z_347_e_d	http://example.org/stkg/objectEntity	http://example.org/stkg/id/platform_K2BlackPanther
http://example.org/stkg/id/obs_rel_T90_K2BlackPanther_20260205T224218Z_347_e_d	http://example.org/stkg/relationType	http://example.org/stkg/id/relation_behind_of
http://example.org/stkg/id/obs_rel_T90_K2BlackPanther_20260205T224218Z_347_e_d	http://example.org/stkg/time	"2026-02-05T22:42:18Z"^^<http://www.w3.org/2001/XMLSchema#dateTime>
http://example.org/stkg/id/obs_rel_BTR80_T90_20260205T224218Z_347_c_e	http://www.w3.org/1999/02/22-rdf-syntax-ns#type	http://example.org/stkg/id/SpatialRelationObservation
http://example.org/stkg/id/obs_rel_BTR80_T90_20260205T224218Z_347_c_e	http://example.org/stkg/subjectEntity	http://example.org/stkg/id/platform_BTR80
http://example.org/stkg/id/obs_rel_BTR80_T90_20260205T224218Z_347_c_e	http://example.org/stkg/objectEntity	http://example.org/stkg/id/platform_T90
http://example.org/stkg/id/obs_rel_BTR80_T90_20260205T224218Z_347_c_e	http://example.org/stkg/relationType	http://example.org/stkg/id/relation_ahead_of
http://example.org/stkg/id/obs_rel_BTR80_T90_20260205T224218Z_347_c_e	http://example.org/stkg/time	"2026-02-05T22:42:18Z"^^<http://www.w3.org/2001/XMLSchema#dateTime>
http://example.org/stkg/id/obs_rel_T90_BTR80_20260205T224218Z_347_e_c	http://www.w3.org/1999/02/22-rdf-syntax-ns#type	http://example.org/stkg/id/SpatialRelationObservation
http://example.org/stkg/id/obs_rel_T90_BTR80_20260205T224218Z_347_e_c	http://example.org/stkg/subjectEntity	http://example.org/stkg/id/platform_T90
http://example.org/stkg/id/obs_rel_T90_BTR80_20260205T224218Z_347_e_c	http://example.org/stkg/objectEntity	http://example.org/stkg/id/platform_BTR80
http://example.org/stkg/id/obs_rel_T90_BTR80_20260205T224218Z_347_e_c	http://example.org/stkg/relationType	http://example.org/stkg/id/relation_behind_of
http://example.org/stkg/id/obs_rel_T90_BTR80_20260205T224218Z_347_e_c	http://example.org/stkg/time	"2026-02-05T22:42:18Z"^^<http://www.w3.org/2001/XMLSchema#dateTime>
http://example.org/stkg/id/obs_rel_BTR80_K2BlackPanther_20260205T224219Z_348_c_d	http://www.w3.org/1999/02/22-rdf-syntax-ns#type	http://example.org/stkg/id/SpatialRelationObservation
http://example.org/stkg/id/obs_rel_BTR80_K2BlackPanther_20260205T224219Z_348_c_d	http://example.org/stkg/subjectEntity	http://example.org/stkg/id/platform_BTR80
http://example.org/stkg/id/obs_rel_BTR80_K2BlackPanther_20260205T224219Z_348_c_d	http://example.org/stkg/objectEntity	http://example.org/stkg/id/platform_K2BlackPanther
http://example.org/stkg/id/obs_rel_BTR80_K2BlackPanther_20260205T224219Z_348_c_d	http://example.org/stkg/relationType	http://example.org/stkg/id/relation_ahead_of
http://example.org/stkg/id/obs_rel_BTR80_K2BlackPanther_20260205T224219Z_348_c_d	http://example.org/stkg/time	"2026-02-05T22:42:19Z"^^<http://www.w3.org/2001/XMLSchema#dateTime>
http://example.org/stkg/id/obs_rel_K2BlackPanther_BTR80_20260205T224219Z_348_d_c	http://www.w3.org/1999/02/22-rdf-syntax-ns#type	http://example.org/stkg/id/SpatialRelationObservation
http://example.org/stkg/id/obs_rel_K2BlackPanther_BTR80_20260205T224219Z_348_d_c	http://example.org/stkg/subjectEntity	http://example.org/stkg/id/platform_K2BlackPanther
http://example.org/stkg/id/obs_rel_K2BlackPanther_BTR80_20260205T224219Z_348_d_c	http://example.org/stkg/objectEntity	http://example.org/stkg/id/platform_BTR80
http://example.org/stkg/id/obs_rel_K2BlackPanther_BTR80_20260205T224219Z_348_d_c	http://example.org/stkg/relationType	http://example.org/stkg/id/relation_behind_of
http://example.org/stkg/id/obs_rel_K2BlackPanther_BTR80_20260205T224219Z_348_d_c	http://example.org/stkg/time	"2026-02-05T22:42:19Z"^^<http://www.w3.org/2001/XMLSchema#dateTime>
http://example.org/stkg/id/obs_rel_K2BlackPanther_T90_20260205T224219Z_348_d_e	http://www.w3.org/1999/02/22-rdf-syntax-ns#type	http://example.org/stkg/id/SpatialRelationObservation
http://example.org/stkg/id/obs_rel_K2BlackPanther_T90_20260205T224219Z_348_d_e	http://example.org/stkg/subjectEntity	http://example.org/stkg/id/platform_K2BlackPanther
http://example.org/stkg/id/obs_rel_K2BlackPanther_T90_20260205T224219Z_348_d_e	http://example.org/stkg/objectEntity	http://example.org/stkg/id/platform_T90
http://example.org/stkg/id/obs_rel_K2BlackPanther_T90_20260205T224219Z_348_d_e	http://example.org/stkg/relationType	http://example.org/stkg/id/relation_ahead_of
http://example.org/stkg/id/obs_rel_K2BlackPanther_T90_20260205T224219Z_348_d_e	http://example.org/stkg/time	"2026-02-05T22:42:19Z"^^<http://www.w3.org/2001/XMLSchema#dateTime>
http://example.org/stkg/id/obs_rel_T90_K2BlackPanther_20260205T224219Z_348_e_d	http://www.w3.org/1999/02/22-rdf-syntax-ns#type	http://example.org/stkg/id/SpatialRelationObservation
http://example.org/stkg/id/obs_rel_T90_K2BlackPanther_20260205T224219Z_348_e_d	http://example.org/stkg/subjectEntity	http://example.org/stkg/id/platform_T90
http://example.org/stkg/id/obs_rel_T90_K2BlackPanther_20260205T224219Z_348_e_d	http://example.org/stkg/objectEntity	http://example.org/stkg/id/platform_K2BlackPanther
http://example.org/stkg/id/obs_rel_T90_K2BlackPanther_20260205T224219Z_348_e_d	http://example.org/stkg/relationType	http://example.org/stkg/id/relation_behind_of
http://example.org/stkg/id/obs_rel_T90_K2BlackPanther_20260205T224219Z_348_e_d	http://example.org/stkg/time	"2026-02-05T22:42:19Z"^^<http://www.w3.org/2001/XMLSchema#dateTime>
http://example.org/stkg/id/obs_rel_BTR80_T90_20260205T224219Z_348_c_e	http://www.w3.org/1999/02/22-rdf-syntax-ns#type	http://example.org/stkg/id/SpatialRelationObservation
http://example.org/stkg/id/obs_rel_BTR80_T90_20260205T224219Z_348_c_e	http://example.org/stkg/subjectEntity	http://example.org/stkg/id/platform_BTR80
http://example.org/stkg/id/obs_rel_BTR80_T90_20260205T224219Z_348_c_e	http://example.org/stkg/objectEntity	http://example.org/stkg/id/platform_T90
http://example.org/stkg/id/obs_rel_BTR80_T90_20260205T224219Z_348_c_e	http://example.org/stkg/relationType	http://example.org/stkg/id/relation_ahead_of
http://example.org/stkg/id/obs_rel_BTR80_T90_20260205T224219Z_348_c_e	http://example.org/stkg/time	"2026-02-05T22:42:19Z"^^<http://www.w3.org/2001/XMLSchema#dateTime>
http://example.org/stkg/id/obs_rel_T90_BTR80_20260205T224219Z_348_e_c	http://www.w3.org/1999/02/22-rdf-syntax-ns#type	http://example.org/stkg/id/SpatialRelationObservation
http://example.org/stkg/id/obs_rel_T90_BTR80_20260205T224219Z_348_e_c	http://example.org/stkg/subjectEntity	http://example.org/stkg/id/platform_T90
http://example.org/stkg/id/obs_rel_T90_BTR80_20260205T224219Z_348_e_c	http://example.org/stkg/objectEntity	http://example.org/stkg/id/platform_BTR80
http://example.org/stkg/id/obs_rel_T90_BTR80_20260205T224219Z_348_e_c	http://example.org/stkg/relationType	http://example.org/stkg/id/relation_behind_of
http://example.org/stkg/id/obs_rel_T90_BTR80_20260205T224219Z_348_e_c	http://example.org/stkg/time	"2026-02-05T22:42:19Z"^^<http://www.w3.org/2001/XMLSchema#dateTime>
http://example.org/stkg/id/obs_rel_BTR80_K2BlackPanther_20260205T224220Z_349_c_d	http://www.w3.org/1999/02/22-rdf-syntax-ns#type	http://example.org/stkg/id/SpatialRelationObservation
http://example.org/stkg/id/obs_rel_BTR80_K2BlackPanther_20260205T224220Z_349_c_d	http://example.org/stkg/subjectEntity	http://example.org/stkg/id/platform_BTR80
http://example.org/stkg/id/obs_rel_BTR80_K2BlackPanther_20260205T224220Z_349_c_d	http://example.org/stkg/objectEntity	http://example.org/stkg/id/platform_K2BlackPanther
http://example.org/stkg/id/obs_rel_BTR80_K2BlackPanther_20260205T224220Z_349_c_d	http://example.org/stkg/relationType	http://example.org/stkg/id/relation_ahead_of
http://example.org/stkg/id/obs_rel_BTR80_K2BlackPanther_20260205T224220Z_349_c_d	http://example.org/stkg/time	"2026-02-05T22:42:20Z"^^<http://www.w3.org/2001/XMLSchema#dateTime>
http://example.org/stkg/id/obs_rel_K2BlackPanther_BTR80_20260205T224220Z_349_d_c	http://www.w3.org/1999/02/22-rdf-syntax-ns#type	http://example.org/stkg/id/SpatialRelationObservation
http://example.org/stkg/id/obs_rel_K2BlackPanther_BTR80_20260205T224220Z_349_d_c	http://example.org/stkg/subjectEntity	http://example.org/stkg/id/platform_K2BlackPanther
http://example.org/stkg/id/obs_rel_K2BlackPanther_BTR80_20260205T224220Z_349_d_c	http://example.org/stkg/objectEntity	http://example.org/stkg/id/platform_BTR80
http://example.org/stkg/id/obs_rel_K2BlackPanther_BTR80_20260205T224220Z_349_d_c	http://example.org/stkg/relationType	http://example.org/stkg/id/relation_behind_of
http://example.org/stkg/id/obs_rel_K2BlackPanther_BTR80_20260205T224220Z_349_d_c	http://example.org/stkg/time	"2026-02-05T22:42:20Z"^^<http://www.w3.org/2001/XMLSchema#dateTime>
http://example.org/stkg/id/obs_rel_K2BlackPanther_T90_20260205T224220Z_349_d_e	http://www.w3.org/1999/02/22-rdf-syntax-ns#type	http://example.org/stkg/id/SpatialRelationObservation
http://example.org/stkg/id/obs_rel_K2BlackPanther_T90_20260205T224220Z_349_d_e	http://example.org/stkg/subjectEntity	http://example.org/stkg/id/platform_K2BlackPanther
http://example.org/stkg/id/obs_rel_K2BlackPanther_T90_20260205T224220Z_349_d_e	http://example.org/stkg/objectEntity	http://example.org/stkg/id/platform_T90
http://example.org/stkg/id/obs_rel_K2BlackPanther_T90_20260205T224220Z_349_d_e	http://example.org/stkg/relationType	http://example.org/stkg/id/relation_ahead_of
http://example.org/stkg/id/obs_rel_K2BlackPanther_T90_20260205T224220Z_349_d_e	http://example.org/stkg/time	"2026-02-05T22:42:20Z"^^<http://www.w3.org/2001/XMLSchema#dateTime>
http://example.org/stkg/id/obs_rel_T90_K2BlackPanther_20260205T224220Z_349_e_d	http://www.w3.org/1999/02/22-rdf-syntax-ns#type	http://example.org/stkg/id/SpatialRelationObservation
http://example.org/stkg/id/obs_rel_T90_K2BlackPanther_20260205T224220Z_349_e_d	http://example.org/stkg/subjectEntity	http://example.org/stkg/id/platform_T90
http://example.org/stkg/id/obs_rel_T90_K2BlackPanther_20260205T224220Z_349_e_d	http://example.org/stkg/objectEntity	http://example.org/stkg/id/platform_K2BlackPanther
http://example.org/stkg/id/obs_rel_T90_K2BlackPanther_20260205T224220Z_349_e_d	http://example.org/stkg/relationType	http://example.org/stkg/id/relation_behind_of
http://example.org/stkg/id/obs_rel_T90_K2BlackPanther_20260205T224220Z_349_e_d	http://example.org/stkg/time	"2026-02-05T22:42:20Z"^^<http://www.w3.org/2001/XMLSchema#dateTime>
http://example.org/stkg/id/obs_rel_BTR80_T90_20260205T224220Z_349_c_e	http://www.w3.org/1999/02/22-rdf-syntax-ns#type	http://example.org/stkg/id/SpatialRelationObservation
http://example.org/stkg/id/obs_rel_BTR80_T90_20260205T224220Z_349_c_e	http://example.org/stkg/subjectEntity	http://example.org/stkg/id/platform_BTR80
http://example.org/stkg/id/obs_rel_BTR80_T90_20260205T224220Z_349_c_e	http://example.org/stkg/objectEntity	http://example.org/stkg/id/platform_T90
http://example.org/stkg/id/obs_rel_BTR80_T90_20260205T224220Z_349_c_e	http://example.org/stkg/relationType	http://example.org/stkg/id/relation_ahead_of
http://example.org/stkg/id/obs_rel_BTR80_T90_20260205T224220Z_349_c_e	http://example.org/stkg/time	"2026-02-05T22:42:20Z"^^<http://www.w3.org/2001/XMLSchema#dateTime>
http://example.org/stkg/id/obs_rel_T90_BTR80_20260205T224220Z_349_e_c	http://www.w3.org/1999/02/22-rdf-syntax-ns#type	http://example.org/stkg/id/SpatialRelationObservation
http://example.org/stkg/id/obs_rel_T90_BTR80_20260205T224220Z_349_e_c	http://example.org/stkg/subjectEntity	http://example.org/stkg/id/platform_T90
http://example.org/stkg/id/obs_rel_T90_BTR80_20260205T224220Z_349_e_c	http://example.org/stkg/objectEntity	http://example.org/stkg/id/platform_BTR80
http://example.org/stkg/id/obs_rel_T90_BTR80_20260205T224220Z_349_e_c	http://example.org/stkg/relationType	http://example.org/stkg/id/relation_behind_of
http://example.org/stkg/id/obs_rel_T90_BTR80_20260205T224220Z_349_e_c	http://example.org/stkg/time	"2026-02-05T22:42:20Z"^^<http://www.w3.org/2001/XMLSchema#dateTime>
http://example.org/stkg/id/obs_rel_BTR80_K2BlackPanther_20260205T224221Z_350_c_d	http://www.w3.org/1999/02/22-rdf-syntax-ns#type	http://example.org/stkg/id/SpatialRelationObservation
http://example.org/stkg/id/obs_rel_BTR80_K2BlackPanther_20260205T224221Z_350_c_d	http://example.org/stkg/subjectEntity	http://example.org/stkg/id/platform_BTR80
http://example.org/stkg/id/obs_rel_BTR80_K2BlackPanther_20260205T224221Z_350_c_d	http://example.org/stkg/objectEntity	http://example.org/stkg/id/platform_K2BlackPanther
http://example.org/stkg/id/obs_rel_BTR80_K2BlackPanther_20260205T224221Z_350_c_d	http://example.org/stkg/relationType	http://example.org/stkg/id/relation_ahead_of
http://example.org/stkg/id/obs_rel_BTR80_K2BlackPanther_20260205T224221Z_350_c_d	http://example.org/stkg/time	"2026-02-05T22:42:21Z"^^<http://www.w3.org/2001/XMLSchema#dateTime>
http://example.org/stkg/id/obs_rel_K2BlackPanther_BTR80_20260205T224221Z_350_d_c	http://www.w3.org/1999/02/22-rdf-syntax-ns#type	http://example.org/stkg/id/SpatialRelationObservation
http://example.org/stkg/id/obs_rel_K2BlackPanther_BTR80_20260205T224221Z_350_d_c	http://example.org/stkg/subjectEntity	http://example.org/stkg/id/platform_K2BlackPanther
http://example.org/stkg/id/obs_rel_K2BlackPanther_BTR80_20260205T224221Z_350_d_c	http://example.org/stkg/objectEntity	http://example.org/stkg/id/platform_BTR80
http://example.org/stkg/id/obs_rel_K2BlackPanther_BTR80_20260205T224221Z_350_d_c	http://example.org/stkg/relationType	http://example.org/stkg/id/relation_behind_of
http://example.org/stkg/id/obs_rel_K2BlackPanther_BTR80_20260205T224221Z_350_d_c	http://example.org/stkg/time	"2026-02-05T22:42:21Z"^^<http://www.w3.org/2001/XMLSchema#dateTime>
http://example.org/stkg/id/obs_rel_K2BlackPanther_T90_20260205T224221Z_350_d_e	http://www.w3.org/1999/02/22-rdf-syntax-ns#type	http://example.org/stkg/id/SpatialRelationObservation
http://example.org/stkg/id/obs_rel_K2BlackPanther_T90_20260205T224221Z_350_d_e	http://example.org/stkg/subjectEntity	http://example.org/stkg/id/platform_K2BlackPanther
http://example.org/stkg/id/obs_rel_K2BlackPanther_T90_20260205T224221Z_350_d_e	http://example.org/stkg/objectEntity	http://example.org/stkg/id/platform_T90
http://example.org/stkg/id/obs_rel_K2BlackPanther_T90_20260205T224221Z_350_d_e	http://example.org/stkg/relationType	http://example.org/stkg/id/relation_ahead_of
http://example.org/stkg/id/obs_rel_K2BlackPanther_T90_20260205T224221Z_350_d_e	http://example.org/stkg/time	"2026-02-05T22:42:21Z"^^<http://www.w3.org/2001/XMLSchema#dateTime>
http://example.org/stkg/id/obs_rel_T90_K2BlackPanther_20260205T224221Z_350_e_d	http://www.w3.org/1999/02/22-rdf-syntax-ns#type	http://example.org/stkg/id/SpatialRelationObservation
http://example.org/stkg/id/obs_rel_T90_K2BlackPanther_20260205T224221Z_350_e_d	http://example.org/stkg/subjectEntity	http://example.org/stkg/id/platform_T90
http://example.org/stkg/id/obs_rel_T90_K2BlackPanther_20260205T224221Z_350_e_d	http://example.org/stkg/objectEntity	http://example.org/stkg/id/platform_K2BlackPanther
http://example.org/stkg/id/obs_rel_T90_K2BlackPanther_20260205T224221Z_350_e_d	http://example.org/stkg/relationType	http://example.org/stkg/id/relation_behind_of
http://example.org/stkg/id/obs_rel_T90_K2BlackPanther_20260205T224221Z_350_e_d	http://example.org/stkg/time	"2026-02-05T22:42:21Z"^^<http://www.w3.org/2001/XMLSchema#dateTime>
http://example.org/stkg/id/obs_rel_BTR80_T90_20260205T224221Z_350_c_e	http://www.w3.org/1999/02/22-rdf-syntax-ns#type	http://example.org/stkg/id/SpatialRelationObservation
http://example.org/stkg/id/obs_rel_BTR80_T90_20260205T224221Z_350_c_e	http://example.org/stkg/subjectEntity	http://example.org/stkg/id/platform_BTR80
http://example.org/stkg/id/obs_rel_BTR80_T90_20260205T224221Z_350_c_e	http://example.org/stkg/objectEntity	http://example.org/stkg/id/platform_T90
http://example.org/stkg/id/obs_rel_BTR80_T90_20260205T224221Z_350_c_e	http://example.org/stkg/relationType	http://example.org/stkg/id/relation_ahead_of
http://example.org/stkg/id/obs_rel_BTR80_T90_20260205T224221Z_350_c_e	http://example.org/stkg/time	"2026-02-05T22:42:21Z"^^<http://www.w3.org/2001/XMLSchema#dateTime>
http://example.org/stkg/id/obs_rel_T90_BTR80_20260205T224221Z_350_e_c	http://www.w3.org/1999/02/22-rdf-syntax-ns#type	http://example.org/stkg/id/SpatialRelationObservation
http://example.org/stkg/id/obs_rel_T90_BTR80_20260205T224221Z_350_e_c	http://example.org/stkg/subjectEntity	http://example.org/stkg/id/platform_T90
http://example.org/stkg/id/obs_rel_T90_BTR80_20260205T224221Z_350_e_c	http://example.org/stkg/objectEntity	http://example.org/stkg/id/platform_BTR80
http://example.org/stkg/id/obs_rel_T90_BTR80_20260205T224221Z_350_e_c	http://example.org/stkg/relationType	http://example.org/stkg/id/relation_behind_of
http://example.org/stkg/id/obs_rel_T90_BTR80_20260205T224221Z_350_e_c	http://example.org/stkg/time	"2026-02-05T22:42:21Z"^^<http://www.w3.org/2001/XMLSchema#dateTime>
http://example.org/stkg/id/obs_rel_BTR80_K2BlackPanther_20260205T224222Z_351_c_d	http://www.w3.org/1999/02/22-rdf-syntax-ns#type	http://example.org/stkg/id/SpatialRelationObservation
http://example.org/stkg/id/obs_rel_BTR80_K2BlackPanther_20260205T224222Z_351_c_d	http://example.org/stkg/subjectEntity	http://example.org/stkg/id/platform_BTR80
http://example.org/stkg/id/obs_rel_BTR80_K2BlackPanther_20260205T224222Z_351_c_d	http://example.org/stkg/objectEntity	http://example.org/stkg/id/platform_K2BlackPanther
http://example.org/stkg/id/obs_rel_BTR80_K2BlackPanther_20260205T224222Z_351_c_d	http://example.org/stkg/relationType	http://example.org/stkg/id/relation_ahead_of
http://example.org/stkg/id/obs_rel_BTR80_K2BlackPanther_20260205T224222Z_351_c_d	http://example.org/stkg/time	"2026-02-05T22:42:22Z"^^<http://www.w3.org/2001/XMLSchema#dateTime>
http://example.org/stkg/id/obs_rel_K2BlackPanther_BTR80_20260205T224222Z_351_d_c	http://www.w3.org/1999/02/22-rdf-syntax-ns#type	http://example.org/stkg/id/SpatialRelationObservation
http://example.org/stkg/id/obs_rel_K2BlackPanther_BTR80_20260205T224222Z_351_d_c	http://example.org/stkg/subjectEntity	http://example.org/stkg/id/platform_K2BlackPanther
http://example.org/stkg/id/obs_rel_K2BlackPanther_BTR80_20260205T224222Z_351_d_c	http://example.org/stkg/objectEntity	http://example.org/stkg/id/platform_BTR80
http://example.org/stkg/id/obs_rel_K2BlackPanther_BTR80_20260205T224222Z_351_d_c	http://example.org/stkg/relationType	http://example.org/stkg/id/relation_behind_of
http://example.org/stkg/id/obs_rel_K2BlackPanther_BTR80_20260205T224222Z_351_d_c	http://example.org/stkg/time	"2026-02-05T22:42:22Z"^^<http://www.w3.org/2001/XMLSchema#dateTime>
http://example.org/stkg/id/obs_rel_K2BlackPanther_T90_20260205T224222Z_351_d_e	http://www.w3.org/1999/02/22-rdf-syntax-ns#type	http://example.org/stkg/id/SpatialRelationObservation
http://example.org/stkg/id/obs_rel_K2BlackPanther_T90_20260205T224222Z_351_d_e	http://example.org/stkg/subjectEntity	http://example.org/stkg/id/platform_K2BlackPanther
http://example.org/stkg/id/obs_rel_K2BlackPanther_T90_20260205T224222Z_351_d_e	http://example.org/stkg/objectEntity	http://example.org/stkg/id/platform_T90
http://example.org/stkg/id/obs_rel_K2BlackPanther_T90_20260205T224222Z_351_d_e	http://example.org/stkg/relationType	http://example.org/stkg/id/relation_ahead_of
http://example.org/stkg/id/obs_rel_K2BlackPanther_T90_20260205T224222Z_351_d_e	http://example.org/stkg/time	"2026-02-05T22:42:22Z"^^<http://www.w3.org/2001/XMLSchema#dateTime>
http://example.org/stkg/id/obs_rel_T90_K2BlackPanther_20260205T224222Z_351_e_d	http://www.w3.org/1999/02/22-rdf-syntax-ns#type	http://example.org/stkg/id/SpatialRelationObservation
http://example.org/stkg/id/obs_rel_T90_K2BlackPanther_20260205T224222Z_351_e_d	http://example.org/stkg/subjectEntity	http://example.org/stkg/id/platform_T90
http://example.org/stkg/id/obs_rel_T90_K2BlackPanther_20260205T224222Z_351_e_d	http://example.org/stkg/objectEntity	http://example.org/stkg/id/platform_K2BlackPanther
http://example.org/stkg/id/obs_rel_T90_K2BlackPanther_20260205T224222Z_351_e_d	http://example.org/stkg/relationType	http://example.org/stkg/id/relation_behind_of
http://example.org/stkg/id/obs_rel_T90_K2BlackPanther_20260205T224222Z_351_e_d	http://example.org/stkg/time	"2026-02-05T22:42:22Z"^^<http://www.w3.org/2001/XMLSchema#dateTime>
http://example.org/stkg/id/obs_rel_BTR80_T90_20260205T224222Z_351_c_e	http://www.w3.org/1999/02/22-rdf-syntax-ns#type	http://example.org/stkg/id/SpatialRelationObservation
http://example.org/stkg/id/obs_rel_BTR80_T90_20260205T224222Z_351_c_e	http://example.org/stkg/subjectEntity	http://example.org/stkg/id/platform_BTR80
http://example.org/stkg/id/obs_rel_BTR80_T90_20260205T224222Z_351_c_e	http://example.org/stkg/objectEntity	http://example.org/stkg/id/platform_T90
http://example.org/stkg/id/obs_rel_BTR80_T90_20260205T224222Z_351_c_e	http://example.org/stkg/relationType	http://example.org/stkg/id/relation_ahead_of
http://example.org/stkg/id/obs_rel_BTR80_T90_20260205T224222Z_351_c_e	http://example.org/stkg/time	"2026-02-05T22:42:22Z"^^<http://www.w3.org/2001/XMLSchema#dateTime>
http://example.org/stkg/id/obs_rel_T90_BTR80_20260205T224222Z_351_e_c	http://www.w3.org/1999/02/22-rdf-syntax-ns#type	http://example.org/stkg/id/SpatialRelationObservation
http://example.org/stkg/id/obs_rel_T90_BTR80_20260205T224222Z_351_e_c	http://example.org/stkg/subjectEntity	http://example.org/stkg/id/platform_T90
http://example.org/stkg/id/obs_rel_T90_BTR80_20260205T224222Z_351_e_c	http://example.org/stkg/objectEntity	http://example.org/stkg/id/platform_BTR80
http://example.org/stkg/id/obs_rel_T90_BTR80_20260205T224222Z_351_e_c	http://example.org/stkg/relationType	http://example.org/stkg/id/relation_behind_of
http://example.org/stkg/id/obs_rel_T90_BTR80_20260205T224222Z_351_e_c	http://example.org/stkg/time	"2026-02-05T22:42:22Z"^^<http://www.w3.org/2001/XMLSchema#dateTime>
http://example.org/stkg/id/obs_rel_BTR80_K2BlackPanther_20260205T224223Z_352_c_d	http://www.w3.org/1999/02/22-rdf-syntax-ns#type	http://example.org/stkg/id/SpatialRelationObservation
http://example.org/stkg/id/obs_rel_BTR80_K2BlackPanther_20260205T224223Z_352_c_d	http://example.org/stkg/subjectEntity	http://example.org/stkg/id/platform_BTR80
http://example.org/stkg/id/obs_rel_BTR80_K2BlackPanther_20260205T224223Z_352_c_d	http://example.org/stkg/objectEntity	http://example.org/stkg/id/platform_K2BlackPanther
http://example.org/stkg/id/obs_rel_BTR80_K2BlackPanther_20260205T224223Z_352_c_d	http://example.org/stkg/relationType	http://example.org/stkg/id/relation_ahead_of
http://example.org/stkg/id/obs_rel_BTR80_K2BlackPanther_20260205T224223Z_352_c_d	http://example.org/stkg/time	"2026-02-05T22:42:23Z"^^<http://www.w3.org/2001/XMLSchema#dateTime>
http://example.org/stkg/id/obs_rel_K2BlackPanther_BTR80_20260205T224223Z_352_d_c	http://www.w3.org/1999/02/22-rdf-syntax-ns#type	http://example.org/stkg/id/SpatialRelationObservation
http://example.org/stkg/id/obs_rel_K2BlackPanther_BTR80_20260205T224223Z_352_d_c	http://example.org/stkg/subjectEntity	http://example.org/stkg/id/platform_K2BlackPanther
http://example.org/stkg/id/obs_rel_K2BlackPanther_BTR80_20260205T224223Z_352_d_c	http://example.org/stkg/objectEntity	http://example.org/stkg/id/platform_BTR80
http://example.org/stkg/id/obs_rel_K2BlackPanther_BTR80_20260205T224223Z_352_d_c	http://example.org/stkg/relationType	http://example.org/stkg/id/relation_behind_of
http://example.org/stkg/id/obs_rel_K2BlackPanther_BTR80_20260205T224223Z_352_d_c	http://example.org/stkg/time	"2026-02-05T22:42:23Z"^^<http://www.w3.org/2001/XMLSchema#dateTime>
http://example.org/stkg/id/obs_rel_K2BlackPanther_T90_20260205T224223Z_352_d_e	http://www.w3.org/1999/02/22-rdf-syntax-ns#type	http://example.org/stkg/id/SpatialRelationObservation
http://example.org/stkg/id/obs_rel_K2BlackPanther_T90_20260205T224223Z_352_d_e	http://example.org/stkg/subjectEntity	http://example.org/stkg/id/platform_K2BlackPanther
http://example.org/stkg/id/obs_rel_K2BlackPanther_T90_20260205T224223Z_352_d_e	http://example.org/stkg/objectEntity	http://example.org/stkg/id/platform_T90
http://example.org/stkg/id/obs_rel_K2BlackPanther_T90_20260205T224223Z_352_d_e	http://example.org/stkg/relationType	http://example.org/stkg/id/relation_ahead_of
http://example.org/stkg/id/obs_rel_K2BlackPanther_T90_20260205T224223Z_352_d_e	http://example.org/stkg/time	"2026-02-05T22:42:23Z"^^<http://www.w3.org/2001/XMLSchema#dateTime>
http://example.org/stkg/id/obs_rel_T90_K2BlackPanther_20260205T224223Z_352_e_d	http://www.w3.org/1999/02/22-rdf-syntax-ns#type	http://example.org/stkg/id/SpatialRelationObservation
http://example.org/stkg/id/obs_rel_T90_K2BlackPanther_20260205T224223Z_352_e_d	http://example.org/stkg/subjectEntity	http://example.org/stkg/id/platform_T90
http://example.org/stkg/id/obs_rel_T90_K2BlackPanther_20260205T224223Z_352_e_d	http://example.org/stkg/objectEntity	http://example.org/stkg/id/platform_K2BlackPanther
http://example.org/stkg/id/obs_rel_T90_K2BlackPanther_20260205T224223Z_352_e_d	http://example.org/stkg/relationType	http://example.org/stkg/id/relation_behind_of
http://example.org/stkg/id/obs_rel_T90_K2BlackPanther_20260205T224223Z_352_e_d	http://example.org/stkg/time	"2026-02-05T22:42:23Z"^^<http://www.w3.org/2001/XMLSchema#dateTime>
http://example.org/stkg/id/obs_rel_BTR80_T90_20260205T224223Z_352_c_e	http://www.w3.org/1999/02/22-rdf-syntax-ns#type	http://example.org/stkg/id/SpatialRelationObservation
http://example.org/stkg/id/obs_rel_BTR80_T90_20260205T224223Z_352_c_e	http://example.org/stkg/subjectEntity	http://example.org/stkg/id/platform_BTR80
http://example.org/stkg/id/obs_rel_BTR80_T90_20260205T224223Z_352_c_e	http://example.org/stkg/objectEntity	http://example.org/stkg/id/platform_T90
http://example.org/stkg/id/obs_rel_BTR80_T90_20260205T224223Z_352_c_e	http://example.org/stkg/relationType	http://example.org/stkg/id/relation_ahead_of
http://example.org/stkg/id/obs_rel_BTR80_T90_20260205T224223Z_352_c_e	http://example.org/stkg/time	"2026-02-05T22:42:23Z"^^<http://www.w3.org/2001/XMLSchema#dateTime>
http://example.org/stkg/id/obs_rel_T90_BTR80_20260205T224223Z_352_e_c	http://www.w3.org/1999/02/22-rdf-syntax-ns#type	http://example.org/stkg/id/SpatialRelationObservation
http://example.org/stkg/id/obs_rel_T90_BTR80_20260205T224223Z_352_e_c	http://example.org/stkg/subjectEntity	http://example.org/stkg/id/platform_T90
http://example.org/stkg/id/obs_rel_T90_BTR80_20260205T224223Z_352_e_c	http://example.org/stkg/objectEntity	http://example.org/stkg/id/platform_BTR80
http://example.org/stkg/id/obs_rel_T90_BTR80_20260205T224223Z_352_e_c	http://example.org/stkg/relationType	http://example.org/stkg/id/relation_behind_of
http://example.org/stkg/id/obs_rel_T90_BTR80_20260205T224223Z_352_e_c	http://example.org/stkg/time	"2026-02-05T22:42:23Z"^^<http://www.w3.org/2001/XMLSchema#dateTime>
http://example.org/stkg/id/obs_rel_BTR80_K2BlackPanther_20260205T224224Z_353_c_d	http://www.w3.org/1999/02/22-rdf-syntax-ns#type	http://example.org/stkg/id/SpatialRelationObservation
http://example.org/stkg/id/obs_rel_BTR80_K2BlackPanther_20260205T224224Z_353_c_d	http://example.org/stkg/subjectEntity	http://example.org/stkg/id/platform_BTR80
http://example.org/stkg/id/obs_rel_BTR80_K2BlackPanther_20260205T224224Z_353_c_d	http://example.org/stkg/objectEntity	http://example.org/stkg/id/platform_K2BlackPanther
http://example.org/stkg/id/obs_rel_BTR80_K2BlackPanther_20260205T224224Z_353_c_d	http://example.org/stkg/relationType	http://example.org/stkg/id/relation_ahead_of
http://example.org/stkg/id/obs_rel_BTR80_K2BlackPanther_20260205T224224Z_353_c_d	http://example.org/stkg/time	"2026-02-05T22:42:24Z"^^<http://www.w3.org/2001/XMLSchema#dateTime>
http://example.org/stkg/id/obs_rel_K2BlackPanther_BTR80_20260205T224224Z_353_d_c	http://www.w3.org/1999/02/22-rdf-syntax-ns#type	http://example.org/stkg/id/SpatialRelationObservation
http://example.org/stkg/id/obs_rel_K2BlackPanther_BTR80_20260205T224224Z_353_d_c	http://example.org/stkg/subjectEntity	http://example.org/stkg/id/platform_K2BlackPanther
http://example.org/stkg/id/obs_rel_K2BlackPanther_BTR80_20260205T224224Z_353_d_c	http://example.org/stkg/objectEntity	http://example.org/stkg/id/platform_BTR80
http://example.org/stkg/id/obs_rel_K2BlackPanther_BTR80_20260205T224224Z_353_d_c	http://example.org/stkg/relationType	http://example.org/stkg/id/relation_behind_of
http://example.org/stkg/id/obs_rel_K2BlackPanther_BTR80_20260205T224224Z_353_d_c	http://example.org/stkg/time	"2026-02-05T22:42:24Z"^^<http://www.w3.org/2001/XMLSchema#dateTime>
http://example.org/stkg/id/obs_rel_K2BlackPanther_T90_20260205T224224Z_353_d_e	http://www.w3.org/1999/02/22-rdf-syntax-ns#type	http://example.org/stkg/id/SpatialRelationObservation
http://example.org/stkg/id/obs_rel_K2BlackPanther_T90_20260205T224224Z_353_d_e	http://example.org/stkg/subjectEntity	http://example.org/stkg/id/platform_K2BlackPanther
http://example.org/stkg/id/obs_rel_K2BlackPanther_T90_20260205T224224Z_353_d_e	http://example.org/stkg/objectEntity	http://example.org/stkg/id/platform_T90
http://example.org/stkg/id/obs_rel_K2BlackPanther_T90_20260205T224224Z_353_d_e	http://example.org/stkg/relationType	http://example.org/stkg/id/relation_ahead_of
http://example.org/stkg/id/obs_rel_K2BlackPanther_T90_20260205T224224Z_353_d_e	http://example.org/stkg/time	"2026-02-05T22:42:24Z"^^<http://www.w3.org/2001/XMLSchema#dateTime>
http://example.org/stkg/id/obs_rel_T90_K2BlackPanther_20260205T224224Z_353_e_d	http://www.w3.org/1999/02/22-rdf-syntax-ns#type	http://example.org/stkg/id/SpatialRelationObservation
http://example.org/stkg/id/obs_rel_T90_K2BlackPanther_20260205T224224Z_353_e_d	http://example.org/stkg/subjectEntity	http://example.org/stkg/id/platform_T90
http://example.org/stkg/id/obs_rel_T90_K2BlackPanther_20260205T224224Z_353_e_d	http://example.org/stkg/objectEntity	http://example.org/stkg/id/platform_K2BlackPanther
http://example.org/stkg/id/obs_rel_T90_K2BlackPanther_20260205T224224Z_353_e_d	http://example.org/stkg/relationType	http://example.org/stkg/id/relation_behind_of
http://example.org/stkg/id/obs_rel_T90_K2BlackPanther_20260205T224224Z_353_e_d	http://example.org/stkg/time	"2026-02-05T22:42:24Z"^^<http://www.w3.org/2001/XMLSchema#dateTime>
http://example.org/stkg/id/obs_rel_BTR80_T90_20260205T224224Z_353_c_e	http://www.w3.org/1999/02/22-rdf-syntax-ns#type	http://example.org/stkg/id/SpatialRelationObservation
http://example.org/stkg/id/obs_rel_BTR80_T90_20260205T224224Z_353_c_e	http://example.org/stkg/subjectEntity	http://example.org/stkg/id/platform_BTR80
http://example.org/stkg/id/obs_rel_BTR80_T90_20260205T224224Z_353_c_e	http://example.org/stkg/objectEntity	http://example.org/stkg/id/platform_T90
http://example.org/stkg/id/obs_rel_BTR80_T90_20260205T224224Z_353_c_e	http://example.org/stkg/relationType	http://example.org/stkg/id/relation_ahead_of
http://example.org/stkg/id/obs_rel_BTR80_T90_20260205T224224Z_353_c_e	http://example.org/stkg/time	"2026-02-05T22:42:24Z"^^<http://www.w3.org/2001/XMLSchema#dateTime>
http://example.org/stkg/id/obs_rel_T90_BTR80_20260205T224224Z_353_e_c	http://www.w3.org/1999/02/22-rdf-syntax-ns#type	http://example.org/stkg/id/SpatialRelationObservation
http://example.org/stkg/id/obs_rel_T90_BTR80_20260205T224224Z_353_e_c	http://example.org/stkg/subjectEntity	http://example.org/stkg/id/platform_T90
http://example.org/stkg/id/obs_rel_T90_BTR80_20260205T224224Z_353_e_c	http://example.org/stkg/objectEntity	http://example.org/stkg/id/platform_BTR80
http://example.org/stkg/id/obs_rel_T90_BTR80_20260205T224224Z_353_e_c	http://example.org/stkg/relationType	http://example.org/stkg/id/relation_behind_of
http://example.org/stkg/id/obs_rel_T90_BTR80_20260205T224224Z_353_e_c	http://example.org/stkg/time	"2026-02-05T22:42:24Z"^^<http://www.w3.org/2001/XMLSchema#dateTime>
http://example.org/stkg/id/obs_rel_BTR80_K2BlackPanther_20260205T224225Z_354_c_d	http://www.w3.org/1999/02/22-rdf-syntax-ns#type	http://example.org/stkg/id/SpatialRelationObservation
http://example.org/stkg/id/obs_rel_BTR80_K2BlackPanther_20260205T224225Z_354_c_d	http://example.org/stkg/subjectEntity	http://example.org/stkg/id/platform_BTR80
http://example.org/stkg/id/obs_rel_BTR80_K2BlackPanther_20260205T224225Z_354_c_d	http://example.org/stkg/objectEntity	http://example.org/stkg/id/platform_K2BlackPanther
http://example.org/stkg/id/obs_rel_BTR80_K2BlackPanther_20260205T224225Z_354_c_d	http://example.org/stkg/relationType	http://example.org/stkg/id/relation_ahead_of
http://example.org/stkg/id/obs_rel_BTR80_K2BlackPanther_20260205T224225Z_354_c_d	http://example.org/stkg/time	"2026-02-05T22:42:25Z"^^<http://www.w3.org/2001/XMLSchema#dateTime>
http://example.org/stkg/id/obs_rel_K2BlackPanther_BTR80_20260205T224225Z_354_d_c	http://www.w3.org/1999/02/22-rdf-syntax-ns#type	http://example.org/stkg/id/SpatialRelationObservation
http://example.org/stkg/id/obs_rel_K2BlackPanther_BTR80_20260205T224225Z_354_d_c	http://example.org/stkg/subjectEntity	http://example.org/stkg/id/platform_K2BlackPanther
http://example.org/stkg/id/obs_rel_K2BlackPanther_BTR80_20260205T224225Z_354_d_c	http://example.org/stkg/objectEntity	http://example.org/stkg/id/platform_BTR80
http://example.org/stkg/id/obs_rel_K2BlackPanther_BTR80_20260205T224225Z_354_d_c	http://example.org/stkg/relationType	http://example.org/stkg/id/relation_behind_of
http://example.org/stkg/id/obs_rel_K2BlackPanther_BTR80_20260205T224225Z_354_d_c	http://example.org/stkg/time	"2026-02-05T22:42:25Z"^^<http://www.w3.org/2001/XMLSchema#dateTime>
http://example.org/stkg/id/obs_rel_K2BlackPanther_T90_20260205T224225Z_354_d_e	http://www.w3.org/1999/02/22-rdf-syntax-ns#type	http://example.org/stkg/id/SpatialRelationObservation
http://example.org/stkg/id/obs_rel_K2BlackPanther_T90_20260205T224225Z_354_d_e	http://example.org/stkg/subjectEntity	http://example.org/stkg/id/platform_K2BlackPanther
http://example.org/stkg/id/obs_rel_K2BlackPanther_T90_20260205T224225Z_354_d_e	http://example.org/stkg/objectEntity	http://example.org/stkg/id/platform_T90
http://example.org/stkg/id/obs_rel_K2BlackPanther_T90_20260205T224225Z_354_d_e	http://example.org/stkg/relationType	http://example.org/stkg/id/relation_ahead_of
http://example.org/stkg/id/obs_rel_K2BlackPanther_T90_20260205T224225Z_354_d_e	http://example.org/stkg/time	"2026-02-05T22:42:25Z"^^<http://www.w3.org/2001/XMLSchema#dateTime>
http://example.org/stkg/id/obs_rel_T90_K2BlackPanther_20260205T224225Z_354_e_d	http://www.w3.org/1999/02/22-rdf-syntax-ns#type	http://example.org/stkg/id/SpatialRelationObservation
http://example.org/stkg/id/obs_rel_T90_K2BlackPanther_20260205T224225Z_354_e_d	http://example.org/stkg/subjectEntity	http://example.org/stkg/id/platform_T90
http://example.org/stkg/id/obs_rel_T90_K2BlackPanther_20260205T224225Z_354_e_d	http://example.org/stkg/objectEntity	http://example.org/stkg/id/platform_K2BlackPanther
http://example.org/stkg/id/obs_rel_T90_K2BlackPanther_20260205T224225Z_354_e_d	http://example.org/stkg/relationType	http://example.org/stkg/id/relation_behind_of
http://example.org/stkg/id/obs_rel_T90_K2BlackPanther_20260205T224225Z_354_e_d	http://example.org/stkg/time	"2026-02-05T22:42:25Z"^^<http://www.w3.org/2001/XMLSchema#dateTime>
http://example.org/stkg/id/obs_rel_BTR80_T90_20260205T224225Z_354_c_e	http://www.w3.org/1999/02/22-rdf-syntax-ns#type	http://example.org/stkg/id/SpatialRelationObservation
http://example.org/stkg/id/obs_rel_BTR80_T90_20260205T224225Z_354_c_e	http://example.org/stkg/subjectEntity	http://example.org/stkg/id/platform_BTR80
http://example.org/stkg/id/obs_rel_BTR80_T90_20260205T224225Z_354_c_e	http://example.org/stkg/objectEntity	http://example.org/stkg/id/platform_T90
http://example.org/stkg/id/obs_rel_BTR80_T90_20260205T224225Z_354_c_e	http://example.org/stkg/relationType	http://example.org/stkg/id/relation_ahead_of
http://example.org/stkg/id/obs_rel_BTR80_T90_20260205T224225Z_354_c_e	http://example.org/stkg/time	"2026-02-05T22:42:25Z"^^<http://www.w3.org/2001/XMLSchema#dateTime>
http://example.org/stkg/id/obs_rel_T90_BTR80_20260205T224225Z_354_e_c	http://www.w3.org/1999/02/22-rdf-syntax-ns#type	http://example.org/stkg/id/SpatialRelationObservation
http://example.org/stkg/id/obs_rel_T90_BTR80_20260205T224225Z_354_e_c	http://example.org/stkg/subjectEntity	http://example.org/stkg/id/platform_T90
http://example.org/stkg/id/obs_rel_T90_BTR80_20260205T224225Z_354_e_c	http://example.org/stkg/objectEntity	http://example.org/stkg/id/platform_BTR80
http://example.org/stkg/id/obs_rel_T90_BTR80_20260205T224225Z_354_e_c	http://example.org/stkg/relationType	http://example.org/stkg/id/relation_behind_of
http://example.org/stkg/id/obs_rel_T90_BTR80_20260205T224225Z_354_e_c	http://example.org/stkg/time	"2026-02-05T22:42:25Z"^^<http://www.w3.org/2001/XMLSchema#dateTime>
http://example.org/stkg/id/obs_rel_BTR80_K2BlackPanther_20260205T224226Z_355_c_d	http://www.w3.org/1999/02/22-rdf-syntax-ns#type	http://example.org/stkg/id/SpatialRelationObservation
http://example.org/stkg/id/obs_rel_BTR80_K2BlackPanther_20260205T224226Z_355_c_d	http://example.org/stkg/subjectEntity	http://example.org/stkg/id/platform_BTR80
http://example.org/stkg/id/obs_rel_BTR80_K2BlackPanther_20260205T224226Z_355_c_d	http://example.org/stkg/objectEntity	http://example.org/stkg/id/platform_K2BlackPanther
http://example.org/stkg/id/obs_rel_BTR80_K2BlackPanther_20260205T224226Z_355_c_d	http://example.org/stkg/relationType	http://example.org/stkg/id/relation_ahead_of
http://example.org/stkg/id/obs_rel_BTR80_K2BlackPanther_20260205T224226Z_355_c_d	http://example.org/stkg/time	"2026-02-05T22:42:26Z"^^<http://www.w3.org/2001/XMLSchema#dateTime>
http://example.org/stkg/id/obs_rel_K2BlackPanther_BTR80_20260205T224226Z_355_d_c	http://www.w3.org/1999/02/22-rdf-syntax-ns#type	http://example.org/stkg/id/SpatialRelationObservation
http://example.org/stkg/id/obs_rel_K2BlackPanther_BTR80_20260205T224226Z_355_d_c	http://example.org/stkg/subjectEntity	http://example.org/stkg/id/platform_K2BlackPanther
http://example.org/stkg/id/obs_rel_K2BlackPanther_BTR80_20260205T224226Z_355_d_c	http://example.org/stkg/objectEntity	http://example.org/stkg/id/platform_BTR80
http://example.org/stkg/id/obs_rel_K2BlackPanther_BTR80_20260205T224226Z_355_d_c	http://example.org/stkg/relationType	http://example.org/stkg/id/relation_behind_of
http://example.org/stkg/id/obs_rel_K2BlackPanther_BTR80_20260205T224226Z_355_d_c	http://example.org/stkg/time	"2026-02-05T22:42:26Z"^^<http://www.w3.org/2001/XMLSchema#dateTime>
http://example.org/stkg/id/obs_rel_K2BlackPanther_T90_20260205T224226Z_355_d_e	http://www.w3.org/1999/02/22-rdf-syntax-ns#type	http://example.org/stkg/id/SpatialRelationObservation
http://example.org/stkg/id/obs_rel_K2BlackPanther_T90_20260205T224226Z_355_d_e	http://example.org/stkg/subjectEntity	http://example.org/stkg/id/platform_K2BlackPanther
http://example.org/stkg/id/obs_rel_K2BlackPanther_T90_20260205T224226Z_355_d_e	http://example.org/stkg/objectEntity	http://example.org/stkg/id/platform_T90
http://example.org/stkg/id/obs_rel_K2BlackPanther_T90_20260205T224226Z_355_d_e	http://example.org/stkg/relationType	http://example.org/stkg/id/relation_ahead_of
http://example.org/stkg/id/obs_rel_K2BlackPanther_T90_20260205T224226Z_355_d_e	http://example.org/stkg/time	"2026-02-05T22:42:26Z"^^<http://www.w3.org/2001/XMLSchema#dateTime>
http://example.org/stkg/id/obs_rel_T90_K2BlackPanther_20260205T224226Z_355_e_d	http://www.w3.org/1999/02/22-rdf-syntax-ns#type	http://example.org/stkg/id/SpatialRelationObservation
http://example.org/stkg/id/obs_rel_T90_K2BlackPanther_20260205T224226Z_355_e_d	http://example.org/stkg/subjectEntity	http://example.org/stkg/id/platform_T90
http://example.org/stkg/id/obs_rel_T90_K2BlackPanther_20260205T224226Z_355_e_d	http://example.org/stkg/objectEntity	http://example.org/stkg/id/platform_K2BlackPanther
http://example.org/stkg/id/obs_rel_T90_K2BlackPanther_20260205T224226Z_355_e_d	http://example.org/stkg/relationType	http://example.org/stkg/id/relation_behind_of
http://example.org/stkg/id/obs_rel_T90_K2BlackPanther_20260205T224226Z_355_e_d	http://example.org/stkg/time	"2026-02-05T22:42:26Z"^^<http://www.w3.org/2001/XMLSchema#dateTime>
http://example.org/stkg/id/obs_rel_BTR80_T90_20260205T224226Z_355_c_e	http://www.w3.org/1999/02/22-rdf-syntax-ns#type	http://example.org/stkg/id/SpatialRelationObservation
http://example.org/stkg/id/obs_rel_BTR80_T90_20260205T224226Z_355_c_e	http://example.org/stkg/subjectEntity	http://example.org/stkg/id/platform_BTR80
http://example.org/stkg/id/obs_rel_BTR80_T90_20260205T224226Z_355_c_e	http://example.org/stkg/objectEntity	http://example.org/stkg/id/platform_T90
http://example.org/stkg/id/obs_rel_BTR80_T90_20260205T224226Z_355_c_e	http://example.org/stkg/relationType	http://example.org/stkg/id/relation_ahead_of
http://example.org/stkg/id/obs_rel_BTR80_T90_20260205T224226Z_355_c_e	http://example.org/stkg/time	"2026-02-05T22:42:26Z"^^<http://www.w3.org/2001/XMLSchema#dateTime>
http://example.org/stkg/id/obs_rel_T90_BTR80_20260205T224226Z_355_e_c	http://www.w3.org/1999/02/22-rdf-syntax-ns#type	http://example.org/stkg/id/SpatialRelationObservation
http://example.org/stkg/id/obs_rel_T90_BTR80_20260205T224226Z_355_e_c	http://example.org/stkg/subjectEntity	http://example.org/stkg/id/platform_T90
http://example.org/stkg/id/obs_rel_T90_BTR80_20260205T224226Z_355_e_c	http://example.org/stkg/objectEntity	http://example.org/stkg/id/platform_BTR80
http://example.org/stkg/id/obs_rel_T90_BTR80_20260205T224226Z_355_e_c	http://example.org/stkg/relationType	http://example.org/stkg/id/relation_behind_of
http://example.org/stkg/id/obs_rel_T90_BTR80_20260205T224226Z_355_e_c	http://example.org/stkg/time	"2026-02-05T22:42:26Z"^^<http://www.w3.org/2001/XMLSchema#dateTime>
http://example.org/stkg/id/obs_rel_BTR80_K2BlackPanther_20260205T224227Z_356_c_d	http://www.w3.org/1999/02/22-rdf-syntax-ns#type	http://example.org/stkg/id/SpatialRelationObservation
http://example.org/stkg/id/obs_rel_BTR80_K2BlackPanther_20260205T224227Z_356_c_d	http://example.org/stkg/subjectEntity	http://example.org/stkg/id/platform_BTR80
http://example.org/stkg/id/obs_rel_BTR80_K2BlackPanther_20260205T224227Z_356_c_d	http://example.org/stkg/objectEntity	http://example.org/stkg/id/platform_K2BlackPanther
http://example.org/stkg/id/obs_rel_BTR80_K2BlackPanther_20260205T224227Z_356_c_d	http://example.org/stkg/relationType	http://example.org/stkg/id/relation_ahead_of
http://example.org/stkg/id/obs_rel_BTR80_K2BlackPanther_20260205T224227Z_356_c_d	http://example.org/stkg/time	"2026-02-05T22:42:27Z"^^<http://www.w3.org/2001/XMLSchema#dateTime>
http://example.org/stkg/id/obs_rel_K2BlackPanther_BTR80_20260205T224227Z_356_d_c	http://www.w3.org/1999/02/22-rdf-syntax-ns#type	http://example.org/stkg/id/SpatialRelationObservation
http://example.org/stkg/id/obs_rel_K2BlackPanther_BTR80_20260205T224227Z_356_d_c	http://example.org/stkg/subjectEntity	http://example.org/stkg/id/platform_K2BlackPanther
http://example.org/stkg/id/obs_rel_K2BlackPanther_BTR80_20260205T224227Z_356_d_c	http://example.org/stkg/objectEntity	http://example.org/stkg/id/platform_BTR80
http://example.org/stkg/id/obs_rel_K2BlackPanther_BTR80_20260205T224227Z_356_d_c	http://example.org/stkg/relationType	http://example.org/stkg/id/relation_behind_of
http://example.org/stkg/id/obs_rel_K2BlackPanther_BTR80_20260205T224227Z_356_d_c	http://example.org/stkg/time	"2026-02-05T22:42:27Z"^^<http://www.w3.org/2001/XMLSchema#dateTime>
http://example.org/stkg/id/obs_rel_K2BlackPanther_T90_20260205T224227Z_356_d_e	http://www.w3.org/1999/02/22-rdf-syntax-ns#type	http://example.org/stkg/id/SpatialRelationObservation
http://example.org/stkg/id/obs_rel_K2BlackPanther_T90_20260205T224227Z_356_d_e	http://example.org/stkg/subjectEntity	http://example.org/stkg/id/platform_K2BlackPanther
http://example.org/stkg/id/obs_rel_K2BlackPanther_T90_20260205T224227Z_356_d_e	http://example.org/stkg/objectEntity	http://example.org/stkg/id/platform_T90
http://example.org/stkg/id/obs_rel_K2BlackPanther_T90_20260205T224227Z_356_d_e	http://example.org/stkg/relationType	http://example.org/stkg/id/relation_ahead_of
http://example.org/stkg/id/obs_rel_K2BlackPanther_T90_20260205T224227Z_356_d_e	http://example.org/stkg/time	"2026-02-05T22:42:27Z"^^<http://www.w3.org/2001/XMLSchema#dateTime>
http://example.org/stkg/id/obs_rel_T90_K2BlackPanther_20260205T224227Z_356_e_d	http://www.w3.org/1999/02/22-rdf-syntax-ns#type	http://example.org/stkg/id/SpatialRelationObservation
http://example.org/stkg/id/obs_rel_T90_K2BlackPanther_20260205T224227Z_356_e_d	http://example.org/stkg/subjectEntity	http://example.org/stkg/id/platform_T90
http://example.org/stkg/id/obs_rel_T90_K2BlackPanther_20260205T224227Z_356_e_d	http://example.org/stkg/objectEntity	http://example.org/stkg/id/platform_K2BlackPanther
http://example.org/stkg/id/obs_rel_T90_K2BlackPanther_20260205T224227Z_356_e_d	http://example.org/stkg/relationType	http://example.org/stkg/id/relation_behind_of
http://example.org/stkg/id/obs_rel_T90_K2BlackPanther_20260205T224227Z_356_e_d	http://example.org/stkg/time	"2026-02-05T22:42:27Z"^^<http://www.w3.org/2001/XMLSchema#dateTime>
http://example.org/stkg/id/obs_rel_BTR80_T90_20260205T224227Z_356_c_e	http://www.w3.org/1999/02/22-rdf-syntax-ns#type	http://example.org/stkg/id/SpatialRelationObservation
http://example.org/stkg/id/obs_rel_BTR80_T90_20260205T224227Z_356_c_e	http://example.org/stkg/subjectEntity	http://example.org/stkg/id/platform_BTR80
http://example.org/stkg/id/obs_rel_BTR80_T90_20260205T224227Z_356_c_e	http://example.org/stkg/objectEntity	http://example.org/stkg/id/platform_T90
http://example.org/stkg/id/obs_rel_BTR80_T90_20260205T224227Z_356_c_e	http://example.org/stkg/relationType	http://example.org/stkg/id/relation_ahead_of
http://example.org/stkg/id/obs_rel_BTR80_T90_20260205T224227Z_356_c_e	http://example.org/stkg/time	"2026-02-05T22:42:27Z"^^<http://www.w3.org/2001/XMLSchema#dateTime>
http://example.org/stkg/id/obs_rel_T90_BTR80_20260205T224227Z_356_e_c	http://www.w3.org/1999/02/22-rdf-syntax-ns#type	http://example.org/stkg/id/SpatialRelationObservation
http://example.org/stkg/id/obs_rel_T90_BTR80_20260205T224227Z_356_e_c	http://example.org/stkg/subjectEntity	http://example.org/stkg/id/platform_T90
http://example.org/stkg/id/obs_rel_T90_BTR80_20260205T224227Z_356_e_c	http://example.org/stkg/objectEntity	http://example.org/stkg/id/platform_BTR80
http://example.org/stkg/id/obs_rel_T90_BTR80_20260205T224227Z_356_e_c	http://example.org/stkg/relationType	http://example.org/stkg/id/relation_behind_of
http://example.org/stkg/id/obs_rel_T90_BTR80_20260205T224227Z_356_e_c	http://example.org/stkg/time	"2026-02-05T22:42:27Z"^^<http://www.w3.org/2001/XMLSchema#dateTime>
http://example.org/stkg/id/obs_rel_BTR80_K2BlackPanther_20260205T224228Z_357_c_d	http://www.w3.org/1999/02/22-rdf-syntax-ns#type	http://example.org/stkg/id/SpatialRelationObservation
http://example.org/stkg/id/obs_rel_BTR80_K2BlackPanther_20260205T224228Z_357_c_d	http://example.org/stkg/subjectEntity	http://example.org/stkg/id/platform_BTR80
http://example.org/stkg/id/obs_rel_BTR80_K2BlackPanther_20260205T224228Z_357_c_d	http://example.org/stkg/objectEntity	http://example.org/stkg/id/platform_K2BlackPanther
http://example.org/stkg/id/obs_rel_BTR80_K2BlackPanther_20260205T224228Z_357_c_d	http://example.org/stkg/relationType	http://example.org/stkg/id/relation_ahead_of
http://example.org/stkg/id/obs_rel_BTR80_K2BlackPanther_20260205T224228Z_357_c_d	http://example.org/stkg/time	"2026-02-05T22:42:28Z"^^<http://www.w3.org/2001/XMLSchema#dateTime>
http://example.org/stkg/id/obs_rel_K2BlackPanther_BTR80_20260205T224228Z_357_d_c	http://www.w3.org/1999/02/22-rdf-syntax-ns#type	http://example.org/stkg/id/SpatialRelationObservation
http://example.org/stkg/id/obs_rel_K2BlackPanther_BTR80_20260205T224228Z_357_d_c	http://example.org/stkg/subjectEntity	http://example.org/stkg/id/platform_K2BlackPanther
http://example.org/stkg/id/obs_rel_K2BlackPanther_BTR80_20260205T224228Z_357_d_c	http://example.org/stkg/objectEntity	http://example.org/stkg/id/platform_BTR80
http://example.org/stkg/id/obs_rel_K2BlackPanther_BTR80_20260205T224228Z_357_d_c	http://example.org/stkg/relationType	http://example.org/stkg/id/relation_behind_of
http://example.org/stkg/id/obs_rel_K2BlackPanther_BTR80_20260205T224228Z_357_d_c	http://example.org/stkg/time	"2026-02-05T22:42:28Z"^^<http://www.w3.org/2001/XMLSchema#dateTime>
http://example.org/stkg/id/obs_rel_K2BlackPanther_T90_20260205T224228Z_357_d_e	http://www.w3.org/1999/02/22-rdf-syntax-ns#type	http://example.org/stkg/id/SpatialRelationObservation
http://example.org/stkg/id/obs_rel_K2BlackPanther_T90_20260205T224228Z_357_d_e	http://example.org/stkg/subjectEntity	http://example.org/stkg/id/platform_K2BlackPanther
http://example.org/stkg/id/obs_rel_K2BlackPanther_T90_20260205T224228Z_357_d_e	http://example.org/stkg/objectEntity	http://example.org/stkg/id/platform_T90
http://example.org/stkg/id/obs_rel_K2BlackPanther_T90_20260205T224228Z_357_d_e	http://example.org/stkg/relationType	http://example.org/stkg/id/relation_ahead_of
http://example.org/stkg/id/obs_rel_K2BlackPanther_T90_20260205T224228Z_357_d_e	http://example.org/stkg/time	"2026-02-05T22:42:28Z"^^<http://www.w3.org/2001/XMLSchema#dateTime>
http://example.org/stkg/id/obs_rel_T90_K2BlackPanther_20260205T224228Z_357_e_d	http://www.w3.org/1999/02/22-rdf-syntax-ns#type	http://example.org/stkg/id/SpatialRelationObservation
http://example.org/stkg/id/obs_rel_T90_K2BlackPanther_20260205T224228Z_357_e_d	http://example.org/stkg/subjectEntity	http://example.org/stkg/id/platform_T90
http://example.org/stkg/id/obs_rel_T90_K2BlackPanther_20260205T224228Z_357_e_d	http://example.org/stkg/objectEntity	http://example.org/stkg/id/platform_K2BlackPanther
http://example.org/stkg/id/obs_rel_T90_K2BlackPanther_20260205T224228Z_357_e_d	http://example.org/stkg/relationType	http://example.org/stkg/id/relation_behind_of
http://example.org/stkg/id/obs_rel_T90_K2BlackPanther_20260205T224228Z_357_e_d	http://example.org/stkg/time	"2026-02-05T22:42:28Z"^^<http://www.w3.org/2001/XMLSchema#dateTime>
http://example.org/stkg/id/obs_rel_BTR80_T90_20260205T224228Z_357_c_e	http://www.w3.org/1999/02/22-rdf-syntax-ns#type	http://example.org/stkg/id/SpatialRelationObservation
http://example.org/stkg/id/obs_rel_BTR80_T90_20260205T224228Z_357_c_e	http://example.org/stkg/subjectEntity	http://example.org/stkg/id/platform_BTR80
http://example.org/stkg/id/obs_rel_BTR80_T90_20260205T224228Z_357_c_e	http://example.org/stkg/objectEntity	http://example.org/stkg/id/platform_T90
http://example.org/stkg/id/obs_rel_BTR80_T90_20260205T224228Z_357_c_e	http://example.org/stkg/relationType	http://example.org/stkg/id/relation_ahead_of
http://example.org/stkg/id/obs_rel_BTR80_T90_20260205T224228Z_357_c_e	http://example.org/stkg/time	"2026-02-05T22:42:28Z"^^<http://www.w3.org/2001/XMLSchema#dateTime>
http://example.org/stkg/id/obs_rel_T90_BTR80_20260205T224228Z_357_e_c	http://www.w3.org/1999/02/22-rdf-syntax-ns#type	http://example.org/stkg/id/SpatialRelationObservation
http://example.org/stkg/id/obs_rel_T90_BTR80_20260205T224228Z_357_e_c	http://example.org/stkg/subjectEntity	http://example.org/stkg/id/platform_T90
http://example.org/stkg/id/obs_rel_T90_BTR80_20260205T224228Z_357_e_c	http://example.org/stkg/objectEntity	http://example.org/stkg/id/platform_BTR80
http://example.org/stkg/id/obs_rel_T90_BTR80_20260205T224228Z_357_e_c	http://example.org/stkg/relationType	http://example.org/stkg/id/relation_behind_of
http://example.org/stkg/id/obs_rel_T90_BTR80_20260205T224228Z_357_e_c	http://example.org/stkg/time	"2026-02-05T22:42:28Z"^^<http://www.w3.org/2001/XMLSchema#dateTime>
http://example.org/stkg/id/obs_rel_BTR80_K2BlackPanther_20260205T224229Z_358_c_d	http://www.w3.org/1999/02/22-rdf-syntax-ns#type	http://example.org/stkg/id/SpatialRelationObservation
http://example.org/stkg/id/obs_rel_BTR80_K2BlackPanther_20260205T224229Z_358_c_d	http://example.org/stkg/subjectEntity	http://example.org/stkg/id/platform_BTR80
http://example.org/stkg/id/obs_rel_BTR80_K2BlackPanther_20260205T224229Z_358_c_d	http://example.org/stkg/objectEntity	http://example.org/stkg/id/platform_K2BlackPanther
http://example.org/stkg/id/obs_rel_BTR80_K2BlackPanther_20260205T224229Z_358_c_d	http://example.org/stkg/relationType	http://example.org/stkg/id/relation_ahead_of
http://example.org/stkg/id/obs_rel_BTR80_K2BlackPanther_20260205T224229Z_358_c_d	http://example.org/stkg/time	"2026-02-05T22:42:29Z"^^<http://www.w3.org/2001/XMLSchema#dateTime>
http://example.org/stkg/id/obs_rel_K2BlackPanther_BTR80_20260205T224229Z_358_d_c	http://www.w3.org/1999/02/22-rdf-syntax-ns#type	http://example.org/stkg/id/SpatialRelationObservation
http://example.org/stkg/id/obs_rel_K2BlackPanther_BTR80_20260205T224229Z_358_d_c	http://example.org/stkg/subjectEntity	http://example.org/stkg/id/platform_K2BlackPanther
http://example.org/stkg/id/obs_rel_K2BlackPanther_BTR80_20260205T224229Z_358_d_c	http://example.org/stkg/objectEntity	http://example.org/stkg/id/platform_BTR80
http://example.org/stkg/id/obs_rel_K2BlackPanther_BTR80_20260205T224229Z_358_d_c	http://example.org/stkg/relationType	http://example.org/stkg/id/relation_behind_of
http://example.org/stkg/id/obs_rel_K2BlackPanther_BTR80_20260205T224229Z_358_d_c	http://example.org/stkg/time	"2026-02-05T22:42:29Z"^^<http://www.w3.org/2001/XMLSchema#dateTime>
http://example.org/stkg/id/obs_rel_K2BlackPanther_T90_20260205T224229Z_358_d_e	http://www.w3.org/1999/02/22-rdf-syntax-ns#type	http://example.org/stkg/id/SpatialRelationObservation
http://example.org/stkg/id/obs_rel_K2BlackPanther_T90_20260205T224229Z_358_d_e	http://example.org/stkg/subjectEntity	http://example.org/stkg/id/platform_K2BlackPanther
http://example.org/stkg/id/obs_rel_K2BlackPanther_T90_20260205T224229Z_358_d_e	http://example.org/stkg/objectEntity	http://example.org/stkg/id/platform_T90
http://example.org/stkg/id/obs_rel_K2BlackPanther_T90_20260205T224229Z_358_d_e	http://example.org/stkg/relationType	http://example.org/stkg/id/relation_ahead_of
http://example.org/stkg/id/obs_rel_K2BlackPanther_T90_20260205T224229Z_358_d_e	http://example.org/stkg/time	"2026-02-05T22:42:29Z"^^<http://www.w3.org/2001/XMLSchema#dateTime>
http://example.org/stkg/id/obs_rel_T90_K2BlackPanther_20260205T224229Z_358_e_d	http://www.w3.org/1999/02/22-rdf-syntax-ns#type	http://example.org/stkg/id/SpatialRelationObservation
http://example.org/stkg/id/obs_rel_T90_K2BlackPanther_20260205T224229Z_358_e_d	http://example.org/stkg/subjectEntity	http://example.org/stkg/id/platform_T90
http://example.org/stkg/id/obs_rel_T90_K2BlackPanther_20260205T224229Z_358_e_d	http://example.org/stkg/objectEntity	http://example.org/stkg/id/platform_K2BlackPanther
http://example.org/stkg/id/obs_rel_T90_K2BlackPanther_20260205T224229Z_358_e_d	http://example.org/stkg/relationType	http://example.org/stkg/id/relation_behind_of
http://example.org/stkg/id/obs_rel_T90_K2BlackPanther_20260205T224229Z_358_e_d	http://example.org/stkg/time	"2026-02-05T22:42:29Z"^^<http://www.w3.org/2001/XMLSchema#dateTime>
http://example.org/stkg/id/obs_rel_BTR80_T90_20260205T224229Z_358_c_e	http://www.w3.org/1999/02/22-rdf-syntax-ns#type	http://example.org/stkg/id/SpatialRelationObservation
http://example.org/stkg/id/obs_rel_BTR80_T90_20260205T224229Z_358_c_e	http://example.org/stkg/subjectEntity	http://example.org/stkg/id/platform_BTR80
http://example.org/stkg/id/obs_rel_BTR80_T90_20260205T224229Z_358_c_e	http://example.org/stkg/objectEntity	http://example.org/stkg/id/platform_T90
http://example.org/stkg/id/obs_rel_BTR80_T90_20260205T224229Z_358_c_e	http://example.org/stkg/relationType	http://example.org/stkg/id/relation_ahead_of
http://example.org/stkg/id/obs_rel_BTR80_T90_20260205T224229Z_358_c_e	http://example.org/stkg/time	"2026-02-05T22:42:29Z"^^<http://www.w3.org/2001/XMLSchema#dateTime>
http://example.org/stkg/id/obs_rel_T90_BTR80_20260205T224229Z_358_e_c	http://www.w3.org/1999/02/22-rdf-syntax-ns#type	http://example.org/stkg/id/SpatialRelationObservation
http://example.org/stkg/id/obs_rel_T90_BTR80_20260205T224229Z_358_e_c	http://example.org/stkg/subjectEntity	http://example.org/stkg/id/platform_T90
http://example.org/stkg/id/obs_rel_T90_BTR80_20260205T224229Z_358_e_c	http://example.org/stkg/objectEntity	http://example.org/stkg/id/platform_BTR80
http://example.org/stkg/id/obs_rel_T90_BTR80_20260205T224229Z_358_e_c	http://example.org/stkg/relationType	http://example.org/stkg/id/relation_behind_of
http://example.org/stkg/id/obs_rel_T90_BTR80_20260205T224229Z_358_e_c	http://example.org/stkg/time	"2026-02-05T22:42:29Z"^^<http://www.w3.org/2001/XMLSchema#dateTime>
http://example.org/stkg/id/obs_rel_BTR80_K2BlackPanther_20260205T224230Z_359_c_d	http://www.w3.org/1999/02/22-rdf-syntax-ns#type	http://example.org/stkg/id/SpatialRelationObservation
http://example.org/stkg/id/obs_rel_BTR80_K2BlackPanther_20260205T224230Z_359_c_d	http://example.org/stkg/subjectEntity	http://example.org/stkg/id/platform_BTR80
http://example.org/stkg/id/obs_rel_BTR80_K2BlackPanther_20260205T224230Z_359_c_d	http://example.org/stkg/objectEntity	http://example.org/stkg/id/platform_K2BlackPanther
http://example.org/stkg/id/obs_rel_BTR80_K2BlackPanther_20260205T224230Z_359_c_d	http://example.org/stkg/relationType	http://example.org/stkg/id/relation_ahead_of
http://example.org/stkg/id/obs_rel_BTR80_K2BlackPanther_20260205T224230Z_359_c_d	http://example.org/stkg/time	"2026-02-05T22:42:30Z"^^<http://www.w3.org/2001/XMLSchema#dateTime>
http://example.org/stkg/id/obs_rel_K2BlackPanther_BTR80_20260205T224230Z_359_d_c	http://www.w3.org/1999/02/22-rdf-syntax-ns#type	http://example.org/stkg/id/SpatialRelationObservation
http://example.org/stkg/id/obs_rel_K2BlackPanther_BTR80_20260205T224230Z_359_d_c	http://example.org/stkg/subjectEntity	http://example.org/stkg/id/platform_K2BlackPanther
http://example.org/stkg/id/obs_rel_K2BlackPanther_BTR80_20260205T224230Z_359_d_c	http://example.org/stkg/objectEntity	http://example.org/stkg/id/platform_BTR80
http://example.org/stkg/id/obs_rel_K2BlackPanther_BTR80_20260205T224230Z_359_d_c	http://example.org/stkg/relationType	http://example.org/stkg/id/relation_behind_of
http://example.org/stkg/id/obs_rel_K2BlackPanther_BTR80_20260205T224230Z_359_d_c	http://example.org/stkg/time	"2026-02-05T22:42:30Z"^^<http://www.w3.org/2001/XMLSchema#dateTime>
http://example.org/stkg/id/obs_rel_K2BlackPanther_T90_20260205T224230Z_359_d_e	http://www.w3.org/1999/02/22-rdf-syntax-ns#type	http://example.org/stkg/id/SpatialRelationObservation
http://example.org/stkg/id/obs_rel_K2BlackPanther_T90_20260205T224230Z_359_d_e	http://example.org/stkg/subjectEntity	http://example.org/stkg/id/platform_K2BlackPanther
http://example.org/stkg/id/obs_rel_K2BlackPanther_T90_20260205T224230Z_359_d_e	http://example.org/stkg/objectEntity	http://example.org/stkg/id/platform_T90
http://example.org/stkg/id/obs_rel_K2BlackPanther_T90_20260205T224230Z_359_d_e	http://example.org/stkg/relationType	http://example.org/stkg/id/relation_ahead_of
http://example.org/stkg/id/obs_rel_K2BlackPanther_T90_20260205T224230Z_359_d_e	http://example.org/stkg/time	"2026-02-05T22:42:30Z"^^<http://www.w3.org/2001/XMLSchema#dateTime>
http://example.org/stkg/id/obs_rel_T90_K2BlackPanther_20260205T224230Z_359_e_d	http://www.w3.org/1999/02/22-rdf-syntax-ns#type	http://example.org/stkg/id/SpatialRelationObservation
http://example.org/stkg/id/obs_rel_T90_K2BlackPanther_20260205T224230Z_359_e_d	http://example.org/stkg/subjectEntity	http://example.org/stkg/id/platform_T90
http://example.org/stkg/id/obs_rel_T90_K2BlackPanther_20260205T224230Z_359_e_d	http://example.org/stkg/objectEntity	http://example.org/stkg/id/platform_K2BlackPanther
http://example.org/stkg/id/obs_rel_T90_K2BlackPanther_20260205T224230Z_359_e_d	http://example.org/stkg/relationType	http://example.org/stkg/id/relation_behind_of
http://example.org/stkg/id/obs_rel_T90_K2BlackPanther_20260205T224230Z_359_e_d	http://example.org/stkg/time	"2026-02-05T22:42:30Z"^^<http://www.w3.org/2001/XMLSchema#dateTime>
http://example.org/stkg/id/obs_rel_BTR80_T90_20260205T224230Z_359_c_e	http://www.w3.org/1999/02/22-rdf-syntax-ns#type	http://example.org/stkg/id/SpatialRelationObservation
http://example.org/stkg/id/obs_rel_BTR80_T90_20260205T224230Z_359_c_e	http://example.org/stkg/subjectEntity	http://example.org/stkg/id/platform_BTR80
http://example.org/stkg/id/obs_rel_BTR80_T90_20260205T224230Z_359_c_e	http://example.org/stkg/objectEntity	http://example.org/stkg/id/platform_T90
http://example.org/stkg/id/obs_rel_BTR80_T90_20260205T224230Z_359_c_e	http://example.org/stkg/relationType	http://example.org/stkg/id/relation_ahead_of
http://example.org/stkg/id/obs_rel_BTR80_T90_20260205T224230Z_359_c_e	http://example.org/stkg/time	"2026-02-05T22:42:30Z"^^<http://www.w3.org/2001/XMLSchema#dateTime>
http://example.org/stkg/id/obs_rel_T90_BTR80_20260205T224230Z_359_e_c	http://www.w3.org/1999/02/22-rdf-syntax-ns#type	http://example.org/stkg/id/SpatialRelationObservation
http://example.org/stkg/id/obs_rel_T90_BTR80_20260205T224230Z_359_e_c	http://example.org/stkg/subjectEntity	http://example.org/stkg/id/platform_T90
http://example.org/stkg/id/obs_rel_T90_BTR80_20260205T224230Z_359_e_c	http://example.org/stkg/objectEntity	http://example.org/stkg/id/platform_BTR80
http://example.org/stkg/id/obs_rel_T90_BTR80_20260205T224230Z_359_e_c	http://example.org/stkg/relationType	http://example.org/stkg/id/relation_behind_of
http://example.org/stkg/id/obs_rel_T90_BTR80_20260205T224230Z_359_e_c	http://example.org/stkg/time	"2026-02-05T22:42:30Z"^^<http://www.w3.org/2001/XMLSchema#dateTime>
http://example.org/stkg/id/obs_rel_BTR80_K2BlackPanther_20260205T224231Z_360_c_d	http://www.w3.org/1999/02/22-rdf-syntax-ns#type	http://example.org/stkg/id/SpatialRelationObservation
http://example.org/stkg/id/obs_rel_BTR80_K2BlackPanther_20260205T224231Z_360_c_d	http://example.org/stkg/subjectEntity	http://example.org/stkg/id/platform_BTR80
http://example.org/stkg/id/obs_rel_BTR80_K2BlackPanther_20260205T224231Z_360_c_d	http://example.org/stkg/objectEntity	http://example.org/stkg/id/platform_K2BlackPanther
http://example.org/stkg/id/obs_rel_BTR80_K2BlackPanther_20260205T224231Z_360_c_d	http://example.org/stkg/relationType	http://example.org/stkg/id/relation_ahead_of
http://example.org/stkg/id/obs_rel_BTR80_K2BlackPanther_20260205T224231Z_360_c_d	http://example.org/stkg/time	"2026-02-05T22:42:31Z"^^<http://www.w3.org/2001/XMLSchema#dateTime>
http://example.org/stkg/id/obs_rel_K2BlackPanther_BTR80_20260205T224231Z_360_d_c	http://www.w3.org/1999/02/22-rdf-syntax-ns#type	http://example.org/stkg/id/SpatialRelationObservation
http://example.org/stkg/id/obs_rel_K2BlackPanther_BTR80_20260205T224231Z_360_d_c	http://example.org/stkg/subjectEntity	http://example.org/stkg/id/platform_K2BlackPanther
http://example.org/stkg/id/obs_rel_K2BlackPanther_BTR80_20260205T224231Z_360_d_c	http://example.org/stkg/objectEntity	http://example.org/stkg/id/platform_BTR80
http://example.org/stkg/id/obs_rel_K2BlackPanther_BTR80_20260205T224231Z_360_d_c	http://example.org/stkg/relationType	http://example.org/stkg/id/relation_behind_of
http://example.org/stkg/id/obs_rel_K2BlackPanther_BTR80_20260205T224231Z_360_d_c	http://example.org/stkg/time	"2026-02-05T22:42:31Z"^^<http://www.w3.org/2001/XMLSchema#dateTime>
http://example.org/stkg/id/obs_rel_K2BlackPanther_T90_20260205T224231Z_360_d_e	http://www.w3.org/1999/02/22-rdf-syntax-ns#type	http://example.org/stkg/id/SpatialRelationObservation
http://example.org/stkg/id/obs_rel_K2BlackPanther_T90_20260205T224231Z_360_d_e	http://example.org/stkg/subjectEntity	http://example.org/stkg/id/platform_K2BlackPanther
http://example.org/stkg/id/obs_rel_K2BlackPanther_T90_20260205T224231Z_360_d_e	http://example.org/stkg/objectEntity	http://example.org/stkg/id/platform_T90
http://example.org/stkg/id/obs_rel_K2BlackPanther_T90_20260205T224231Z_360_d_e	http://example.org/stkg/relationType	http://example.org/stkg/id/relation_ahead_of
http://example.org/stkg/id/obs_rel_K2BlackPanther_T90_20260205T224231Z_360_d_e	http://example.org/stkg/time	"2026-02-05T22:42:31Z"^^<http://www.w3.org/2001/XMLSchema#dateTime>
http://example.org/stkg/id/obs_rel_T90_K2BlackPanther_20260205T224231Z_360_e_d	http://www.w3.org/1999/02/22-rdf-syntax-ns#type	http://example.org/stkg/id/SpatialRelationObservation
http://example.org/stkg/id/obs_rel_T90_K2BlackPanther_20260205T224231Z_360_e_d	http://example.org/stkg/subjectEntity	http://example.org/stkg/id/platform_T90
http://example.org/stkg/id/obs_rel_T90_K2BlackPanther_20260205T224231Z_360_e_d	http://example.org/stkg/objectEntity	http://example.org/stkg/id/platform_K2BlackPanther
http://example.org/stkg/id/obs_rel_T90_K2BlackPanther_20260205T224231Z_360_e_d	http://example.org/stkg/relationType	http://example.org/stkg/id/relation_behind_of
http://example.org/stkg/id/obs_rel_T90_K2BlackPanther_20260205T224231Z_360_e_d	http://example.org/stkg/time	"2026-02-05T22:42:31Z"^^<http://www.w3.org/2001/XMLSchema#dateTime>
http://example.org/stkg/id/obs_rel_BTR80_T90_20260205T224231Z_360_c_e	http://www.w3.org/1999/02/22-rdf-syntax-ns#type	http://example.org/stkg/id/SpatialRelationObservation
http://example.org/stkg/id/obs_rel_BTR80_T90_20260205T224231Z_360_c_e	http://example.org/stkg/subjectEntity	http://example.org/stkg/id/platform_BTR80
http://example.org/stkg/id/obs_rel_BTR80_T90_20260205T224231Z_360_c_e	http://example.org/stkg/objectEntity	http://example.org/stkg/id/platform_T90
http://example.org/stkg/id/obs_rel_BTR80_T90_20260205T224231Z_360_c_e	http://example.org/stkg/relationType	http://example.org/stkg/id/relation_ahead_of
http://example.org/stkg/id/obs_rel_BTR80_T90_20260205T224231Z_360_c_e	http://example.org/stkg/time	"2026-02-05T22:42:31Z"^^<http://www.w3.org/2001/XMLSchema#dateTime>
http://example.org/stkg/id/obs_rel_T90_BTR80_20260205T224231Z_360_e_c	http://www.w3.org/1999/02/22-rdf-syntax-ns#type	http://example.org/stkg/id/SpatialRelationObservation
http://example.org/stkg/id/obs_rel_T90_BTR80_20260205T224231Z_360_e_c	http://example.org/stkg/subjectEntity	http://example.org/stkg/id/platform_T90
http://example.org/stkg/id/obs_rel_T90_BTR80_20260205T224231Z_360_e_c	http://example.org/stkg/objectEntity	http://example.org/stkg/id/platform_BTR80
http://example.org/stkg/id/obs_rel_T90_BTR80_20260205T224231Z_360_e_c	http://example.org/stkg/relationType	http://example.org/stkg/id/relation_behind_of
http://example.org/stkg/id/obs_rel_T90_BTR80_20260205T224231Z_360_e_c	http://example.org/stkg/time	"2026-02-05T22:42:31Z"^^<http://www.w3.org/2001/XMLSchema#dateTime>
http://example.org/stkg/id/obs_rel_BTR80_K2BlackPanther_20260205T224232Z_361_c_d	http://www.w3.org/1999/02/22-rdf-syntax-ns#type	http://example.org/stkg/id/SpatialRelationObservation
http://example.org/stkg/id/obs_rel_BTR80_K2BlackPanther_20260205T224232Z_361_c_d	http://example.org/stkg/subjectEntity	http://example.org/stkg/id/platform_BTR80
http://example.org/stkg/id/obs_rel_BTR80_K2BlackPanther_20260205T224232Z_361_c_d	http://example.org/stkg/objectEntity	http://example.org/stkg/id/platform_K2BlackPanther
http://example.org/stkg/id/obs_rel_BTR80_K2BlackPanther_20260205T224232Z_361_c_d	http://example.org/stkg/relationType	http://example.org/stkg/id/relation_ahead_of
http://example.org/stkg/id/obs_rel_BTR80_K2BlackPanther_20260205T224232Z_361_c_d	http://example.org/stkg/time	"2026-02-05T22:42:32Z"^^<http://www.w3.org/2001/XMLSchema#dateTime>
http://example.org/stkg/id/obs_rel_K2BlackPanther_BTR80_20260205T224232Z_361_d_c	http://www.w3.org/1999/02/22-rdf-syntax-ns#type	http://example.org/stkg/id/SpatialRelationObservation
http://example.org/stkg/id/obs_rel_K2BlackPanther_BTR80_20260205T224232Z_361_d_c	http://example.org/stkg/subjectEntity	http://example.org/stkg/id/platform_K2BlackPanther
http://example.org/stkg/id/obs_rel_K2BlackPanther_BTR80_20260205T224232Z_361_d_c	http://example.org/stkg/objectEntity	http://example.org/stkg/id/platform_BTR80
http://example.org/stkg/id/obs_rel_K2BlackPanther_BTR80_20260205T224232Z_361_d_c	http://example.org/stkg/relationType	http://example.org/stkg/id/relation_behind_of
http://example.org/stkg/id/obs_rel_K2BlackPanther_BTR80_20260205T224232Z_361_d_c	http://example.org/stkg/time	"2026-02-05T22:42:32Z"^^<http://www.w3.org/2001/XMLSchema#dateTime>
http://example.org/stkg/id/obs_rel_K2BlackPanther_T90_20260205T224232Z_361_d_e	http://www.w3.org/1999/02/22-rdf-syntax-ns#type	http://example.org/stkg/id/SpatialRelationObservation
http://example.org/stkg/id/obs_rel_K2BlackPanther_T90_20260205T224232Z_361_d_e	http://example.org/stkg/subjectEntity	http://example.org/stkg/id/platform_K2BlackPanther
http://example.org/stkg/id/obs_rel_K2BlackPanther_T90_20260205T224232Z_361_d_e	http://example.org/stkg/objectEntity	http://example.org/stkg/id/platform_T90
http://example.org/stkg/id/obs_rel_K2BlackPanther_T90_20260205T224232Z_361_d_e	http://example.org/stkg/relationType	http://example.org/stkg/id/relation_ahead_of
http://example.org/stkg/id/obs_rel_K2BlackPanther_T90_20260205T224232Z_361_d_e	http://example.org/stkg/time	"2026-02-05T22:42:32Z"^^<http://www.w3.org/2001/XMLSchema#dateTime>
http://example.org/stkg/id/obs_rel_T90_K2BlackPanther_20260205T224232Z_361_e_d	http://www.w3.org/1999/02/22-rdf-syntax-ns#type	http://example.org/stkg/id/SpatialRelationObservation
http://example.org/stkg/id/obs_rel_T90_K2BlackPanther_20260205T224232Z_361_e_d	http://example.org/stkg/subjectEntity	http://example.org/stkg/id/platform_T90
http://example.org/stkg/id/obs_rel_T90_K2BlackPanther_20260205T224232Z_361_e_d	http://example.org/stkg/objectEntity	http://example.org/stkg/id/platform_K2BlackPanther
http://example.org/stkg/id/obs_rel_T90_K2BlackPanther_20260205T224232Z_361_e_d	http://example.org/stkg/relationType	http://example.org/stkg/id/relation_behind_of
http://example.org/stkg/id/obs_rel_T90_K2BlackPanther_20260205T224232Z_361_e_d	http://example.org/stkg/time	"2026-02-05T22:42:32Z"^^<http://www.w3.org/2001/XMLSchema#dateTime>
http://example.org/stkg/id/obs_rel_BTR80_T90_20260205T224232Z_361_c_e	http://www.w3.org/1999/02/22-rdf-syntax-ns#type	http://example.org/stkg/id/SpatialRelationObservation
http://example.org/stkg/id/obs_rel_BTR80_T90_20260205T224232Z_361_c_e	http://example.org/stkg/subjectEntity	http://example.org/stkg/id/platform_BTR80
http://example.org/stkg/id/obs_rel_BTR80_T90_20260205T224232Z_361_c_e	http://example.org/stkg/objectEntity	http://example.org/stkg/id/platform_T90
http://example.org/stkg/id/obs_rel_BTR80_T90_20260205T224232Z_361_c_e	http://example.org/stkg/relationType	http://example.org/stkg/id/relation_ahead_of
http://example.org/stkg/id/obs_rel_BTR80_T90_20260205T224232Z_361_c_e	http://example.org/stkg/time	"2026-02-05T22:42:32Z"^^<http://www.w3.org/2001/XMLSchema#dateTime>
http://example.org/stkg/id/obs_rel_T90_BTR80_20260205T224232Z_361_e_c	http://www.w3.org/1999/02/22-rdf-syntax-ns#type	http://example.org/stkg/id/SpatialRelationObservation
http://example.org/stkg/id/obs_rel_T90_BTR80_20260205T224232Z_361_e_c	http://example.org/stkg/subjectEntity	http://example.org/stkg/id/platform_T90
http://example.org/stkg/id/obs_rel_T90_BTR80_20260205T224232Z_361_e_c	http://example.org/stkg/objectEntity	http://example.org/stkg/id/platform_BTR80
http://example.org/stkg/id/obs_rel_T90_BTR80_20260205T224232Z_361_e_c	http://example.org/stkg/relationType	http://example.org/stkg/id/relation_behind_of
http://example.org/stkg/id/obs_rel_T90_BTR80_20260205T224232Z_361_e_c	http://example.org/stkg/time	"2026-02-05T22:42:32Z"^^<http://www.w3.org/2001/XMLSchema#dateTime>
http://example.org/stkg/id/obs_rel_BTR80_K2BlackPanther_20260205T224233Z_362_c_d	http://www.w3.org/1999/02/22-rdf-syntax-ns#type	http://example.org/stkg/id/SpatialRelationObservation
http://example.org/stkg/id/obs_rel_BTR80_K2BlackPanther_20260205T224233Z_362_c_d	http://example.org/stkg/subjectEntity	http://example.org/stkg/id/platform_BTR80
http://example.org/stkg/id/obs_rel_BTR80_K2BlackPanther_20260205T224233Z_362_c_d	http://example.org/stkg/objectEntity	http://example.org/stkg/id/platform_K2BlackPanther
http://example.org/stkg/id/obs_rel_BTR80_K2BlackPanther_20260205T224233Z_362_c_d	http://example.org/stkg/relationType	http://example.org/stkg/id/relation_ahead_of
http://example.org/stkg/id/obs_rel_BTR80_K2BlackPanther_20260205T224233Z_362_c_d	http://example.org/stkg/time	"2026-02-05T22:42:33Z"^^<http://www.w3.org/2001/XMLSchema#dateTime>
http://example.org/stkg/id/obs_rel_K2BlackPanther_BTR80_20260205T224233Z_362_d_c	http://www.w3.org/1999/02/22-rdf-syntax-ns#type	http://example.org/stkg/id/SpatialRelationObservation
http://example.org/stkg/id/obs_rel_K2BlackPanther_BTR80_20260205T224233Z_362_d_c	http://example.org/stkg/subjectEntity	http://example.org/stkg/id/platform_K2BlackPanther
http://example.org/stkg/id/obs_rel_K2BlackPanther_BTR80_20260205T224233Z_362_d_c	http://example.org/stkg/objectEntity	http://example.org/stkg/id/platform_BTR80
http://example.org/stkg/id/obs_rel_K2BlackPanther_BTR80_20260205T224233Z_362_d_c	http://example.org/stkg/relationType	http://example.org/stkg/id/relation_behind_of
http://example.org/stkg/id/obs_rel_K2BlackPanther_BTR80_20260205T224233Z_362_d_c	http://example.org/stkg/time	"2026-02-05T22:42:33Z"^^<http://www.w3.org/2001/XMLSchema#dateTime>
http://example.org/stkg/id/obs_rel_K2BlackPanther_T90_20260205T224233Z_362_d_e	http://www.w3.org/1999/02/22-rdf-syntax-ns#type	http://example.org/stkg/id/SpatialRelationObservation
http://example.org/stkg/id/obs_rel_K2BlackPanther_T90_20260205T224233Z_362_d_e	http://example.org/stkg/subjectEntity	http://example.org/stkg/id/platform_K2BlackPanther
http://example.org/stkg/id/obs_rel_K2BlackPanther_T90_20260205T224233Z_362_d_e	http://example.org/stkg/objectEntity	http://example.org/stkg/id/platform_T90
http://example.org/stkg/id/obs_rel_K2BlackPanther_T90_20260205T224233Z_362_d_e	http://example.org/stkg/relationType	http://example.org/stkg/id/relation_ahead_of
http://example.org/stkg/id/obs_rel_K2BlackPanther_T90_20260205T224233Z_362_d_e	http://example.org/stkg/time	"2026-02-05T22:42:33Z"^^<http://www.w3.org/2001/XMLSchema#dateTime>
http://example.org/stkg/id/obs_rel_T90_K2BlackPanther_20260205T224233Z_362_e_d	http://www.w3.org/1999/02/22-rdf-syntax-ns#type	http://example.org/stkg/id/SpatialRelationObservation
http://example.org/stkg/id/obs_rel_T90_K2BlackPanther_20260205T224233Z_362_e_d	http://example.org/stkg/subjectEntity	http://example.org/stkg/id/platform_T90
http://example.org/stkg/id/obs_rel_T90_K2BlackPanther_20260205T224233Z_362_e_d	http://example.org/stkg/objectEntity	http://example.org/stkg/id/platform_K2BlackPanther
http://example.org/stkg/id/obs_rel_T90_K2BlackPanther_20260205T224233Z_362_e_d	http://example.org/stkg/relationType	http://example.org/stkg/id/relation_behind_of
http://example.org/stkg/id/obs_rel_T90_K2BlackPanther_20260205T224233Z_362_e_d	http://example.org/stkg/time	"2026-02-05T22:42:33Z"^^<http://www.w3.org/2001/XMLSchema#dateTime>
http://example.org/stkg/id/obs_rel_BTR80_T90_20260205T224233Z_362_c_e	http://www.w3.org/1999/02/22-rdf-syntax-ns#type	http://example.org/stkg/id/SpatialRelationObservation
http://example.org/stkg/id/obs_rel_BTR80_T90_20260205T224233Z_362_c_e	http://example.org/stkg/subjectEntity	http://example.org/stkg/id/platform_BTR80
http://example.org/stkg/id/obs_rel_BTR80_T90_20260205T224233Z_362_c_e	http://example.org/stkg/objectEntity	http://example.org/stkg/id/platform_T90
http://example.org/stkg/id/obs_rel_BTR80_T90_20260205T224233Z_362_c_e	http://example.org/stkg/relationType	http://example.org/stkg/id/relation_ahead_of
http://example.org/stkg/id/obs_rel_BTR80_T90_20260205T224233Z_362_c_e	http://example.org/stkg/time	"2026-02-05T22:42:33Z"^^<http://www.w3.org/2001/XMLSchema#dateTime>
http://example.org/stkg/id/obs_rel_T90_BTR80_20260205T224233Z_362_e_c	http://www.w3.org/1999/02/22-rdf-syntax-ns#type	http://example.org/stkg/id/SpatialRelationObservation
http://example.org/stkg/id/obs_rel_T90_BTR80_20260205T224233Z_362_e_c	http://example.org/stkg/subjectEntity	http://example.org/stkg/id/platform_T90
http://example.org/stkg/id/obs_rel_T90_BTR80_20260205T224233Z_362_e_c	http://example.org/stkg/objectEntity	http://example.org/stkg/id/platform_BTR80
http://example.org/stkg/id/obs_rel_T90_BTR80_20260205T224233Z_362_e_c	http://example.org/stkg/relationType	http://example.org/stkg/id/relation_behind_of
http://example.org/stkg/id/obs_rel_T90_BTR80_20260205T224233Z_362_e_c	http://example.org/stkg/time	"2026-02-05T22:42:33Z"^^<http://www.w3.org/2001/XMLSchema#dateTime>
http://example.org/stkg/id/obs_rel_BTR80_K2BlackPanther_20260205T224234Z_363_c_d	http://www.w3.org/1999/02/22-rdf-syntax-ns#type	http://example.org/stkg/id/SpatialRelationObservation
http://example.org/stkg/id/obs_rel_BTR80_K2BlackPanther_20260205T224234Z_363_c_d	http://example.org/stkg/subjectEntity	http://example.org/stkg/id/platform_BTR80
http://example.org/stkg/id/obs_rel_BTR80_K2BlackPanther_20260205T224234Z_363_c_d	http://example.org/stkg/objectEntity	http://example.org/stkg/id/platform_K2BlackPanther
http://example.org/stkg/id/obs_rel_BTR80_K2BlackPanther_20260205T224234Z_363_c_d	http://example.org/stkg/relationType	http://example.org/stkg/id/relation_ahead_of
http://example.org/stkg/id/obs_rel_BTR80_K2BlackPanther_20260205T224234Z_363_c_d	http://example.org/stkg/time	"2026-02-05T22:42:34Z"^^<http://www.w3.org/2001/XMLSchema#dateTime>
http://example.org/stkg/id/obs_rel_K2BlackPanther_BTR80_20260205T224234Z_363_d_c	http://www.w3.org/1999/02/22-rdf-syntax-ns#type	http://example.org/stkg/id/SpatialRelationObservation
http://example.org/stkg/id/obs_rel_K2BlackPanther_BTR80_20260205T224234Z_363_d_c	http://example.org/stkg/subjectEntity	http://example.org/stkg/id/platform_K2BlackPanther
http://example.org/stkg/id/obs_rel_K2BlackPanther_BTR80_20260205T224234Z_363_d_c	http://example.org/stkg/objectEntity	http://example.org/stkg/id/platform_BTR80
http://example.org/stkg/id/obs_rel_K2BlackPanther_BTR80_20260205T224234Z_363_d_c	http://example.org/stkg/relationType	http://example.org/stkg/id/relation_behind_of
http://example.org/stkg/id/obs_rel_K2BlackPanther_BTR80_20260205T224234Z_363_d_c	http://example.org/stkg/time	"2026-02-05T22:42:34Z"^^<http://www.w3.org/2001/XMLSchema#dateTime>
http://example.org/stkg/id/obs_rel_K2BlackPanther_T90_20260205T224234Z_363_d_e	http://www.w3.org/1999/02/22-rdf-syntax-ns#type	http://example.org/stkg/id/SpatialRelationObservation
http://example.org/stkg/id/obs_rel_K2BlackPanther_T90_20260205T224234Z_363_d_e	http://example.org/stkg/subjectEntity	http://example.org/stkg/id/platform_K2BlackPanther
http://example.org/stkg/id/obs_rel_K2BlackPanther_T90_20260205T224234Z_363_d_e	http://example.org/stkg/objectEntity	http://example.org/stkg/id/platform_T90
http://example.org/stkg/id/obs_rel_K2BlackPanther_T90_20260205T224234Z_363_d_e	http://example.org/stkg/relationType	http://example.org/stkg/id/relation_ahead_of
http://example.org/stkg/id/obs_rel_K2BlackPanther_T90_20260205T224234Z_363_d_e	http://example.org/stkg/time	"2026-02-05T22:42:34Z"^^<http://www.w3.org/2001/XMLSchema#dateTime>
http://example.org/stkg/id/obs_rel_T90_K2BlackPanther_20260205T224234Z_363_e_d	http://www.w3.org/1999/02/22-rdf-syntax-ns#type	http://example.org/stkg/id/SpatialRelationObservation
http://example.org/stkg/id/obs_rel_T90_K2BlackPanther_20260205T224234Z_363_e_d	http://example.org/stkg/subjectEntity	http://example.org/stkg/id/platform_T90
http://example.org/stkg/id/obs_rel_T90_K2BlackPanther_20260205T224234Z_363_e_d	http://example.org/stkg/objectEntity	http://example.org/stkg/id/platform_K2BlackPanther
http://example.org/stkg/id/obs_rel_T90_K2BlackPanther_20260205T224234Z_363_e_d	http://example.org/stkg/relationType	http://example.org/stkg/id/relation_behind_of
http://example.org/stkg/id/obs_rel_T90_K2BlackPanther_20260205T224234Z_363_e_d	http://example.org/stkg/time	"2026-02-05T22:42:34Z"^^<http://www.w3.org/2001/XMLSchema#dateTime>
http://example.org/stkg/id/obs_rel_BTR80_T90_20260205T224234Z_363_c_e	http://www.w3.org/1999/02/22-rdf-syntax-ns#type	http://example.org/stkg/id/SpatialRelationObservation
http://example.org/stkg/id/obs_rel_BTR80_T90_20260205T224234Z_363_c_e	http://example.org/stkg/subjectEntity	http://example.org/stkg/id/platform_BTR80
http://example.org/stkg/id/obs_rel_BTR80_T90_20260205T224234Z_363_c_e	http://example.org/stkg/objectEntity	http://example.org/stkg/id/platform_T90
http://example.org/stkg/id/obs_rel_BTR80_T90_20260205T224234Z_363_c_e	http://example.org/stkg/relationType	http://example.org/stkg/id/relation_ahead_of
http://example.org/stkg/id/obs_rel_BTR80_T90_20260205T224234Z_363_c_e	http://example.org/stkg/time	"2026-02-05T22:42:34Z"^^<http://www.w3.org/2001/XMLSchema#dateTime>
http://example.org/stkg/id/obs_rel_T90_BTR80_20260205T224234Z_363_e_c	http://www.w3.org/1999/02/22-rdf-syntax-ns#type	http://example.org/stkg/id/SpatialRelationObservation
http://example.org/stkg/id/obs_rel_T90_BTR80_20260205T224234Z_363_e_c	http://example.org/stkg/subjectEntity	http://example.org/stkg/id/platform_T90
http://example.org/stkg/id/obs_rel_T90_BTR80_20260205T224234Z_363_e_c	http://example.org/stkg/objectEntity	http://example.org/stkg/id/platform_BTR80
http://example.org/stkg/id/obs_rel_T90_BTR80_20260205T224234Z_363_e_c	http://example.org/stkg/relationType	http://example.org/stkg/id/relation_behind_of
http://example.org/stkg/id/obs_rel_T90_BTR80_20260205T224234Z_363_e_c	http://example.org/stkg/time	"2026-02-05T22:42:34Z"^^<http://www.w3.org/2001/XMLSchema#dateTime>
http://example.org/stkg/id/obs_rel_BTR80_K2BlackPanther_20260205T224235Z_364_c_d	http://www.w3.org/1999/02/22-rdf-syntax-ns#type	http://example.org/stkg/id/SpatialRelationObservation
http://example.org/stkg/id/obs_rel_BTR80_K2BlackPanther_20260205T224235Z_364_c_d	http://example.org/stkg/subjectEntity	http://example.org/stkg/id/platform_BTR80
http://example.org/stkg/id/obs_rel_BTR80_K2BlackPanther_20260205T224235Z_364_c_d	http://example.org/stkg/objectEntity	http://example.org/stkg/id/platform_K2BlackPanther
http://example.org/stkg/id/obs_rel_BTR80_K2BlackPanther_20260205T224235Z_364_c_d	http://example.org/stkg/relationType	http://example.org/stkg/id/relation_ahead_of
http://example.org/stkg/id/obs_rel_BTR80_K2BlackPanther_20260205T224235Z_364_c_d	http://example.org/stkg/time	"2026-02-05T22:42:35Z"^^<http://www.w3.org/2001/XMLSchema#dateTime>
http://example.org/stkg/id/obs_rel_K2BlackPanther_BTR80_20260205T224235Z_364_d_c	http://www.w3.org/1999/02/22-rdf-syntax-ns#type	http://example.org/stkg/id/SpatialRelationObservation
http://example.org/stkg/id/obs_rel_K2BlackPanther_BTR80_20260205T224235Z_364_d_c	http://example.org/stkg/subjectEntity	http://example.org/stkg/id/platform_K2BlackPanther
http://example.org/stkg/id/obs_rel_K2BlackPanther_BTR80_20260205T224235Z_364_d_c	http://example.org/stkg/objectEntity	http://example.org/stkg/id/platform_BTR80
http://example.org/stkg/id/obs_rel_K2BlackPanther_BTR80_20260205T224235Z_364_d_c	http://example.org/stkg/relationType	http://example.org/stkg/id/relation_behind_of
http://example.org/stkg/id/obs_rel_K2BlackPanther_BTR80_20260205T224235Z_364_d_c	http://example.org/stkg/time	"2026-02-05T22:42:35Z"^^<http://www.w3.org/2001/XMLSchema#dateTime>
http://example.org/stkg/id/obs_rel_K2BlackPanther_T90_20260205T224235Z_364_d_e	http://www.w3.org/1999/02/22-rdf-syntax-ns#type	http://example.org/stkg/id/SpatialRelationObservation
http://example.org/stkg/id/obs_rel_K2BlackPanther_T90_20260205T224235Z_364_d_e	http://example.org/stkg/subjectEntity	http://example.org/stkg/id/platform_K2BlackPanther
http://example.org/stkg/id/obs_rel_K2BlackPanther_T90_20260205T224235Z_364_d_e	http://example.org/stkg/objectEntity	http://example.org/stkg/id/platform_T90
http://example.org/stkg/id/obs_rel_K2BlackPanther_T90_20260205T224235Z_364_d_e	http://example.org/stkg/relationType	http://example.org/stkg/id/relation_ahead_of
http://example.org/stkg/id/obs_rel_K2BlackPanther_T90_20260205T224235Z_364_d_e	http://example.org/stkg/time	"2026-02-05T22:42:35Z"^^<http://www.w3.org/2001/XMLSchema#dateTime>
http://example.org/stkg/id/obs_rel_T90_K2BlackPanther_20260205T224235Z_364_e_d	http://www.w3.org/1999/02/22-rdf-syntax-ns#type	http://example.org/stkg/id/SpatialRelationObservation
http://example.org/stkg/id/obs_rel_T90_K2BlackPanther_20260205T224235Z_364_e_d	http://example.org/stkg/subjectEntity	http://example.org/stkg/id/platform_T90
http://example.org/stkg/id/obs_rel_T90_K2BlackPanther_20260205T224235Z_364_e_d	http://example.org/stkg/objectEntity	http://example.org/stkg/id/platform_K2BlackPanther
http://example.org/stkg/id/obs_rel_T90_K2BlackPanther_20260205T224235Z_364_e_d	http://example.org/stkg/relationType	http://example.org/stkg/id/relation_behind_of
http://example.org/stkg/id/obs_rel_T90_K2BlackPanther_20260205T224235Z_364_e_d	http://example.org/stkg/time	"2026-02-05T22:42:35Z"^^<http://www.w3.org/2001/XMLSchema#dateTime>
http://example.org/stkg/id/obs_rel_BTR80_T90_20260205T224235Z_364_c_e	http://www.w3.org/1999/02/22-rdf-syntax-ns#type	http://example.org/stkg/id/SpatialRelationObservation
http://example.org/stkg/id/obs_rel_BTR80_T90_20260205T224235Z_364_c_e	http://example.org/stkg/subjectEntity	http://example.org/stkg/id/platform_BTR80
http://example.org/stkg/id/obs_rel_BTR80_T90_20260205T224235Z_364_c_e	http://example.org/stkg/objectEntity	http://example.org/stkg/id/platform_T90
http://example.org/stkg/id/obs_rel_BTR80_T90_20260205T224235Z_364_c_e	http://example.org/stkg/relationType	http://example.org/stkg/id/relation_ahead_of
http://example.org/stkg/id/obs_rel_BTR80_T90_20260205T224235Z_364_c_e	http://example.org/stkg/time	"2026-02-05T22:42:35Z"^^<http://www.w3.org/2001/XMLSchema#dateTime>
http://example.org/stkg/id/obs_rel_T90_BTR80_20260205T224235Z_364_e_c	http://www.w3.org/1999/02/22-rdf-syntax-ns#type	http://example.org/stkg/id/SpatialRelationObservation
http://example.org/stkg/id/obs_rel_T90_BTR80_20260205T224235Z_364_e_c	http://example.org/stkg/subjectEntity	http://example.org/stkg/id/platform_T90
http://example.org/stkg/id/obs_rel_T90_BTR80_20260205T224235Z_364_e_c	http://example.org/stkg/objectEntity	http://example.org/stkg/id/platform_BTR80
http://example.org/stkg/id/obs_rel_T90_BTR80_20260205T224235Z_364_e_c	http://example.org/stkg/relationType	http://example.org/stkg/id/relation_behind_of
http://example.org/stkg/id/obs_rel_T90_BTR80_20260205T224235Z_364_e_c	http://example.org/stkg/time	"2026-02-05T22:42:35Z"^^<http://www.w3.org/2001/XMLSchema#dateTime>
http://example.org/stkg/id/obs_rel_BTR80_K2BlackPanther_20260205T224236Z_365_c_d	http://www.w3.org/1999/02/22-rdf-syntax-ns#type	http://example.org/stkg/id/SpatialRelationObservation
http://example.org/stkg/id/obs_rel_BTR80_K2BlackPanther_20260205T224236Z_365_c_d	http://example.org/stkg/subjectEntity	http://example.org/stkg/id/platform_BTR80
http://example.org/stkg/id/obs_rel_BTR80_K2BlackPanther_20260205T224236Z_365_c_d	http://example.org/stkg/objectEntity	http://example.org/stkg/id/platform_K2BlackPanther
http://example.org/stkg/id/obs_rel_BTR80_K2BlackPanther_20260205T224236Z_365_c_d	http://example.org/stkg/relationType	http://example.org/stkg/id/relation_ahead_of
http://example.org/stkg/id/obs_rel_BTR80_K2BlackPanther_20260205T224236Z_365_c_d	http://example.org/stkg/time	"2026-02-05T22:42:36Z"^^<http://www.w3.org/2001/XMLSchema#dateTime>
http://example.org/stkg/id/obs_rel_K2BlackPanther_BTR80_20260205T224236Z_365_d_c	http://www.w3.org/1999/02/22-rdf-syntax-ns#type	http://example.org/stkg/id/SpatialRelationObservation
http://example.org/stkg/id/obs_rel_K2BlackPanther_BTR80_20260205T224236Z_365_d_c	http://example.org/stkg/subjectEntity	http://example.org/stkg/id/platform_K2BlackPanther
http://example.org/stkg/id/obs_rel_K2BlackPanther_BTR80_20260205T224236Z_365_d_c	http://example.org/stkg/objectEntity	http://example.org/stkg/id/platform_BTR80
http://example.org/stkg/id/obs_rel_K2BlackPanther_BTR80_20260205T224236Z_365_d_c	http://example.org/stkg/relationType	http://example.org/stkg/id/relation_behind_of
http://example.org/stkg/id/obs_rel_K2BlackPanther_BTR80_20260205T224236Z_365_d_c	http://example.org/stkg/time	"2026-02-05T22:42:36Z"^^<http://www.w3.org/2001/XMLSchema#dateTime>
http://example.org/stkg/id/obs_rel_K2BlackPanther_T90_20260205T224236Z_365_d_e	http://www.w3.org/1999/02/22-rdf-syntax-ns#type	http://example.org/stkg/id/SpatialRelationObservation
http://example.org/stkg/id/obs_rel_K2BlackPanther_T90_20260205T224236Z_365_d_e	http://example.org/stkg/subjectEntity	http://example.org/stkg/id/platform_K2BlackPanther
http://example.org/stkg/id/obs_rel_K2BlackPanther_T90_20260205T224236Z_365_d_e	http://example.org/stkg/objectEntity	http://example.org/stkg/id/platform_T90
http://example.org/stkg/id/obs_rel_K2BlackPanther_T90_20260205T224236Z_365_d_e	http://example.org/stkg/relationType	http://example.org/stkg/id/relation_ahead_of
http://example.org/stkg/id/obs_rel_K2BlackPanther_T90_20260205T224236Z_365_d_e	http://example.org/stkg/time	"2026-02-05T22:42:36Z"^^<http://www.w3.org/2001/XMLSchema#dateTime>
http://example.org/stkg/id/obs_rel_T90_K2BlackPanther_20260205T224236Z_365_e_d	http://www.w3.org/1999/02/22-rdf-syntax-ns#type	http://example.org/stkg/id/SpatialRelationObservation
http://example.org/stkg/id/obs_rel_T90_K2BlackPanther_20260205T224236Z_365_e_d	http://example.org/stkg/subjectEntity	http://example.org/stkg/id/platform_T90
http://example.org/stkg/id/obs_rel_T90_K2BlackPanther_20260205T224236Z_365_e_d	http://example.org/stkg/objectEntity	http://example.org/stkg/id/platform_K2BlackPanther
http://example.org/stkg/id/obs_rel_T90_K2BlackPanther_20260205T224236Z_365_e_d	http://example.org/stkg/relationType	http://example.org/stkg/id/relation_behind_of
http://example.org/stkg/id/obs_rel_T90_K2BlackPanther_20260205T224236Z_365_e_d	http://example.org/stkg/time	"2026-02-05T22:42:36Z"^^<http://www.w3.org/2001/XMLSchema#dateTime>
http://example.org/stkg/id/obs_rel_BTR80_T90_20260205T224236Z_365_c_e	http://www.w3.org/1999/02/22-rdf-syntax-ns#type	http://example.org/stkg/id/SpatialRelationObservation
http://example.org/stkg/id/obs_rel_BTR80_T90_20260205T224236Z_365_c_e	http://example.org/stkg/subjectEntity	http://example.org/stkg/id/platform_BTR80
http://example.org/stkg/id/obs_rel_BTR80_T90_20260205T224236Z_365_c_e	http://example.org/stkg/objectEntity	http://example.org/stkg/id/platform_T90
http://example.org/stkg/id/obs_rel_BTR80_T90_20260205T224236Z_365_c_e	http://example.org/stkg/relationType	http://example.org/stkg/id/relation_ahead_of
http://example.org/stkg/id/obs_rel_BTR80_T90_20260205T224236Z_365_c_e	http://example.org/stkg/time	"2026-02-05T22:42:36Z"^^<http://www.w3.org/2001/XMLSchema#dateTime>
http://example.org/stkg/id/obs_rel_T90_BTR80_20260205T224236Z_365_e_c	http://www.w3.org/1999/02/22-rdf-syntax-ns#type	http://example.org/stkg/id/SpatialRelationObservation
http://example.org/stkg/id/obs_rel_T90_BTR80_20260205T224236Z_365_e_c	http://example.org/stkg/subjectEntity	http://example.org/stkg/id/platform_T90
http://example.org/stkg/id/obs_rel_T90_BTR80_20260205T224236Z_365_e_c	http://example.org/stkg/objectEntity	http://example.org/stkg/id/platform_BTR80
http://example.org/stkg/id/obs_rel_T90_BTR80_20260205T224236Z_365_e_c	http://example.org/stkg/relationType	http://example.org/stkg/id/relation_behind_of
http://example.org/stkg/id/obs_rel_T90_BTR80_20260205T224236Z_365_e_c	http://example.org/stkg/time	"2026-02-05T22:42:36Z"^^<http://www.w3.org/2001/XMLSchema#dateTime>
http://example.org/stkg/id/obs_rel_BTR80_K2BlackPanther_20260205T224237Z_366_c_d	http://www.w3.org/1999/02/22-rdf-syntax-ns#type	http://example.org/stkg/id/SpatialRelationObservation
http://example.org/stkg/id/obs_rel_BTR80_K2BlackPanther_20260205T224237Z_366_c_d	http://example.org/stkg/subjectEntity	http://example.org/stkg/id/platform_BTR80
http://example.org/stkg/id/obs_rel_BTR80_K2BlackPanther_20260205T224237Z_366_c_d	http://example.org/stkg/objectEntity	http://example.org/stkg/id/platform_K2BlackPanther
http://example.org/stkg/id/obs_rel_BTR80_K2BlackPanther_20260205T224237Z_366_c_d	http://example.org/stkg/relationType	http://example.org/stkg/id/relation_ahead_of
http://example.org/stkg/id/obs_rel_BTR80_K2BlackPanther_20260205T224237Z_366_c_d	http://example.org/stkg/time	"2026-02-05T22:42:37Z"^^<http://www.w3.org/2001/XMLSchema#dateTime>
http://example.org/stkg/id/obs_rel_K2BlackPanther_BTR80_20260205T224237Z_366_d_c	http://www.w3.org/1999/02/22-rdf-syntax-ns#type	http://example.org/stkg/id/SpatialRelationObservation
http://example.org/stkg/id/obs_rel_K2BlackPanther_BTR80_20260205T224237Z_366_d_c	http://example.org/stkg/subjectEntity	http://example.org/stkg/id/platform_K2BlackPanther
http://example.org/stkg/id/obs_rel_K2BlackPanther_BTR80_20260205T224237Z_366_d_c	http://example.org/stkg/objectEntity	http://example.org/stkg/id/platform_BTR80
http://example.org/stkg/id/obs_rel_K2BlackPanther_BTR80_20260205T224237Z_366_d_c	http://example.org/stkg/relationType	http://example.org/stkg/id/relation_behind_of
http://example.org/stkg/id/obs_rel_K2BlackPanther_BTR80_20260205T224237Z_366_d_c	http://example.org/stkg/time	"2026-02-05T22:42:37Z"^^<http://www.w3.org/2001/XMLSchema#dateTime>
http://example.org/stkg/id/obs_rel_K2BlackPanther_T90_20260205T224237Z_366_d_e	http://www.w3.org/1999/02/22-rdf-syntax-ns#type	http://example.org/stkg/id/SpatialRelationObservation
http://example.org/stkg/id/obs_rel_K2BlackPanther_T90_20260205T224237Z_366_d_e	http://example.org/stkg/subjectEntity	http://example.org/stkg/id/platform_K2BlackPanther
http://example.org/stkg/id/obs_rel_K2BlackPanther_T90_20260205T224237Z_366_d_e	http://example.org/stkg/objectEntity	http://example.org/stkg/id/platform_T90
http://example.org/stkg/id/obs_rel_K2BlackPanther_T90_20260205T224237Z_366_d_e	http://example.org/stkg/relationType	http://example.org/stkg/id/relation_ahead_of
http://example.org/stkg/id/obs_rel_K2BlackPanther_T90_20260205T224237Z_366_d_e	http://example.org/stkg/time	"2026-02-05T22:42:37Z"^^<http://www.w3.org/2001/XMLSchema#dateTime>
http://example.org/stkg/id/obs_rel_T90_K2BlackPanther_20260205T224237Z_366_e_d	http://www.w3.org/1999/02/22-rdf-syntax-ns#type	http://example.org/stkg/id/SpatialRelationObservation
http://example.org/stkg/id/obs_rel_T90_K2BlackPanther_20260205T224237Z_366_e_d	http://example.org/stkg/subjectEntity	http://example.org/stkg/id/platform_T90
http://example.org/stkg/id/obs_rel_T90_K2BlackPanther_20260205T224237Z_366_e_d	http://example.org/stkg/objectEntity	http://example.org/stkg/id/platform_K2BlackPanther
http://example.org/stkg/id/obs_rel_T90_K2BlackPanther_20260205T224237Z_366_e_d	http://example.org/stkg/relationType	http://example.org/stkg/id/relation_behind_of
http://example.org/stkg/id/obs_rel_T90_K2BlackPanther_20260205T224237Z_366_e_d	http://example.org/stkg/time	"2026-02-05T22:42:37Z"^^<http://www.w3.org/2001/XMLSchema#dateTime>
http://example.org/stkg/id/obs_rel_BTR80_T90_20260205T224237Z_366_c_e	http://www.w3.org/1999/02/22-rdf-syntax-ns#type	http://example.org/stkg/id/SpatialRelationObservation
http://example.org/stkg/id/obs_rel_BTR80_T90_20260205T224237Z_366_c_e	http://example.org/stkg/subjectEntity	http://example.org/stkg/id/platform_BTR80
http://example.org/stkg/id/obs_rel_BTR80_T90_20260205T224237Z_366_c_e	http://example.org/stkg/objectEntity	http://example.org/stkg/id/platform_T90
http://example.org/stkg/id/obs_rel_BTR80_T90_20260205T224237Z_366_c_e	http://example.org/stkg/relationType	http://example.org/stkg/id/relation_ahead_of
http://example.org/stkg/id/obs_rel_BTR80_T90_20260205T224237Z_366_c_e	http://example.org/stkg/time	"2026-02-05T22:42:37Z"^^<http://www.w3.org/2001/XMLSchema#dateTime>
http://example.org/stkg/id/obs_rel_T90_BTR80_20260205T224237Z_366_e_c	http://www.w3.org/1999/02/22-rdf-syntax-ns#type	http://example.org/stkg/id/SpatialRelationObservation
http://example.org/stkg/id/obs_rel_T90_BTR80_20260205T224237Z_366_e_c	http://example.org/stkg/subjectEntity	http://example.org/stkg/id/platform_T90
http://example.org/stkg/id/obs_rel_T90_BTR80_20260205T224237Z_366_e_c	http://example.org/stkg/objectEntity	http://example.org/stkg/id/platform_BTR80
http://example.org/stkg/id/obs_rel_T90_BTR80_20260205T224237Z_366_e_c	http://example.org/stkg/relationType	http://example.org/stkg/id/relation_behind_of
http://example.org/stkg/id/obs_rel_T90_BTR80_20260205T224237Z_366_e_c	http://example.org/stkg/time	"2026-02-05T22:42:37Z"^^<http://www.w3.org/2001/XMLSchema#dateTime>
http://example.org/stkg/id/obs_rel_BTR80_K2BlackPanther_20260205T224238Z_367_c_d	http://www.w3.org/1999/02/22-rdf-syntax-ns#type	http://example.org/stkg/id/SpatialRelationObservation
http://example.org/stkg/id/obs_rel_BTR80_K2BlackPanther_20260205T224238Z_367_c_d	http://example.org/stkg/subjectEntity	http://example.org/stkg/id/platform_BTR80
http://example.org/stkg/id/obs_rel_BTR80_K2BlackPanther_20260205T224238Z_367_c_d	http://example.org/stkg/objectEntity	http://example.org/stkg/id/platform_K2BlackPanther
http://example.org/stkg/id/obs_rel_BTR80_K2BlackPanther_20260205T224238Z_367_c_d	http://example.org/stkg/relationType	http://example.org/stkg/id/relation_ahead_of
http://example.org/stkg/id/obs_rel_BTR80_K2BlackPanther_20260205T224238Z_367_c_d	http://example.org/stkg/time	"2026-02-05T22:42:38Z"^^<http://www.w3.org/2001/XMLSchema#dateTime>
http://example.org/stkg/id/obs_rel_K2BlackPanther_BTR80_20260205T224238Z_367_d_c	http://www.w3.org/1999/02/22-rdf-syntax-ns#type	http://example.org/stkg/id/SpatialRelationObservation
http://example.org/stkg/id/obs_rel_K2BlackPanther_BTR80_20260205T224238Z_367_d_c	http://example.org/stkg/subjectEntity	http://example.org/stkg/id/platform_K2BlackPanther
http://example.org/stkg/id/obs_rel_K2BlackPanther_BTR80_20260205T224238Z_367_d_c	http://example.org/stkg/objectEntity	http://example.org/stkg/id/platform_BTR80
http://example.org/stkg/id/obs_rel_K2BlackPanther_BTR80_20260205T224238Z_367_d_c	http://example.org/stkg/relationType	http://example.org/stkg/id/relation_behind_of
http://example.org/stkg/id/obs_rel_K2BlackPanther_BTR80_20260205T224238Z_367_d_c	http://example.org/stkg/time	"2026-02-05T22:42:38Z"^^<http://www.w3.org/2001/XMLSchema#dateTime>
http://example.org/stkg/id/obs_rel_K2BlackPanther_T90_20260205T224238Z_367_d_e	http://www.w3.org/1999/02/22-rdf-syntax-ns#type	http://example.org/stkg/id/SpatialRelationObservation
http://example.org/stkg/id/obs_rel_K2BlackPanther_T90_20260205T224238Z_367_d_e	http://example.org/stkg/subjectEntity	http://example.org/stkg/id/platform_K2BlackPanther
http://example.org/stkg/id/obs_rel_K2BlackPanther_T90_20260205T224238Z_367_d_e	http://example.org/stkg/objectEntity	http://example.org/stkg/id/platform_T90
http://example.org/stkg/id/obs_rel_K2BlackPanther_T90_20260205T224238Z_367_d_e	http://example.org/stkg/relationType	http://example.org/stkg/id/relation_ahead_of
http://example.org/stkg/id/obs_rel_K2BlackPanther_T90_20260205T224238Z_367_d_e	http://example.org/stkg/time	"2026-02-05T22:42:38Z"^^<http://www.w3.org/2001/XMLSchema#dateTime>
http://example.org/stkg/id/obs_rel_T90_K2BlackPanther_20260205T224238Z_367_e_d	http://www.w3.org/1999/02/22-rdf-syntax-ns#type	http://example.org/stkg/id/SpatialRelationObservation
http://example.org/stkg/id/obs_rel_T90_K2BlackPanther_20260205T224238Z_367_e_d	http://example.org/stkg/subjectEntity	http://example.org/stkg/id/platform_T90
http://example.org/stkg/id/obs_rel_T90_K2BlackPanther_20260205T224238Z_367_e_d	http://example.org/stkg/objectEntity	http://example.org/stkg/id/platform_K2BlackPanther
http://example.org/stkg/id/obs_rel_T90_K2BlackPanther_20260205T224238Z_367_e_d	http://example.org/stkg/relationType	http://example.org/stkg/id/relation_behind_of
http://example.org/stkg/id/obs_rel_T90_K2BlackPanther_20260205T224238Z_367_e_d	http://example.org/stkg/time	"2026-02-05T22:42:38Z"^^<http://www.w3.org/2001/XMLSchema#dateTime>
http://example.org/stkg/id/obs_rel_BTR80_T90_20260205T224238Z_367_c_e	http://www.w3.org/1999/02/22-rdf-syntax-ns#type	http://example.org/stkg/id/SpatialRelationObservation
http://example.org/stkg/id/obs_rel_BTR80_T90_20260205T224238Z_367_c_e	http://example.org/stkg/subjectEntity	http://example.org/stkg/id/platform_BTR80
http://example.org/stkg/id/obs_rel_BTR80_T90_20260205T224238Z_367_c_e	http://example.org/stkg/objectEntity	http://example.org/stkg/id/platform_T90
http://example.org/stkg/id/obs_rel_BTR80_T90_20260205T224238Z_367_c_e	http://example.org/stkg/relationType	http://example.org/stkg/id/relation_ahead_of
http://example.org/stkg/id/obs_rel_BTR80_T90_20260205T224238Z_367_c_e	http://example.org/stkg/time	"2026-02-05T22:42:38Z"^^<http://www.w3.org/2001/XMLSchema#dateTime>
http://example.org/stkg/id/obs_rel_T90_BTR80_20260205T224238Z_367_e_c	http://www.w3.org/1999/02/22-rdf-syntax-ns#type	http://example.org/stkg/id/SpatialRelationObservation
http://example.org/stkg/id/obs_rel_T90_BTR80_20260205T224238Z_367_e_c	http://example.org/stkg/subjectEntity	http://example.org/stkg/id/platform_T90
http://example.org/stkg/id/obs_rel_T90_BTR80_20260205T224238Z_367_e_c	http://example.org/stkg/objectEntity	http://example.org/stkg/id/platform_BTR80
http://example.org/stkg/id/obs_rel_T90_BTR80_20260205T224238Z_367_e_c	http://example.org/stkg/relationType	http://example.org/stkg/id/relation_behind_of
http://example.org/stkg/id/obs_rel_T90_BTR80_20260205T224238Z_367_e_c	http://example.org/stkg/time	"2026-02-05T22:42:38Z"^^<http://www.w3.org/2001/XMLSchema#dateTime>
http://example.org/stkg/id/obs_rel_BTR80_K2BlackPanther_20260205T224239Z_368_c_d	http://www.w3.org/1999/02/22-rdf-syntax-ns#type	http://example.org/stkg/id/SpatialRelationObservation
http://example.org/stkg/id/obs_rel_BTR80_K2BlackPanther_20260205T224239Z_368_c_d	http://example.org/stkg/subjectEntity	http://example.org/stkg/id/platform_BTR80
http://example.org/stkg/id/obs_rel_BTR80_K2BlackPanther_20260205T224239Z_368_c_d	http://example.org/stkg/objectEntity	http://example.org/stkg/id/platform_K2BlackPanther
http://example.org/stkg/id/obs_rel_BTR80_K2BlackPanther_20260205T224239Z_368_c_d	http://example.org/stkg/relationType	http://example.org/stkg/id/relation_ahead_of
http://example.org/stkg/id/obs_rel_BTR80_K2BlackPanther_20260205T224239Z_368_c_d	http://example.org/stkg/time	"2026-02-05T22:42:39Z"^^<http://www.w3.org/2001/XMLSchema#dateTime>
http://example.org/stkg/id/obs_rel_K2BlackPanther_BTR80_20260205T224239Z_368_d_c	http://www.w3.org/1999/02/22-rdf-syntax-ns#type	http://example.org/stkg/id/SpatialRelationObservation
http://example.org/stkg/id/obs_rel_K2BlackPanther_BTR80_20260205T224239Z_368_d_c	http://example.org/stkg/subjectEntity	http://example.org/stkg/id/platform_K2BlackPanther
http://example.org/stkg/id/obs_rel_K2BlackPanther_BTR80_20260205T224239Z_368_d_c	http://example.org/stkg/objectEntity	http://example.org/stkg/id/platform_BTR80
http://example.org/stkg/id/obs_rel_K2BlackPanther_BTR80_20260205T224239Z_368_d_c	http://example.org/stkg/relationType	http://example.org/stkg/id/relation_behind_of
http://example.org/stkg/id/obs_rel_K2BlackPanther_BTR80_20260205T224239Z_368_d_c	http://example.org/stkg/time	"2026-02-05T22:42:39Z"^^<http://www.w3.org/2001/XMLSchema#dateTime>
http://example.org/stkg/id/obs_rel_K2BlackPanther_T90_20260205T224239Z_368_d_e	http://www.w3.org/1999/02/22-rdf-syntax-ns#type	http://example.org/stkg/id/SpatialRelationObservation
http://example.org/stkg/id/obs_rel_K2BlackPanther_T90_20260205T224239Z_368_d_e	http://example.org/stkg/subjectEntity	http://example.org/stkg/id/platform_K2BlackPanther
http://example.org/stkg/id/obs_rel_K2BlackPanther_T90_20260205T224239Z_368_d_e	http://example.org/stkg/objectEntity	http://example.org/stkg/id/platform_T90
http://example.org/stkg/id/obs_rel_K2BlackPanther_T90_20260205T224239Z_368_d_e	http://example.org/stkg/relationType	http://example.org/stkg/id/relation_ahead_of
http://example.org/stkg/id/obs_rel_K2BlackPanther_T90_20260205T224239Z_368_d_e	http://example.org/stkg/time	"2026-02-05T22:42:39Z"^^<http://www.w3.org/2001/XMLSchema#dateTime>
http://example.org/stkg/id/obs_rel_T90_K2BlackPanther_20260205T224239Z_368_e_d	http://www.w3.org/1999/02/22-rdf-syntax-ns#type	http://example.org/stkg/id/SpatialRelationObservation
http://example.org/stkg/id/obs_rel_T90_K2BlackPanther_20260205T224239Z_368_e_d	http://example.org/stkg/subjectEntity	http://example.org/stkg/id/platform_T90
http://example.org/stkg/id/obs_rel_T90_K2BlackPanther_20260205T224239Z_368_e_d	http://example.org/stkg/objectEntity	http://example.org/stkg/id/platform_K2BlackPanther
http://example.org/stkg/id/obs_rel_T90_K2BlackPanther_20260205T224239Z_368_e_d	http://example.org/stkg/relationType	http://example.org/stkg/id/relation_behind_of
http://example.org/stkg/id/obs_rel_T90_K2BlackPanther_20260205T224239Z_368_e_d	http://example.org/stkg/time	"2026-02-05T22:42:39Z"^^<http://www.w3.org/2001/XMLSchema#dateTime>
http://example.org/stkg/id/obs_rel_BTR80_T90_20260205T224239Z_368_c_e	http://www.w3.org/1999/02/22-rdf-syntax-ns#type	http://example.org/stkg/id/SpatialRelationObservation
http://example.org/stkg/id/obs_rel_BTR80_T90_20260205T224239Z_368_c_e	http://example.org/stkg/subjectEntity	http://example.org/stkg/id/platform_BTR80
http://example.org/stkg/id/obs_rel_BTR80_T90_20260205T224239Z_368_c_e	http://example.org/stkg/objectEntity	http://example.org/stkg/id/platform_T90
http://example.org/stkg/id/obs_rel_BTR80_T90_20260205T224239Z_368_c_e	http://example.org/stkg/relationType	http://example.org/stkg/id/relation_ahead_of
http://example.org/stkg/id/obs_rel_BTR80_T90_20260205T224239Z_368_c_e	http://example.org/stkg/time	"2026-02-05T22:42:39Z"^^<http://www.w3.org/2001/XMLSchema#dateTime>
http://example.org/stkg/id/obs_rel_T90_BTR80_20260205T224239Z_368_e_c	http://www.w3.org/1999/02/22-rdf-syntax-ns#type	http://example.org/stkg/id/SpatialRelationObservation
http://example.org/stkg/id/obs_rel_T90_BTR80_20260205T224239Z_368_e_c	http://example.org/stkg/subjectEntity	http://example.org/stkg/id/platform_T90
http://example.org/stkg/id/obs_rel_T90_BTR80_20260205T224239Z_368_e_c	http://example.org/stkg/objectEntity	http://example.org/stkg/id/platform_BTR80
http://example.org/stkg/id/obs_rel_T90_BTR80_20260205T224239Z_368_e_c	http://example.org/stkg/relationType	http://example.org/stkg/id/relation_behind_of
http://example.org/stkg/id/obs_rel_T90_BTR80_20260205T224239Z_368_e_c	http://example.org/stkg/time	"2026-02-05T22:42:39Z"^^<http://www.w3.org/2001/XMLSchema#dateTime>
http://example.org/stkg/id/obs_rel_BTR80_K2BlackPanther_20260205T224240Z_369_c_d	http://www.w3.org/1999/02/22-rdf-syntax-ns#type	http://example.org/stkg/id/SpatialRelationObservation
http://example.org/stkg/id/obs_rel_BTR80_K2BlackPanther_20260205T224240Z_369_c_d	http://example.org/stkg/subjectEntity	http://example.org/stkg/id/platform_BTR80
http://example.org/stkg/id/obs_rel_BTR80_K2BlackPanther_20260205T224240Z_369_c_d	http://example.org/stkg/objectEntity	http://example.org/stkg/id/platform_K2BlackPanther
http://example.org/stkg/id/obs_rel_BTR80_K2BlackPanther_20260205T224240Z_369_c_d	http://example.org/stkg/relationType	http://example.org/stkg/id/relation_ahead_of
http://example.org/stkg/id/obs_rel_BTR80_K2BlackPanther_20260205T224240Z_369_c_d	http://example.org/stkg/time	"2026-02-05T22:42:40Z"^^<http://www.w3.org/2001/XMLSchema#dateTime>
http://example.org/stkg/id/obs_rel_K2BlackPanther_BTR80_20260205T224240Z_369_d_c	http://www.w3.org/1999/02/22-rdf-syntax-ns#type	http://example.org/stkg/id/SpatialRelationObservation
http://example.org/stkg/id/obs_rel_K2BlackPanther_BTR80_20260205T224240Z_369_d_c	http://example.org/stkg/subjectEntity	http://example.org/stkg/id/platform_K2BlackPanther
http://example.org/stkg/id/obs_rel_K2BlackPanther_BTR80_20260205T224240Z_369_d_c	http://example.org/stkg/objectEntity	http://example.org/stkg/id/platform_BTR80
http://example.org/stkg/id/obs_rel_K2BlackPanther_BTR80_20260205T224240Z_369_d_c	http://example.org/stkg/relationType	http://example.org/stkg/id/relation_behind_of
http://example.org/stkg/id/obs_rel_K2BlackPanther_BTR80_20260205T224240Z_369_d_c	http://example.org/stkg/time	"2026-02-05T22:42:40Z"^^<http://www.w3.org/2001/XMLSchema#dateTime>
http://example.org/stkg/id/obs_rel_K2BlackPanther_T90_20260205T224240Z_369_d_e	http://www.w3.org/1999/02/22-rdf-syntax-ns#type	http://example.org/stkg/id/SpatialRelationObservation
http://example.org/stkg/id/obs_rel_K2BlackPanther_T90_20260205T224240Z_369_d_e	http://example.org/stkg/subjectEntity	http://example.org/stkg/id/platform_K2BlackPanther
http://example.org/stkg/id/obs_rel_K2BlackPanther_T90_20260205T224240Z_369_d_e	http://example.org/stkg/objectEntity	http://example.org/stkg/id/platform_T90
http://example.org/stkg/id/obs_rel_K2BlackPanther_T90_20260205T224240Z_369_d_e	http://example.org/stkg/relationType	http://example.org/stkg/id/relation_ahead_of
http://example.org/stkg/id/obs_rel_K2BlackPanther_T90_20260205T224240Z_369_d_e	http://example.org/stkg/time	"2026-02-05T22:42:40Z"^^<http://www.w3.org/2001/XMLSchema#dateTime>
http://example.org/stkg/id/obs_rel_T90_K2BlackPanther_20260205T224240Z_369_e_d	http://www.w3.org/1999/02/22-rdf-syntax-ns#type	http://example.org/stkg/id/SpatialRelationObservation
http://example.org/stkg/id/obs_rel_T90_K2BlackPanther_20260205T224240Z_369_e_d	http://example.org/stkg/subjectEntity	http://example.org/stkg/id/platform_T90
http://example.org/stkg/id/obs_rel_T90_K2BlackPanther_20260205T224240Z_369_e_d	http://example.org/stkg/objectEntity	http://example.org/stkg/id/platform_K2BlackPanther
http://example.org/stkg/id/obs_rel_T90_K2BlackPanther_20260205T224240Z_369_e_d	http://example.org/stkg/relationType	http://example.org/stkg/id/relation_behind_of
http://example.org/stkg/id/obs_rel_T90_K2BlackPanther_20260205T224240Z_369_e_d	http://example.org/stkg/time	"2026-02-05T22:42:40Z"^^<http://www.w3.org/2001/XMLSchema#dateTime>
http://example.org/stkg/id/obs_rel_BTR80_T90_20260205T224240Z_369_c_e	http://www.w3.org/1999/02/22-rdf-syntax-ns#type	http://example.org/stkg/id/SpatialRelationObservation
http://example.org/stkg/id/obs_rel_BTR80_T90_20260205T224240Z_369_c_e	http://example.org/stkg/subjectEntity	http://example.org/stkg/id/platform_BTR80
http://example.org/stkg/id/obs_rel_BTR80_T90_20260205T224240Z_369_c_e	http://example.org/stkg/objectEntity	http://example.org/stkg/id/platform_T90
http://example.org/stkg/id/obs_rel_BTR80_T90_20260205T224240Z_369_c_e	http://example.org/stkg/relationType	http://example.org/stkg/id/relation_ahead_of
http://example.org/stkg/id/obs_rel_BTR80_T90_20260205T224240Z_369_c_e	http://example.org/stkg/time	"2026-02-05T22:42:40Z"^^<http://www.w3.org/2001/XMLSchema#dateTime>
http://example.org/stkg/id/obs_rel_T90_BTR80_20260205T224240Z_369_e_c	http://www.w3.org/1999/02/22-rdf-syntax-ns#type	http://example.org/stkg/id/SpatialRelationObservation
http://example.org/stkg/id/obs_rel_T90_BTR80_20260205T224240Z_369_e_c	http://example.org/stkg/subjectEntity	http://example.org/stkg/id/platform_T90
http://example.org/stkg/id/obs_rel_T90_BTR80_20260205T224240Z_369_e_c	http://example.org/stkg/objectEntity	http://example.org/stkg/id/platform_BTR80
http://example.org/stkg/id/obs_rel_T90_BTR80_20260205T224240Z_369_e_c	http://example.org/stkg/relationType	http://example.org/stkg/id/relation_behind_of
http://example.org/stkg/id/obs_rel_T90_BTR80_20260205T224240Z_369_e_c	http://example.org/stkg/time	"2026-02-05T22:42:40Z"^^<http://www.w3.org/2001/XMLSchema#dateTime>
http://example.org/stkg/id/obs_rel_BTR80_K2BlackPanther_20260205T224241Z_370_c_d	http://www.w3.org/1999/02/22-rdf-syntax-ns#type	http://example.org/stkg/id/SpatialRelationObservation
http://example.org/stkg/id/obs_rel_BTR80_K2BlackPanther_20260205T224241Z_370_c_d	http://example.org/stkg/subjectEntity	http://example.org/stkg/id/platform_BTR80
http://example.org/stkg/id/obs_rel_BTR80_K2BlackPanther_20260205T224241Z_370_c_d	http://example.org/stkg/objectEntity	http://example.org/stkg/id/platform_K2BlackPanther
http://example.org/stkg/id/obs_rel_BTR80_K2BlackPanther_20260205T224241Z_370_c_d	http://example.org/stkg/relationType	http://example.org/stkg/id/relation_ahead_of
http://example.org/stkg/id/obs_rel_BTR80_K2BlackPanther_20260205T224241Z_370_c_d	http://example.org/stkg/time	"2026-02-05T22:42:41Z"^^<http://www.w3.org/2001/XMLSchema#dateTime>
http://example.org/stkg/id/obs_rel_K2BlackPanther_BTR80_20260205T224241Z_370_d_c	http://www.w3.org/1999/02/22-rdf-syntax-ns#type	http://example.org/stkg/id/SpatialRelationObservation
http://example.org/stkg/id/obs_rel_K2BlackPanther_BTR80_20260205T224241Z_370_d_c	http://example.org/stkg/subjectEntity	http://example.org/stkg/id/platform_K2BlackPanther
http://example.org/stkg/id/obs_rel_K2BlackPanther_BTR80_20260205T224241Z_370_d_c	http://example.org/stkg/objectEntity	http://example.org/stkg/id/platform_BTR80
http://example.org/stkg/id/obs_rel_K2BlackPanther_BTR80_20260205T224241Z_370_d_c	http://example.org/stkg/relationType	http://example.org/stkg/id/relation_behind_of
http://example.org/stkg/id/obs_rel_K2BlackPanther_BTR80_20260205T224241Z_370_d_c	http://example.org/stkg/time	"2026-02-05T22:42:41Z"^^<http://www.w3.org/2001/XMLSchema#dateTime>
http://example.org/stkg/id/obs_rel_K2BlackPanther_T90_20260205T224241Z_370_d_e	http://www.w3.org/1999/02/22-rdf-syntax-ns#type	http://example.org/stkg/id/SpatialRelationObservation
http://example.org/stkg/id/obs_rel_K2BlackPanther_T90_20260205T224241Z_370_d_e	http://example.org/stkg/subjectEntity	http://example.org/stkg/id/platform_K2BlackPanther
http://example.org/stkg/id/obs_rel_K2BlackPanther_T90_20260205T224241Z_370_d_e	http://example.org/stkg/objectEntity	http://example.org/stkg/id/platform_T90
http://example.org/stkg/id/obs_rel_K2BlackPanther_T90_20260205T224241Z_370_d_e	http://example.org/stkg/relationType	http://example.org/stkg/id/relation_ahead_of
http://example.org/stkg/id/obs_rel_K2BlackPanther_T90_20260205T224241Z_370_d_e	http://example.org/stkg/time	"2026-02-05T22:42:41Z"^^<http://www.w3.org/2001/XMLSchema#dateTime>
http://example.org/stkg/id/obs_rel_T90_K2BlackPanther_20260205T224241Z_370_e_d	http://www.w3.org/1999/02/22-rdf-syntax-ns#type	http://example.org/stkg/id/SpatialRelationObservation
http://example.org/stkg/id/obs_rel_T90_K2BlackPanther_20260205T224241Z_370_e_d	http://example.org/stkg/subjectEntity	http://example.org/stkg/id/platform_T90
http://example.org/stkg/id/obs_rel_T90_K2BlackPanther_20260205T224241Z_370_e_d	http://example.org/stkg/objectEntity	http://example.org/stkg/id/platform_K2BlackPanther
http://example.org/stkg/id/obs_rel_T90_K2BlackPanther_20260205T224241Z_370_e_d	http://example.org/stkg/relationType	http://example.org/stkg/id/relation_behind_of
http://example.org/stkg/id/obs_rel_T90_K2BlackPanther_20260205T224241Z_370_e_d	http://example.org/stkg/time	"2026-02-05T22:42:41Z"^^<http://www.w3.org/2001/XMLSchema#dateTime>
http://example.org/stkg/id/obs_rel_BTR80_T90_20260205T224241Z_370_c_e	http://www.w3.org/1999/02/22-rdf-syntax-ns#type	http://example.org/stkg/id/SpatialRelationObservation
http://example.org/stkg/id/obs_rel_BTR80_T90_20260205T224241Z_370_c_e	http://example.org/stkg/subjectEntity	http://example.org/stkg/id/platform_BTR80
http://example.org/stkg/id/obs_rel_BTR80_T90_20260205T224241Z_370_c_e	http://example.org/stkg/objectEntity	http://example.org/stkg/id/platform_T90
http://example.org/stkg/id/obs_rel_BTR80_T90_20260205T224241Z_370_c_e	http://example.org/stkg/relationType	http://example.org/stkg/id/relation_ahead_of
http://example.org/stkg/id/obs_rel_BTR80_T90_20260205T224241Z_370_c_e	http://example.org/stkg/time	"2026-02-05T22:42:41Z"^^<http://www.w3.org/2001/XMLSchema#dateTime>
http://example.org/stkg/id/obs_rel_T90_BTR80_20260205T224241Z_370_e_c	http://www.w3.org/1999/02/22-rdf-syntax-ns#type	http://example.org/stkg/id/SpatialRelationObservation
http://example.org/stkg/id/obs_rel_T90_BTR80_20260205T224241Z_370_e_c	http://example.org/stkg/subjectEntity	http://example.org/stkg/id/platform_T90
http://example.org/stkg/id/obs_rel_T90_BTR80_20260205T224241Z_370_e_c	http://example.org/stkg/objectEntity	http://example.org/stkg/id/platform_BTR80
http://example.org/stkg/id/obs_rel_T90_BTR80_20260205T224241Z_370_e_c	http://example.org/stkg/relationType	http://example.org/stkg/id/relation_behind_of
http://example.org/stkg/id/obs_rel_T90_BTR80_20260205T224241Z_370_e_c	http://example.org/stkg/time	"2026-02-05T22:42:41Z"^^<http://www.w3.org/2001/XMLSchema#dateTime>
http://example.org/stkg/id/obs_rel_BTR80_K2BlackPanther_20260205T224242Z_371_c_d	http://www.w3.org/1999/02/22-rdf-syntax-ns#type	http://example.org/stkg/id/SpatialRelationObservation
http://example.org/stkg/id/obs_rel_BTR80_K2BlackPanther_20260205T224242Z_371_c_d	http://example.org/stkg/subjectEntity	http://example.org/stkg/id/platform_BTR80
http://example.org/stkg/id/obs_rel_BTR80_K2BlackPanther_20260205T224242Z_371_c_d	http://example.org/stkg/objectEntity	http://example.org/stkg/id/platform_K2BlackPanther
http://example.org/stkg/id/obs_rel_BTR80_K2BlackPanther_20260205T224242Z_371_c_d	http://example.org/stkg/relationType	http://example.org/stkg/id/relation_ahead_of
http://example.org/stkg/id/obs_rel_BTR80_K2BlackPanther_20260205T224242Z_371_c_d	http://example.org/stkg/time	"2026-02-05T22:42:42Z"^^<http://www.w3.org/2001/XMLSchema#dateTime>
http://example.org/stkg/id/obs_rel_K2BlackPanther_BTR80_20260205T224242Z_371_d_c	http://www.w3.org/1999/02/22-rdf-syntax-ns#type	http://example.org/stkg/id/SpatialRelationObservation
http://example.org/stkg/id/obs_rel_K2BlackPanther_BTR80_20260205T224242Z_371_d_c	http://example.org/stkg/subjectEntity	http://example.org/stkg/id/platform_K2BlackPanther
http://example.org/stkg/id/obs_rel_K2BlackPanther_BTR80_20260205T224242Z_371_d_c	http://example.org/stkg/objectEntity	http://example.org/stkg/id/platform_BTR80
http://example.org/stkg/id/obs_rel_K2BlackPanther_BTR80_20260205T224242Z_371_d_c	http://example.org/stkg/relationType	http://example.org/stkg/id/relation_behind_of
http://example.org/stkg/id/obs_rel_K2BlackPanther_BTR80_20260205T224242Z_371_d_c	http://example.org/stkg/time	"2026-02-05T22:42:42Z"^^<http://www.w3.org/2001/XMLSchema#dateTime>
http://example.org/stkg/id/obs_rel_K2BlackPanther_T90_20260205T224242Z_371_d_e	http://www.w3.org/1999/02/22-rdf-syntax-ns#type	http://example.org/stkg/id/SpatialRelationObservation
http://example.org/stkg/id/obs_rel_K2BlackPanther_T90_20260205T224242Z_371_d_e	http://example.org/stkg/subjectEntity	http://example.org/stkg/id/platform_K2BlackPanther
http://example.org/stkg/id/obs_rel_K2BlackPanther_T90_20260205T224242Z_371_d_e	http://example.org/stkg/objectEntity	http://example.org/stkg/id/platform_T90
http://example.org/stkg/id/obs_rel_K2BlackPanther_T90_20260205T224242Z_371_d_e	http://example.org/stkg/relationType	http://example.org/stkg/id/relation_ahead_of
http://example.org/stkg/id/obs_rel_K2BlackPanther_T90_20260205T224242Z_371_d_e	http://example.org/stkg/time	"2026-02-05T22:42:42Z"^^<http://www.w3.org/2001/XMLSchema#dateTime>
http://example.org/stkg/id/obs_rel_T90_K2BlackPanther_20260205T224242Z_371_e_d	http://www.w3.org/1999/02/22-rdf-syntax-ns#type	http://example.org/stkg/id/SpatialRelationObservation
http://example.org/stkg/id/obs_rel_T90_K2BlackPanther_20260205T224242Z_371_e_d	http://example.org/stkg/subjectEntity	http://example.org/stkg/id/platform_T90
http://example.org/stkg/id/obs_rel_T90_K2BlackPanther_20260205T224242Z_371_e_d	http://example.org/stkg/objectEntity	http://example.org/stkg/id/platform_K2BlackPanther
http://example.org/stkg/id/obs_rel_T90_K2BlackPanther_20260205T224242Z_371_e_d	http://example.org/stkg/relationType	http://example.org/stkg/id/relation_behind_of
http://example.org/stkg/id/obs_rel_T90_K2BlackPanther_20260205T224242Z_371_e_d	http://example.org/stkg/time	"2026-02-05T22:42:42Z"^^<http://www.w3.org/2001/XMLSchema#dateTime>
http://example.org/stkg/id/obs_rel_BTR80_T90_20260205T224242Z_371_c_e	http://www.w3.org/1999/02/22-rdf-syntax-ns#type	http://example.org/stkg/id/SpatialRelationObservation
http://example.org/stkg/id/obs_rel_BTR80_T90_20260205T224242Z_371_c_e	http://example.org/stkg/subjectEntity	http://example.org/stkg/id/platform_BTR80
http://example.org/stkg/id/obs_rel_BTR80_T90_20260205T224242Z_371_c_e	http://example.org/stkg/objectEntity	http://example.org/stkg/id/platform_T90
http://example.org/stkg/id/obs_rel_BTR80_T90_20260205T224242Z_371_c_e	http://example.org/stkg/relationType	http://example.org/stkg/id/relation_ahead_of
http://example.org/stkg/id/obs_rel_BTR80_T90_20260205T224242Z_371_c_e	http://example.org/stkg/time	"2026-02-05T22:42:42Z"^^<http://www.w3.org/2001/XMLSchema#dateTime>
http://example.org/stkg/id/obs_rel_T90_BTR80_20260205T224242Z_371_e_c	http://www.w3.org/1999/02/22-rdf-syntax-ns#type	http://example.org/stkg/id/SpatialRelationObservation
http://example.org/stkg/id/obs_rel_T90_BTR80_20260205T224242Z_371_e_c	http://example.org/stkg/subjectEntity	http://example.org/stkg/id/platform_T90
http://example.org/stkg/id/obs_rel_T90_BTR80_20260205T224242Z_371_e_c	http://example.org/stkg/objectEntity	http://example.org/stkg/id/platform_BTR80
http://example.org/stkg/id/obs_rel_T90_BTR80_20260205T224242Z_371_e_c	http://example.org/stkg/relationType	http://example.org/stkg/id/relation_behind_of
http://example.org/stkg/id/obs_rel_T90_BTR80_20260205T224242Z_371_e_c	http://example.org/stkg/time	"2026-02-05T22:42:42Z"^^<http://www.w3.org/2001/XMLSchema#dateTime>
http://example.org/stkg/id/obs_rel_BTR80_K2BlackPanther_20260205T224243Z_372_c_d	http://www.w3.org/1999/02/22-rdf-syntax-ns#type	http://example.org/stkg/id/SpatialRelationObservation
http://example.org/stkg/id/obs_rel_BTR80_K2BlackPanther_20260205T224243Z_372_c_d	http://example.org/stkg/subjectEntity	http://example.org/stkg/id/platform_BTR80
http://example.org/stkg/id/obs_rel_BTR80_K2BlackPanther_20260205T224243Z_372_c_d	http://example.org/stkg/objectEntity	http://example.org/stkg/id/platform_K2BlackPanther
http://example.org/stkg/id/obs_rel_BTR80_K2BlackPanther_20260205T224243Z_372_c_d	http://example.org/stkg/relationType	http://example.org/stkg/id/relation_ahead_of
http://example.org/stkg/id/obs_rel_BTR80_K2BlackPanther_20260205T224243Z_372_c_d	http://example.org/stkg/time	"2026-02-05T22:42:43Z"^^<http://www.w3.org/2001/XMLSchema#dateTime>
http://example.org/stkg/id/obs_rel_K2BlackPanther_BTR80_20260205T224243Z_372_d_c	http://www.w3.org/1999/02/22-rdf-syntax-ns#type	http://example.org/stkg/id/SpatialRelationObservation
http://example.org/stkg/id/obs_rel_K2BlackPanther_BTR80_20260205T224243Z_372_d_c	http://example.org/stkg/subjectEntity	http://example.org/stkg/id/platform_K2BlackPanther
http://example.org/stkg/id/obs_rel_K2BlackPanther_BTR80_20260205T224243Z_372_d_c	http://example.org/stkg/objectEntity	http://example.org/stkg/id/platform_BTR80
http://example.org/stkg/id/obs_rel_K2BlackPanther_BTR80_20260205T224243Z_372_d_c	http://example.org/stkg/relationType	http://example.org/stkg/id/relation_behind_of
http://example.org/stkg/id/obs_rel_K2BlackPanther_BTR80_20260205T224243Z_372_d_c	http://example.org/stkg/time	"2026-02-05T22:42:43Z"^^<http://www.w3.org/2001/XMLSchema#dateTime>
http://example.org/stkg/id/obs_rel_K2BlackPanther_T90_20260205T224243Z_372_d_e	http://www.w3.org/1999/02/22-rdf-syntax-ns#type	http://example.org/stkg/id/SpatialRelationObservation
http://example.org/stkg/id/obs_rel_K2BlackPanther_T90_20260205T224243Z_372_d_e	http://example.org/stkg/subjectEntity	http://example.org/stkg/id/platform_K2BlackPanther
http://example.org/stkg/id/obs_rel_K2BlackPanther_T90_20260205T224243Z_372_d_e	http://example.org/stkg/objectEntity	http://example.org/stkg/id/platform_T90
http://example.org/stkg/id/obs_rel_K2BlackPanther_T90_20260205T224243Z_372_d_e	http://example.org/stkg/relationType	http://example.org/stkg/id/relation_ahead_of
http://example.org/stkg/id/obs_rel_K2BlackPanther_T90_20260205T224243Z_372_d_e	http://example.org/stkg/time	"2026-02-05T22:42:43Z"^^<http://www.w3.org/2001/XMLSchema#dateTime>
http://example.org/stkg/id/obs_rel_T90_K2BlackPanther_20260205T224243Z_372_e_d	http://www.w3.org/1999/02/22-rdf-syntax-ns#type	http://example.org/stkg/id/SpatialRelationObservation
http://example.org/stkg/id/obs_rel_T90_K2BlackPanther_20260205T224243Z_372_e_d	http://example.org/stkg/subjectEntity	http://example.org/stkg/id/platform_T90
http://example.org/stkg/id/obs_rel_T90_K2BlackPanther_20260205T224243Z_372_e_d	http://example.org/stkg/objectEntity	http://example.org/stkg/id/platform_K2BlackPanther
http://example.org/stkg/id/obs_rel_T90_K2BlackPanther_20260205T224243Z_372_e_d	http://example.org/stkg/relationType	http://example.org/stkg/id/relation_behind_of
http://example.org/stkg/id/obs_rel_T90_K2BlackPanther_20260205T224243Z_372_e_d	http://example.org/stkg/time	"2026-02-05T22:42:43Z"^^<http://www.w3.org/2001/XMLSchema#dateTime>
http://example.org/stkg/id/obs_rel_BTR80_T90_20260205T224243Z_372_c_e	http://www.w3.org/1999/02/22-rdf-syntax-ns#type	http://example.org/stkg/id/SpatialRelationObservation
http://example.org/stkg/id/obs_rel_BTR80_T90_20260205T224243Z_372_c_e	http://example.org/stkg/subjectEntity	http://example.org/stkg/id/platform_BTR80
http://example.org/stkg/id/obs_rel_BTR80_T90_20260205T224243Z_372_c_e	http://example.org/stkg/objectEntity	http://example.org/stkg/id/platform_T90
http://example.org/stkg/id/obs_rel_BTR80_T90_20260205T224243Z_372_c_e	http://example.org/stkg/relationType	http://example.org/stkg/id/relation_ahead_of
http://example.org/stkg/id/obs_rel_BTR80_T90_20260205T224243Z_372_c_e	http://example.org/stkg/time	"2026-02-05T22:42:43Z"^^<http://www.w3.org/2001/XMLSchema#dateTime>
http://example.org/stkg/id/obs_rel_T90_BTR80_20260205T224243Z_372_e_c	http://www.w3.org/1999/02/22-rdf-syntax-ns#type	http://example.org/stkg/id/SpatialRelationObservation
http://example.org/stkg/id/obs_rel_T90_BTR80_20260205T224243Z_372_e_c	http://example.org/stkg/subjectEntity	http://example.org/stkg/id/platform_T90
http://example.org/stkg/id/obs_rel_T90_BTR80_20260205T224243Z_372_e_c	http://example.org/stkg/objectEntity	http://example.org/stkg/id/platform_BTR80
http://example.org/stkg/id/obs_rel_T90_BTR80_20260205T224243Z_372_e_c	http://example.org/stkg/relationType	http://example.org/stkg/id/relation_behind_of
http://example.org/stkg/id/obs_rel_T90_BTR80_20260205T224243Z_372_e_c	http://example.org/stkg/time	"2026-02-05T22:42:43Z"^^<http://www.w3.org/2001/XMLSchema#dateTime>
http://example.org/stkg/id/obs_rel_BTR80_K2BlackPanther_20260205T224244Z_373_c_d	http://www.w3.org/1999/02/22-rdf-syntax-ns#type	http://example.org/stkg/id/SpatialRelationObservation
http://example.org/stkg/id/obs_rel_BTR80_K2BlackPanther_20260205T224244Z_373_c_d	http://example.org/stkg/subjectEntity	http://example.org/stkg/id/platform_BTR80
http://example.org/stkg/id/obs_rel_BTR80_K2BlackPanther_20260205T224244Z_373_c_d	http://example.org/stkg/objectEntity	http://example.org/stkg/id/platform_K2BlackPanther
http://example.org/stkg/id/obs_rel_BTR80_K2BlackPanther_20260205T224244Z_373_c_d	http://example.org/stkg/relationType	http://example.org/stkg/id/relation_ahead_of
http://example.org/stkg/id/obs_rel_BTR80_K2BlackPanther_20260205T224244Z_373_c_d	http://example.org/stkg/time	"2026-02-05T22:42:44Z"^^<http://www.w3.org/2001/XMLSchema#dateTime>
http://example.org/stkg/id/obs_rel_K2BlackPanther_BTR80_20260205T224244Z_373_d_c	http://www.w3.org/1999/02/22-rdf-syntax-ns#type	http://example.org/stkg/id/SpatialRelationObservation
http://example.org/stkg/id/obs_rel_K2BlackPanther_BTR80_20260205T224244Z_373_d_c	http://example.org/stkg/subjectEntity	http://example.org/stkg/id/platform_K2BlackPanther
http://example.org/stkg/id/obs_rel_K2BlackPanther_BTR80_20260205T224244Z_373_d_c	http://example.org/stkg/objectEntity	http://example.org/stkg/id/platform_BTR80
http://example.org/stkg/id/obs_rel_K2BlackPanther_BTR80_20260205T224244Z_373_d_c	http://example.org/stkg/relationType	http://example.org/stkg/id/relation_behind_of
http://example.org/stkg/id/obs_rel_K2BlackPanther_BTR80_20260205T224244Z_373_d_c	http://example.org/stkg/time	"2026-02-05T22:42:44Z"^^<http://www.w3.org/2001/XMLSchema#dateTime>
http://example.org/stkg/id/obs_rel_K2BlackPanther_T90_20260205T224244Z_373_d_e	http://www.w3.org/1999/02/22-rdf-syntax-ns#type	http://example.org/stkg/id/SpatialRelationObservation
http://example.org/stkg/id/obs_rel_K2BlackPanther_T90_20260205T224244Z_373_d_e	http://example.org/stkg/subjectEntity	http://example.org/stkg/id/platform_K2BlackPanther
http://example.org/stkg/id/obs_rel_K2BlackPanther_T90_20260205T224244Z_373_d_e	http://example.org/stkg/objectEntity	http://example.org/stkg/id/platform_T90
http://example.org/stkg/id/obs_rel_K2BlackPanther_T90_20260205T224244Z_373_d_e	http://example.org/stkg/relationType	http://example.org/stkg/id/relation_ahead_of
http://example.org/stkg/id/obs_rel_K2BlackPanther_T90_20260205T224244Z_373_d_e	http://example.org/stkg/time	"2026-02-05T22:42:44Z"^^<http://www.w3.org/2001/XMLSchema#dateTime>
http://example.org/stkg/id/obs_rel_T90_K2BlackPanther_20260205T224244Z_373_e_d	http://www.w3.org/1999/02/22-rdf-syntax-ns#type	http://example.org/stkg/id/SpatialRelationObservation
http://example.org/stkg/id/obs_rel_T90_K2BlackPanther_20260205T224244Z_373_e_d	http://example.org/stkg/subjectEntity	http://example.org/stkg/id/platform_T90
http://example.org/stkg/id/obs_rel_T90_K2BlackPanther_20260205T224244Z_373_e_d	http://example.org/stkg/objectEntity	http://example.org/stkg/id/platform_K2BlackPanther
http://example.org/stkg/id/obs_rel_T90_K2BlackPanther_20260205T224244Z_373_e_d	http://example.org/stkg/relationType	http://example.org/stkg/id/relation_behind_of
http://example.org/stkg/id/obs_rel_T90_K2BlackPanther_20260205T224244Z_373_e_d	http://example.org/stkg/time	"2026-02-05T22:42:44Z"^^<http://www.w3.org/2001/XMLSchema#dateTime>
http://example.org/stkg/id/obs_rel_BTR80_T90_20260205T224244Z_373_c_e	http://www.w3.org/1999/02/22-rdf-syntax-ns#type	http://example.org/stkg/id/SpatialRelationObservation
http://example.org/stkg/id/obs_rel_BTR80_T90_20260205T224244Z_373_c_e	http://example.org/stkg/subjectEntity	http://example.org/stkg/id/platform_BTR80
http://example.org/stkg/id/obs_rel_BTR80_T90_20260205T224244Z_373_c_e	http://example.org/stkg/objectEntity	http://example.org/stkg/id/platform_T90
http://example.org/stkg/id/obs_rel_BTR80_T90_20260205T224244Z_373_c_e	http://example.org/stkg/relationType	http://example.org/stkg/id/relation_ahead_of
http://example.org/stkg/id/obs_rel_BTR80_T90_20260205T224244Z_373_c_e	http://example.org/stkg/time	"2026-02-05T22:42:44Z"^^<http://www.w3.org/2001/XMLSchema#dateTime>
http://example.org/stkg/id/obs_rel_T90_BTR80_20260205T224244Z_373_e_c	http://www.w3.org/1999/02/22-rdf-syntax-ns#type	http://example.org/stkg/id/SpatialRelationObservation
http://example.org/stkg/id/obs_rel_T90_BTR80_20260205T224244Z_373_e_c	http://example.org/stkg/subjectEntity	http://example.org/stkg/id/platform_T90
http://example.org/stkg/id/obs_rel_T90_BTR80_20260205T224244Z_373_e_c	http://example.org/stkg/objectEntity	http://example.org/stkg/id/platform_BTR80
http://example.org/stkg/id/obs_rel_T90_BTR80_20260205T224244Z_373_e_c	http://example.org/stkg/relationType	http://example.org/stkg/id/relation_behind_of
http://example.org/stkg/id/obs_rel_T90_BTR80_20260205T224244Z_373_e_c	http://example.org/stkg/time	"2026-02-05T22:42:44Z"^^<http://www.w3.org/2001/XMLSchema#dateTime>
http://example.org/stkg/id/obs_rel_BTR80_K2BlackPanther_20260205T224245Z_374_c_d	http://www.w3.org/1999/02/22-rdf-syntax-ns#type	http://example.org/stkg/id/SpatialRelationObservation
http://example.org/stkg/id/obs_rel_BTR80_K2BlackPanther_20260205T224245Z_374_c_d	http://example.org/stkg/subjectEntity	http://example.org/stkg/id/platform_BTR80
http://example.org/stkg/id/obs_rel_BTR80_K2BlackPanther_20260205T224245Z_374_c_d	http://example.org/stkg/objectEntity	http://example.org/stkg/id/platform_K2BlackPanther
http://example.org/stkg/id/obs_rel_BTR80_K2BlackPanther_20260205T224245Z_374_c_d	http://example.org/stkg/relationType	http://example.org/stkg/id/relation_ahead_of
http://example.org/stkg/id/obs_rel_BTR80_K2BlackPanther_20260205T224245Z_374_c_d	http://example.org/stkg/time	"2026-02-05T22:42:45Z"^^<http://www.w3.org/2001/XMLSchema#dateTime>
http://example.org/stkg/id/obs_rel_K2BlackPanther_BTR80_20260205T224245Z_374_d_c	http://www.w3.org/1999/02/22-rdf-syntax-ns#type	http://example.org/stkg/id/SpatialRelationObservation
http://example.org/stkg/id/obs_rel_K2BlackPanther_BTR80_20260205T224245Z_374_d_c	http://example.org/stkg/subjectEntity	http://example.org/stkg/id/platform_K2BlackPanther
http://example.org/stkg/id/obs_rel_K2BlackPanther_BTR80_20260205T224245Z_374_d_c	http://example.org/stkg/objectEntity	http://example.org/stkg/id/platform_BTR80
http://example.org/stkg/id/obs_rel_K2BlackPanther_BTR80_20260205T224245Z_374_d_c	http://example.org/stkg/relationType	http://example.org/stkg/id/relation_behind_of
http://example.org/stkg/id/obs_rel_K2BlackPanther_BTR80_20260205T224245Z_374_d_c	http://example.org/stkg/time	"2026-02-05T22:42:45Z"^^<http://www.w3.org/2001/XMLSchema#dateTime>
http://example.org/stkg/id/obs_rel_K2BlackPanther_T90_20260205T224245Z_374_d_e	http://www.w3.org/1999/02/22-rdf-syntax-ns#type	http://example.org/stkg/id/SpatialRelationObservation
http://example.org/stkg/id/obs_rel_K2BlackPanther_T90_20260205T224245Z_374_d_e	http://example.org/stkg/subjectEntity	http://example.org/stkg/id/platform_K2BlackPanther
http://example.org/stkg/id/obs_rel_K2BlackPanther_T90_20260205T224245Z_374_d_e	http://example.org/stkg/objectEntity	http://example.org/stkg/id/platform_T90
http://example.org/stkg/id/obs_rel_K2BlackPanther_T90_20260205T224245Z_374_d_e	http://example.org/stkg/relationType	http://example.org/stkg/id/relation_ahead_of
http://example.org/stkg/id/obs_rel_K2BlackPanther_T90_20260205T224245Z_374_d_e	http://example.org/stkg/time	"2026-02-05T22:42:45Z"^^<http://www.w3.org/2001/XMLSchema#dateTime>
http://example.org/stkg/id/obs_rel_T90_K2BlackPanther_20260205T224245Z_374_e_d	http://www.w3.org/1999/02/22-rdf-syntax-ns#type	http://example.org/stkg/id/SpatialRelationObservation
http://example.org/stkg/id/obs_rel_T90_K2BlackPanther_20260205T224245Z_374_e_d	http://example.org/stkg/subjectEntity	http://example.org/stkg/id/platform_T90
http://example.org/stkg/id/obs_rel_T90_K2BlackPanther_20260205T224245Z_374_e_d	http://example.org/stkg/objectEntity	http://example.org/stkg/id/platform_K2BlackPanther
http://example.org/stkg/id/obs_rel_T90_K2BlackPanther_20260205T224245Z_374_e_d	http://example.org/stkg/relationType	http://example.org/stkg/id/relation_behind_of
http://example.org/stkg/id/obs_rel_T90_K2BlackPanther_20260205T224245Z_374_e_d	http://example.org/stkg/time	"2026-02-05T22:42:45Z"^^<http://www.w3.org/2001/XMLSchema#dateTime>
http://example.org/stkg/id/obs_rel_BTR80_T90_20260205T224245Z_374_c_e	http://www.w3.org/1999/02/22-rdf-syntax-ns#type	http://example.org/stkg/id/SpatialRelationObservation
http://example.org/stkg/id/obs_rel_BTR80_T90_20260205T224245Z_374_c_e	http://example.org/stkg/subjectEntity	http://example.org/stkg/id/platform_BTR80
http://example.org/stkg/id/obs_rel_BTR80_T90_20260205T224245Z_374_c_e	http://example.org/stkg/objectEntity	http://example.org/stkg/id/platform_T90
http://example.org/stkg/id/obs_rel_BTR80_T90_20260205T224245Z_374_c_e	http://example.org/stkg/relationType	http://example.org/stkg/id/relation_ahead_of
http://example.org/stkg/id/obs_rel_BTR80_T90_20260205T224245Z_374_c_e	http://example.org/stkg/time	"2026-02-05T22:42:45Z"^^<http://www.w3.org/2001/XMLSchema#dateTime>
http://example.org/stkg/id/obs_rel_T90_BTR80_20260205T224245Z_374_e_c	http://www.w3.org/1999/02/22-rdf-syntax-ns#type	http://example.org/stkg/id/SpatialRelationObservation
http://example.org/stkg/id/obs_rel_T90_BTR80_20260205T224245Z_374_e_c	http://example.org/stkg/subjectEntity	http://example.org/stkg/id/platform_T90
http://example.org/stkg/id/obs_rel_T90_BTR80_20260205T224245Z_374_e_c	http://example.org/stkg/objectEntity	http://example.org/stkg/id/platform_BTR80
http://example.org/stkg/id/obs_rel_T90_BTR80_20260205T224245Z_374_e_c	http://example.org/stkg/relationType	http://example.org/stkg/id/relation_behind_of
http://example.org/stkg/id/obs_rel_T90_BTR80_20260205T224245Z_374_e_c	http://example.org/stkg/time	"2026-02-05T22:42:45Z"^^<http://www.w3.org/2001/XMLSchema#dateTime>
http://example.org/stkg/id/obs_rel_BTR80_K2BlackPanther_20260205T224246Z_375_c_d	http://www.w3.org/1999/02/22-rdf-syntax-ns#type	http://example.org/stkg/id/SpatialRelationObservation
http://example.org/stkg/id/obs_rel_BTR80_K2BlackPanther_20260205T224246Z_375_c_d	http://example.org/stkg/subjectEntity	http://example.org/stkg/id/platform_BTR80
http://example.org/stkg/id/obs_rel_BTR80_K2BlackPanther_20260205T224246Z_375_c_d	http://example.org/stkg/objectEntity	http://example.org/stkg/id/platform_K2BlackPanther
http://example.org/stkg/id/obs_rel_BTR80_K2BlackPanther_20260205T224246Z_375_c_d	http://example.org/stkg/relationType	http://example.org/stkg/id/relation_ahead_of
http://example.org/stkg/id/obs_rel_BTR80_K2BlackPanther_20260205T224246Z_375_c_d	http://example.org/stkg/time	"2026-02-05T22:42:46Z"^^<http://www.w3.org/2001/XMLSchema#dateTime>
http://example.org/stkg/id/obs_rel_K2BlackPanther_BTR80_20260205T224246Z_375_d_c	http://www.w3.org/1999/02/22-rdf-syntax-ns#type	http://example.org/stkg/id/SpatialRelationObservation
http://example.org/stkg/id/obs_rel_K2BlackPanther_BTR80_20260205T224246Z_375_d_c	http://example.org/stkg/subjectEntity	http://example.org/stkg/id/platform_K2BlackPanther
http://example.org/stkg/id/obs_rel_K2BlackPanther_BTR80_20260205T224246Z_375_d_c	http://example.org/stkg/objectEntity	http://example.org/stkg/id/platform_BTR80
http://example.org/stkg/id/obs_rel_K2BlackPanther_BTR80_20260205T224246Z_375_d_c	http://example.org/stkg/relationType	http://example.org/stkg/id/relation_behind_of
http://example.org/stkg/id/obs_rel_K2BlackPanther_BTR80_20260205T224246Z_375_d_c	http://example.org/stkg/time	"2026-02-05T22:42:46Z"^^<http://www.w3.org/2001/XMLSchema#dateTime>
http://example.org/stkg/id/obs_rel_K2BlackPanther_T90_20260205T224246Z_375_d_e	http://www.w3.org/1999/02/22-rdf-syntax-ns#type	http://example.org/stkg/id/SpatialRelationObservation
http://example.org/stkg/id/obs_rel_K2BlackPanther_T90_20260205T224246Z_375_d_e	http://example.org/stkg/subjectEntity	http://example.org/stkg/id/platform_K2BlackPanther
http://example.org/stkg/id/obs_rel_K2BlackPanther_T90_20260205T224246Z_375_d_e	http://example.org/stkg/objectEntity	http://example.org/stkg/id/platform_T90
http://example.org/stkg/id/obs_rel_K2BlackPanther_T90_20260205T224246Z_375_d_e	http://example.org/stkg/relationType	http://example.org/stkg/id/relation_ahead_of
http://example.org/stkg/id/obs_rel_K2BlackPanther_T90_20260205T224246Z_375_d_e	http://example.org/stkg/time	"2026-02-05T22:42:46Z"^^<http://www.w3.org/2001/XMLSchema#dateTime>
http://example.org/stkg/id/obs_rel_T90_K2BlackPanther_20260205T224246Z_375_e_d	http://www.w3.org/1999/02/22-rdf-syntax-ns#type	http://example.org/stkg/id/SpatialRelationObservation
http://example.org/stkg/id/obs_rel_T90_K2BlackPanther_20260205T224246Z_375_e_d	http://example.org/stkg/subjectEntity	http://example.org/stkg/id/platform_T90
http://example.org/stkg/id/obs_rel_T90_K2BlackPanther_20260205T224246Z_375_e_d	http://example.org/stkg/objectEntity	http://example.org/stkg/id/platform_K2BlackPanther
http://example.org/stkg/id/obs_rel_T90_K2BlackPanther_20260205T224246Z_375_e_d	http://example.org/stkg/relationType	http://example.org/stkg/id/relation_behind_of
http://example.org/stkg/id/obs_rel_T90_K2BlackPanther_20260205T224246Z_375_e_d	http://example.org/stkg/time	"2026-02-05T22:42:46Z"^^<http://www.w3.org/2001/XMLSchema#dateTime>
http://example.org/stkg/id/obs_rel_BTR80_T90_20260205T224246Z_375_c_e	http://www.w3.org/1999/02/22-rdf-syntax-ns#type	http://example.org/stkg/id/SpatialRelationObservation
http://example.org/stkg/id/obs_rel_BTR80_T90_20260205T224246Z_375_c_e	http://example.org/stkg/subjectEntity	http://example.org/stkg/id/platform_BTR80
http://example.org/stkg/id/obs_rel_BTR80_T90_20260205T224246Z_375_c_e	http://example.org/stkg/objectEntity	http://example.org/stkg/id/platform_T90
http://example.org/stkg/id/obs_rel_BTR80_T90_20260205T224246Z_375_c_e	http://example.org/stkg/relationType	http://example.org/stkg/id/relation_ahead_of
http://example.org/stkg/id/obs_rel_BTR80_T90_20260205T224246Z_375_c_e	http://example.org/stkg/time	"2026-02-05T22:42:46Z"^^<http://www.w3.org/2001/XMLSchema#dateTime>
http://example.org/stkg/id/obs_rel_T90_BTR80_20260205T224246Z_375_e_c	http://www.w3.org/1999/02/22-rdf-syntax-ns#type	http://example.org/stkg/id/SpatialRelationObservation
http://example.org/stkg/id/obs_rel_T90_BTR80_20260205T224246Z_375_e_c	http://example.org/stkg/subjectEntity	http://example.org/stkg/id/platform_T90
http://example.org/stkg/id/obs_rel_T90_BTR80_20260205T224246Z_375_e_c	http://example.org/stkg/objectEntity	http://example.org/stkg/id/platform_BTR80
http://example.org/stkg/id/obs_rel_T90_BTR80_20260205T224246Z_375_e_c	http://example.org/stkg/relationType	http://example.org/stkg/id/relation_behind_of
http://example.org/stkg/id/obs_rel_T90_BTR80_20260205T224246Z_375_e_c	http://example.org/stkg/time	"2026-02-05T22:42:46Z"^^<http://www.w3.org/2001/XMLSchema#dateTime>
http://example.org/stkg/id/obs_rel_BTR80_K2BlackPanther_20260205T224247Z_376_c_d	http://www.w3.org/1999/02/22-rdf-syntax-ns#type	http://example.org/stkg/id/SpatialRelationObservation
http://example.org/stkg/id/obs_rel_BTR80_K2BlackPanther_20260205T224247Z_376_c_d	http://example.org/stkg/subjectEntity	http://example.org/stkg/id/platform_BTR80
http://example.org/stkg/id/obs_rel_BTR80_K2BlackPanther_20260205T224247Z_376_c_d	http://example.org/stkg/objectEntity	http://example.org/stkg/id/platform_K2BlackPanther
http://example.org/stkg/id/obs_rel_BTR80_K2BlackPanther_20260205T224247Z_376_c_d	http://example.org/stkg/relationType	http://example.org/stkg/id/relation_ahead_of
http://example.org/stkg/id/obs_rel_BTR80_K2BlackPanther_20260205T224247Z_376_c_d	http://example.org/stkg/time	"2026-02-05T22:42:47Z"^^<http://www.w3.org/2001/XMLSchema#dateTime>
http://example.org/stkg/id/obs_rel_K2BlackPanther_BTR80_20260205T224247Z_376_d_c	http://www.w3.org/1999/02/22-rdf-syntax-ns#type	http://example.org/stkg/id/SpatialRelationObservation
http://example.org/stkg/id/obs_rel_K2BlackPanther_BTR80_20260205T224247Z_376_d_c	http://example.org/stkg/subjectEntity	http://example.org/stkg/id/platform_K2BlackPanther
http://example.org/stkg/id/obs_rel_K2BlackPanther_BTR80_20260205T224247Z_376_d_c	http://example.org/stkg/objectEntity	http://example.org/stkg/id/platform_BTR80
http://example.org/stkg/id/obs_rel_K2BlackPanther_BTR80_20260205T224247Z_376_d_c	http://example.org/stkg/relationType	http://example.org/stkg/id/relation_behind_of
http://example.org/stkg/id/obs_rel_K2BlackPanther_BTR80_20260205T224247Z_376_d_c	http://example.org/stkg/time	"2026-02-05T22:42:47Z"^^<http://www.w3.org/2001/XMLSchema#dateTime>
http://example.org/stkg/id/obs_rel_K2BlackPanther_T90_20260205T224247Z_376_d_e	http://www.w3.org/1999/02/22-rdf-syntax-ns#type	http://example.org/stkg/id/SpatialRelationObservation
http://example.org/stkg/id/obs_rel_K2BlackPanther_T90_20260205T224247Z_376_d_e	http://example.org/stkg/subjectEntity	http://example.org/stkg/id/platform_K2BlackPanther
http://example.org/stkg/id/obs_rel_K2BlackPanther_T90_20260205T224247Z_376_d_e	http://example.org/stkg/objectEntity	http://example.org/stkg/id/platform_T90
http://example.org/stkg/id/obs_rel_K2BlackPanther_T90_20260205T224247Z_376_d_e	http://example.org/stkg/relationType	http://example.org/stkg/id/relation_ahead_of
http://example.org/stkg/id/obs_rel_K2BlackPanther_T90_20260205T224247Z_376_d_e	http://example.org/stkg/time	"2026-02-05T22:42:47Z"^^<http://www.w3.org/2001/XMLSchema#dateTime>
http://example.org/stkg/id/obs_rel_T90_K2BlackPanther_20260205T224247Z_376_e_d	http://www.w3.org/1999/02/22-rdf-syntax-ns#type	http://example.org/stkg/id/SpatialRelationObservation
http://example.org/stkg/id/obs_rel_T90_K2BlackPanther_20260205T224247Z_376_e_d	http://example.org/stkg/subjectEntity	http://example.org/stkg/id/platform_T90
http://example.org/stkg/id/obs_rel_T90_K2BlackPanther_20260205T224247Z_376_e_d	http://example.org/stkg/objectEntity	http://example.org/stkg/id/platform_K2BlackPanther
http://example.org/stkg/id/obs_rel_T90_K2BlackPanther_20260205T224247Z_376_e_d	http://example.org/stkg/relationType	http://example.org/stkg/id/relation_behind_of
http://example.org/stkg/id/obs_rel_T90_K2BlackPanther_20260205T224247Z_376_e_d	http://example.org/stkg/time	"2026-02-05T22:42:47Z"^^<http://www.w3.org/2001/XMLSchema#dateTime>
http://example.org/stkg/id/obs_rel_BTR80_T90_20260205T224247Z_376_c_e	http://www.w3.org/1999/02/22-rdf-syntax-ns#type	http://example.org/stkg/id/SpatialRelationObservation
http://example.org/stkg/id/obs_rel_BTR80_T90_20260205T224247Z_376_c_e	http://example.org/stkg/subjectEntity	http://example.org/stkg/id/platform_BTR80
http://example.org/stkg/id/obs_rel_BTR80_T90_20260205T224247Z_376_c_e	http://example.org/stkg/objectEntity	http://example.org/stkg/id/platform_T90
http://example.org/stkg/id/obs_rel_BTR80_T90_20260205T224247Z_376_c_e	http://example.org/stkg/relationType	http://example.org/stkg/id/relation_ahead_of
http://example.org/stkg/id/obs_rel_BTR80_T90_20260205T224247Z_376_c_e	http://example.org/stkg/time	"2026-02-05T22:42:47Z"^^<http://www.w3.org/2001/XMLSchema#dateTime>
http://example.org/stkg/id/obs_rel_T90_BTR80_20260205T224247Z_376_e_c	http://www.w3.org/1999/02/22-rdf-syntax-ns#type	http://example.org/stkg/id/SpatialRelationObservation
http://example.org/stkg/id/obs_rel_T90_BTR80_20260205T224247Z_376_e_c	http://example.org/stkg/subjectEntity	http://example.org/stkg/id/platform_T90
http://example.org/stkg/id/obs_rel_T90_BTR80_20260205T224247Z_376_e_c	http://example.org/stkg/objectEntity	http://example.org/stkg/id/platform_BTR80
http://example.org/stkg/id/obs_rel_T90_BTR80_20260205T224247Z_376_e_c	http://example.org/stkg/relationType	http://example.org/stkg/id/relation_behind_of
http://example.org/stkg/id/obs_rel_T90_BTR80_20260205T224247Z_376_e_c	http://example.org/stkg/time	"2026-02-05T22:42:47Z"^^<http://www.w3.org/2001/XMLSchema#dateTime>
http://example.org/stkg/id/obs_rel_BTR80_K2BlackPanther_20260205T224248Z_377_c_d	http://www.w3.org/1999/02/22-rdf-syntax-ns#type	http://example.org/stkg/id/SpatialRelationObservation
http://example.org/stkg/id/obs_rel_BTR80_K2BlackPanther_20260205T224248Z_377_c_d	http://example.org/stkg/subjectEntity	http://example.org/stkg/id/platform_BTR80
http://example.org/stkg/id/obs_rel_BTR80_K2BlackPanther_20260205T224248Z_377_c_d	http://example.org/stkg/objectEntity	http://example.org/stkg/id/platform_K2BlackPanther
http://example.org/stkg/id/obs_rel_BTR80_K2BlackPanther_20260205T224248Z_377_c_d	http://example.org/stkg/relationType	http://example.org/stkg/id/relation_ahead_of
http://example.org/stkg/id/obs_rel_BTR80_K2BlackPanther_20260205T224248Z_377_c_d	http://example.org/stkg/time	"2026-02-05T22:42:48Z"^^<http://www.w3.org/2001/XMLSchema#dateTime>
http://example.org/stkg/id/obs_rel_K2BlackPanther_BTR80_20260205T224248Z_377_d_c	http://www.w3.org/1999/02/22-rdf-syntax-ns#type	http://example.org/stkg/id/SpatialRelationObservation
http://example.org/stkg/id/obs_rel_K2BlackPanther_BTR80_20260205T224248Z_377_d_c	http://example.org/stkg/subjectEntity	http://example.org/stkg/id/platform_K2BlackPanther
http://example.org/stkg/id/obs_rel_K2BlackPanther_BTR80_20260205T224248Z_377_d_c	http://example.org/stkg/objectEntity	http://example.org/stkg/id/platform_BTR80
http://example.org/stkg/id/obs_rel_K2BlackPanther_BTR80_20260205T224248Z_377_d_c	http://example.org/stkg/relationType	http://example.org/stkg/id/relation_behind_of
http://example.org/stkg/id/obs_rel_K2BlackPanther_BTR80_20260205T224248Z_377_d_c	http://example.org/stkg/time	"2026-02-05T22:42:48Z"^^<http://www.w3.org/2001/XMLSchema#dateTime>
http://example.org/stkg/id/obs_rel_K2BlackPanther_T90_20260205T224248Z_377_d_e	http://www.w3.org/1999/02/22-rdf-syntax-ns#type	http://example.org/stkg/id/SpatialRelationObservation
http://example.org/stkg/id/obs_rel_K2BlackPanther_T90_20260205T224248Z_377_d_e	http://example.org/stkg/subjectEntity	http://example.org/stkg/id/platform_K2BlackPanther
http://example.org/stkg/id/obs_rel_K2BlackPanther_T90_20260205T224248Z_377_d_e	http://example.org/stkg/objectEntity	http://example.org/stkg/id/platform_T90
http://example.org/stkg/id/obs_rel_K2BlackPanther_T90_20260205T224248Z_377_d_e	http://example.org/stkg/relationType	http://example.org/stkg/id/relation_ahead_of
http://example.org/stkg/id/obs_rel_K2BlackPanther_T90_20260205T224248Z_377_d_e	http://example.org/stkg/time	"2026-02-05T22:42:48Z"^^<http://www.w3.org/2001/XMLSchema#dateTime>
http://example.org/stkg/id/obs_rel_T90_K2BlackPanther_20260205T224248Z_377_e_d	http://www.w3.org/1999/02/22-rdf-syntax-ns#type	http://example.org/stkg/id/SpatialRelationObservation
http://example.org/stkg/id/obs_rel_T90_K2BlackPanther_20260205T224248Z_377_e_d	http://example.org/stkg/subjectEntity	http://example.org/stkg/id/platform_T90
http://example.org/stkg/id/obs_rel_T90_K2BlackPanther_20260205T224248Z_377_e_d	http://example.org/stkg/objectEntity	http://example.org/stkg/id/platform_K2BlackPanther
http://example.org/stkg/id/obs_rel_T90_K2BlackPanther_20260205T224248Z_377_e_d	http://example.org/stkg/relationType	http://example.org/stkg/id/relation_behind_of
http://example.org/stkg/id/obs_rel_T90_K2BlackPanther_20260205T224248Z_377_e_d	http://example.org/stkg/time	"2026-02-05T22:42:48Z"^^<http://www.w3.org/2001/XMLSchema#dateTime>
http://example.org/stkg/id/obs_rel_BTR80_T90_20260205T224248Z_377_c_e	http://www.w3.org/1999/02/22-rdf-syntax-ns#type	http://example.org/stkg/id/SpatialRelationObservation
http://example.org/stkg/id/obs_rel_BTR80_T90_20260205T224248Z_377_c_e	http://example.org/stkg/subjectEntity	http://example.org/stkg/id/platform_BTR80
http://example.org/stkg/id/obs_rel_BTR80_T90_20260205T224248Z_377_c_e	http://example.org/stkg/objectEntity	http://example.org/stkg/id/platform_T90
http://example.org/stkg/id/obs_rel_BTR80_T90_20260205T224248Z_377_c_e	http://example.org/stkg/relationType	http://example.org/stkg/id/relation_ahead_of
http://example.org/stkg/id/obs_rel_BTR80_T90_20260205T224248Z_377_c_e	http://example.org/stkg/time	"2026-02-05T22:42:48Z"^^<http://www.w3.org/2001/XMLSchema#dateTime>
http://example.org/stkg/id/obs_rel_T90_BTR80_20260205T224248Z_377_e_c	http://www.w3.org/1999/02/22-rdf-syntax-ns#type	http://example.org/stkg/id/SpatialRelationObservation
http://example.org/stkg/id/obs_rel_T90_BTR80_20260205T224248Z_377_e_c	http://example.org/stkg/subjectEntity	http://example.org/stkg/id/platform_T90
http://example.org/stkg/id/obs_rel_T90_BTR80_20260205T224248Z_377_e_c	http://example.org/stkg/objectEntity	http://example.org/stkg/id/platform_BTR80
http://example.org/stkg/id/obs_rel_T90_BTR80_20260205T224248Z_377_e_c	http://example.org/stkg/relationType	http://example.org/stkg/id/relation_behind_of
http://example.org/stkg/id/obs_rel_T90_BTR80_20260205T224248Z_377_e_c	http://example.org/stkg/time	"2026-02-05T22:42:48Z"^^<http://www.w3.org/2001/XMLSchema#dateTime>
http://example.org/stkg/id/obs_rel_BTR80_K2BlackPanther_20260205T224249Z_378_c_d	http://www.w3.org/1999/02/22-rdf-syntax-ns#type	http://example.org/stkg/id/SpatialRelationObservation
http://example.org/stkg/id/obs_rel_BTR80_K2BlackPanther_20260205T224249Z_378_c_d	http://example.org/stkg/subjectEntity	http://example.org/stkg/id/platform_BTR80
http://example.org/stkg/id/obs_rel_BTR80_K2BlackPanther_20260205T224249Z_378_c_d	http://example.org/stkg/objectEntity	http://example.org/stkg/id/platform_K2BlackPanther
http://example.org/stkg/id/obs_rel_BTR80_K2BlackPanther_20260205T224249Z_378_c_d	http://example.org/stkg/relationType	http://example.org/stkg/id/relation_ahead_of
http://example.org/stkg/id/obs_rel_BTR80_K2BlackPanther_20260205T224249Z_378_c_d	http://example.org/stkg/time	"2026-02-05T22:42:49Z"^^<http://www.w3.org/2001/XMLSchema#dateTime>
http://example.org/stkg/id/obs_rel_K2BlackPanther_BTR80_20260205T224249Z_378_d_c	http://www.w3.org/1999/02/22-rdf-syntax-ns#type	http://example.org/stkg/id/SpatialRelationObservation
http://example.org/stkg/id/obs_rel_K2BlackPanther_BTR80_20260205T224249Z_378_d_c	http://example.org/stkg/subjectEntity	http://example.org/stkg/id/platform_K2BlackPanther
http://example.org/stkg/id/obs_rel_K2BlackPanther_BTR80_20260205T224249Z_378_d_c	http://example.org/stkg/objectEntity	http://example.org/stkg/id/platform_BTR80
http://example.org/stkg/id/obs_rel_K2BlackPanther_BTR80_20260205T224249Z_378_d_c	http://example.org/stkg/relationType	http://example.org/stkg/id/relation_behind_of
http://example.org/stkg/id/obs_rel_K2BlackPanther_BTR80_20260205T224249Z_378_d_c	http://example.org/stkg/time	"2026-02-05T22:42:49Z"^^<http://www.w3.org/2001/XMLSchema#dateTime>
http://example.org/stkg/id/obs_rel_K2BlackPanther_T90_20260205T224249Z_378_d_e	http://www.w3.org/1999/02/22-rdf-syntax-ns#type	http://example.org/stkg/id/SpatialRelationObservation
http://example.org/stkg/id/obs_rel_K2BlackPanther_T90_20260205T224249Z_378_d_e	http://example.org/stkg/subjectEntity	http://example.org/stkg/id/platform_K2BlackPanther
http://example.org/stkg/id/obs_rel_K2BlackPanther_T90_20260205T224249Z_378_d_e	http://example.org/stkg/objectEntity	http://example.org/stkg/id/platform_T90
http://example.org/stkg/id/obs_rel_K2BlackPanther_T90_20260205T224249Z_378_d_e	http://example.org/stkg/relationType	http://example.org/stkg/id/relation_ahead_of
http://example.org/stkg/id/obs_rel_K2BlackPanther_T90_20260205T224249Z_378_d_e	http://example.org/stkg/time	"2026-02-05T22:42:49Z"^^<http://www.w3.org/2001/XMLSchema#dateTime>
http://example.org/stkg/id/obs_rel_T90_K2BlackPanther_20260205T224249Z_378_e_d	http://www.w3.org/1999/02/22-rdf-syntax-ns#type	http://example.org/stkg/id/SpatialRelationObservation
http://example.org/stkg/id/obs_rel_T90_K2BlackPanther_20260205T224249Z_378_e_d	http://example.org/stkg/subjectEntity	http://example.org/stkg/id/platform_T90
http://example.org/stkg/id/obs_rel_T90_K2BlackPanther_20260205T224249Z_378_e_d	http://example.org/stkg/objectEntity	http://example.org/stkg/id/platform_K2BlackPanther
http://example.org/stkg/id/obs_rel_T90_K2BlackPanther_20260205T224249Z_378_e_d	http://example.org/stkg/relationType	http://example.org/stkg/id/relation_behind_of
http://example.org/stkg/id/obs_rel_T90_K2BlackPanther_20260205T224249Z_378_e_d	http://example.org/stkg/time	"2026-02-05T22:42:49Z"^^<http://www.w3.org/2001/XMLSchema#dateTime>
http://example.org/stkg/id/obs_rel_BTR80_T90_20260205T224249Z_378_c_e	http://www.w3.org/1999/02/22-rdf-syntax-ns#type	http://example.org/stkg/id/SpatialRelationObservation
http://example.org/stkg/id/obs_rel_BTR80_T90_20260205T224249Z_378_c_e	http://example.org/stkg/subjectEntity	http://example.org/stkg/id/platform_BTR80
http://example.org/stkg/id/obs_rel_BTR80_T90_20260205T224249Z_378_c_e	http://example.org/stkg/objectEntity	http://example.org/stkg/id/platform_T90
http://example.org/stkg/id/obs_rel_BTR80_T90_20260205T224249Z_378_c_e	http://example.org/stkg/relationType	http://example.org/stkg/id/relation_ahead_of
http://example.org/stkg/id/obs_rel_BTR80_T90_20260205T224249Z_378_c_e	http://example.org/stkg/time	"2026-02-05T22:42:49Z"^^<http://www.w3.org/2001/XMLSchema#dateTime>
http://example.org/stkg/id/obs_rel_T90_BTR80_20260205T224249Z_378_e_c	http://www.w3.org/1999/02/22-rdf-syntax-ns#type	http://example.org/stkg/id/SpatialRelationObservation
http://example.org/stkg/id/obs_rel_T90_BTR80_20260205T224249Z_378_e_c	http://example.org/stkg/subjectEntity	http://example.org/stkg/id/platform_T90
http://example.org/stkg/id/obs_rel_T90_BTR80_20260205T224249Z_378_e_c	http://example.org/stkg/objectEntity	http://example.org/stkg/id/platform_BTR80
http://example.org/stkg/id/obs_rel_T90_BTR80_20260205T224249Z_378_e_c	http://example.org/stkg/relationType	http://example.org/stkg/id/relation_behind_of
http://example.org/stkg/id/obs_rel_T90_BTR80_20260205T224249Z_378_e_c	http://example.org/stkg/time	"2026-02-05T22:42:49Z"^^<http://www.w3.org/2001/XMLSchema#dateTime>
http://example.org/stkg/id/obs_rel_BTR80_K2BlackPanther_20260205T224250Z_379_c_d	http://www.w3.org/1999/02/22-rdf-syntax-ns#type	http://example.org/stkg/id/SpatialRelationObservation
http://example.org/stkg/id/obs_rel_BTR80_K2BlackPanther_20260205T224250Z_379_c_d	http://example.org/stkg/subjectEntity	http://example.org/stkg/id/platform_BTR80
http://example.org/stkg/id/obs_rel_BTR80_K2BlackPanther_20260205T224250Z_379_c_d	http://example.org/stkg/objectEntity	http://example.org/stkg/id/platform_K2BlackPanther
http://example.org/stkg/id/obs_rel_BTR80_K2BlackPanther_20260205T224250Z_379_c_d	http://example.org/stkg/relationType	http://example.org/stkg/id/relation_ahead_of
http://example.org/stkg/id/obs_rel_BTR80_K2BlackPanther_20260205T224250Z_379_c_d	http://example.org/stkg/time	"2026-02-05T22:42:50Z"^^<http://www.w3.org/2001/XMLSchema#dateTime>
http://example.org/stkg/id/obs_rel_K2BlackPanther_BTR80_20260205T224250Z_379_d_c	http://www.w3.org/1999/02/22-rdf-syntax-ns#type	http://example.org/stkg/id/SpatialRelationObservation
http://example.org/stkg/id/obs_rel_K2BlackPanther_BTR80_20260205T224250Z_379_d_c	http://example.org/stkg/subjectEntity	http://example.org/stkg/id/platform_K2BlackPanther
http://example.org/stkg/id/obs_rel_K2BlackPanther_BTR80_20260205T224250Z_379_d_c	http://example.org/stkg/objectEntity	http://example.org/stkg/id/platform_BTR80
http://example.org/stkg/id/obs_rel_K2BlackPanther_BTR80_20260205T224250Z_379_d_c	http://example.org/stkg/relationType	http://example.org/stkg/id/relation_behind_of
http://example.org/stkg/id/obs_rel_K2BlackPanther_BTR80_20260205T224250Z_379_d_c	http://example.org/stkg/time	"2026-02-05T22:42:50Z"^^<http://www.w3.org/2001/XMLSchema#dateTime>
http://example.org/stkg/id/obs_rel_K2BlackPanther_T90_20260205T224250Z_379_d_e	http://www.w3.org/1999/02/22-rdf-syntax-ns#type	http://example.org/stkg/id/SpatialRelationObservation
http://example.org/stkg/id/obs_rel_K2BlackPanther_T90_20260205T224250Z_379_d_e	http://example.org/stkg/subjectEntity	http://example.org/stkg/id/platform_K2BlackPanther
http://example.org/stkg/id/obs_rel_K2BlackPanther_T90_20260205T224250Z_379_d_e	http://example.org/stkg/objectEntity	http://example.org/stkg/id/platform_T90
http://example.org/stkg/id/obs_rel_K2BlackPanther_T90_20260205T224250Z_379_d_e	http://example.org/stkg/relationType	http://example.org/stkg/id/relation_ahead_of
http://example.org/stkg/id/obs_rel_K2BlackPanther_T90_20260205T224250Z_379_d_e	http://example.org/stkg/time	"2026-02-05T22:42:50Z"^^<http://www.w3.org/2001/XMLSchema#dateTime>
http://example.org/stkg/id/obs_rel_T90_K2BlackPanther_20260205T224250Z_379_e_d	http://www.w3.org/1999/02/22-rdf-syntax-ns#type	http://example.org/stkg/id/SpatialRelationObservation
http://example.org/stkg/id/obs_rel_T90_K2BlackPanther_20260205T224250Z_379_e_d	http://example.org/stkg/subjectEntity	http://example.org/stkg/id/platform_T90
http://example.org/stkg/id/obs_rel_T90_K2BlackPanther_20260205T224250Z_379_e_d	http://example.org/stkg/objectEntity	http://example.org/stkg/id/platform_K2BlackPanther
http://example.org/stkg/id/obs_rel_T90_K2BlackPanther_20260205T224250Z_379_e_d	http://example.org/stkg/relationType	http://example.org/stkg/id/relation_behind_of
http://example.org/stkg/id/obs_rel_T90_K2BlackPanther_20260205T224250Z_379_e_d	http://example.org/stkg/time	"2026-02-05T22:42:50Z"^^<http://www.w3.org/2001/XMLSchema#dateTime>
http://example.org/stkg/id/obs_rel_BTR80_T90_20260205T224250Z_379_c_e	http://www.w3.org/1999/02/22-rdf-syntax-ns#type	http://example.org/stkg/id/SpatialRelationObservation
http://example.org/stkg/id/obs_rel_BTR80_T90_20260205T224250Z_379_c_e	http://example.org/stkg/subjectEntity	http://example.org/stkg/id/platform_BTR80
http://example.org/stkg/id/obs_rel_BTR80_T90_20260205T224250Z_379_c_e	http://example.org/stkg/objectEntity	http://example.org/stkg/id/platform_T90
http://example.org/stkg/id/obs_rel_BTR80_T90_20260205T224250Z_379_c_e	http://example.org/stkg/relationType	http://example.org/stkg/id/relation_ahead_of
http://example.org/stkg/id/obs_rel_BTR80_T90_20260205T224250Z_379_c_e	http://example.org/stkg/time	"2026-02-05T22:42:50Z"^^<http://www.w3.org/2001/XMLSchema#dateTime>
http://example.org/stkg/id/obs_rel_T90_BTR80_20260205T224250Z_379_e_c	http://www.w3.org/1999/02/22-rdf-syntax-ns#type	http://example.org/stkg/id/SpatialRelationObservation
http://example.org/stkg/id/obs_rel_T90_BTR80_20260205T224250Z_379_e_c	http://example.org/stkg/subjectEntity	http://example.org/stkg/id/platform_T90
http://example.org/stkg/id/obs_rel_T90_BTR80_20260205T224250Z_379_e_c	http://example.org/stkg/objectEntity	http://example.org/stkg/id/platform_BTR80
http://example.org/stkg/id/obs_rel_T90_BTR80_20260205T224250Z_379_e_c	http://example.org/stkg/relationType	http://example.org/stkg/id/relation_behind_of
http://example.org/stkg/id/obs_rel_T90_BTR80_20260205T224250Z_379_e_c	http://example.org/stkg/time	"2026-02-05T22:42:50Z"^^<http://www.w3.org/2001/XMLSchema#dateTime>
http://example.org/stkg/id/obs_rel_BTR80_K2BlackPanther_20260205T224251Z_380_c_d	http://www.w3.org/1999/02/22-rdf-syntax-ns#type	http://example.org/stkg/id/SpatialRelationObservation
http://example.org/stkg/id/obs_rel_BTR80_K2BlackPanther_20260205T224251Z_380_c_d	http://example.org/stkg/subjectEntity	http://example.org/stkg/id/platform_BTR80
http://example.org/stkg/id/obs_rel_BTR80_K2BlackPanther_20260205T224251Z_380_c_d	http://example.org/stkg/objectEntity	http://example.org/stkg/id/platform_K2BlackPanther
http://example.org/stkg/id/obs_rel_BTR80_K2BlackPanther_20260205T224251Z_380_c_d	http://example.org/stkg/relationType	http://example.org/stkg/id/relation_ahead_of
http://example.org/stkg/id/obs_rel_BTR80_K2BlackPanther_20260205T224251Z_380_c_d	http://example.org/stkg/time	"2026-02-05T22:42:51Z"^^<http://www.w3.org/2001/XMLSchema#dateTime>
http://example.org/stkg/id/obs_rel_K2BlackPanther_BTR80_20260205T224251Z_380_d_c	http://www.w3.org/1999/02/22-rdf-syntax-ns#type	http://example.org/stkg/id/SpatialRelationObservation
http://example.org/stkg/id/obs_rel_K2BlackPanther_BTR80_20260205T224251Z_380_d_c	http://example.org/stkg/subjectEntity	http://example.org/stkg/id/platform_K2BlackPanther
http://example.org/stkg/id/obs_rel_K2BlackPanther_BTR80_20260205T224251Z_380_d_c	http://example.org/stkg/objectEntity	http://example.org/stkg/id/platform_BTR80
http://example.org/stkg/id/obs_rel_K2BlackPanther_BTR80_20260205T224251Z_380_d_c	http://example.org/stkg/relationType	http://example.org/stkg/id/relation_behind_of
http://example.org/stkg/id/obs_rel_K2BlackPanther_BTR80_20260205T224251Z_380_d_c	http://example.org/stkg/time	"2026-02-05T22:42:51Z"^^<http://www.w3.org/2001/XMLSchema#dateTime>
http://example.org/stkg/id/obs_rel_K2BlackPanther_T90_20260205T224251Z_380_d_e	http://www.w3.org/1999/02/22-rdf-syntax-ns#type	http://example.org/stkg/id/SpatialRelationObservation
http://example.org/stkg/id/obs_rel_K2BlackPanther_T90_20260205T224251Z_380_d_e	http://example.org/stkg/subjectEntity	http://example.org/stkg/id/platform_K2BlackPanther
http://example.org/stkg/id/obs_rel_K2BlackPanther_T90_20260205T224251Z_380_d_e	http://example.org/stkg/objectEntity	http://example.org/stkg/id/platform_T90
http://example.org/stkg/id/obs_rel_K2BlackPanther_T90_20260205T224251Z_380_d_e	http://example.org/stkg/relationType	http://example.org/stkg/id/relation_ahead_of
http://example.org/stkg/id/obs_rel_K2BlackPanther_T90_20260205T224251Z_380_d_e	http://example.org/stkg/time	"2026-02-05T22:42:51Z"^^<http://www.w3.org/2001/XMLSchema#dateTime>
http://example.org/stkg/id/obs_rel_T90_K2BlackPanther_20260205T224251Z_380_e_d	http://www.w3.org/1999/02/22-rdf-syntax-ns#type	http://example.org/stkg/id/SpatialRelationObservation
http://example.org/stkg/id/obs_rel_T90_K2BlackPanther_20260205T224251Z_380_e_d	http://example.org/stkg/subjectEntity	http://example.org/stkg/id/platform_T90
http://example.org/stkg/id/obs_rel_T90_K2BlackPanther_20260205T224251Z_380_e_d	http://example.org/stkg/objectEntity	http://example.org/stkg/id/platform_K2BlackPanther
http://example.org/stkg/id/obs_rel_T90_K2BlackPanther_20260205T224251Z_380_e_d	http://example.org/stkg/relationType	http://example.org/stkg/id/relation_behind_of
http://example.org/stkg/id/obs_rel_T90_K2BlackPanther_20260205T224251Z_380_e_d	http://example.org/stkg/time	"2026-02-05T22:42:51Z"^^<http://www.w3.org/2001/XMLSchema#dateTime>
http://example.org/stkg/id/obs_rel_BTR80_T90_20260205T224251Z_380_c_e	http://www.w3.org/1999/02/22-rdf-syntax-ns#type	http://example.org/stkg/id/SpatialRelationObservation
http://example.org/stkg/id/obs_rel_BTR80_T90_20260205T224251Z_380_c_e	http://example.org/stkg/subjectEntity	http://example.org/stkg/id/platform_BTR80
http://example.org/stkg/id/obs_rel_BTR80_T90_20260205T224251Z_380_c_e	http://example.org/stkg/objectEntity	http://example.org/stkg/id/platform_T90
http://example.org/stkg/id/obs_rel_BTR80_T90_20260205T224251Z_380_c_e	http://example.org/stkg/relationType	http://example.org/stkg/id/relation_ahead_of
http://example.org/stkg/id/obs_rel_BTR80_T90_20260205T224251Z_380_c_e	http://example.org/stkg/time	"2026-02-05T22:42:51Z"^^<http://www.w3.org/2001/XMLSchema#dateTime>
http://example.org/stkg/id/obs_rel_T90_BTR80_20260205T224251Z_380_e_c	http://www.w3.org/1999/02/22-rdf-syntax-ns#type	http://example.org/stkg/id/SpatialRelationObservation
http://example.org/stkg/id/obs_rel_T90_BTR80_20260205T224251Z_380_e_c	http://example.org/stkg/subjectEntity	http://example.org/stkg/id/platform_T90
http://example.org/stkg/id/obs_rel_T90_BTR80_20260205T224251Z_380_e_c	http://example.org/stkg/objectEntity	http://example.org/stkg/id/platform_BTR80
http://example.org/stkg/id/obs_rel_T90_BTR80_20260205T224251Z_380_e_c	http://example.org/stkg/relationType	http://example.org/stkg/id/relation_behind_of
http://example.org/stkg/id/obs_rel_T90_BTR80_20260205T224251Z_380_e_c	http://example.org/stkg/time	"2026-02-05T22:42:51Z"^^<http://www.w3.org/2001/XMLSchema#dateTime>
http://example.org/stkg/id/obs_rel_BTR80_K2BlackPanther_20260205T224252Z_381_c_d	http://www.w3.org/1999/02/22-rdf-syntax-ns#type	http://example.org/stkg/id/SpatialRelationObservation
http://example.org/stkg/id/obs_rel_BTR80_K2BlackPanther_20260205T224252Z_381_c_d	http://example.org/stkg/subjectEntity	http://example.org/stkg/id/platform_BTR80
http://example.org/stkg/id/obs_rel_BTR80_K2BlackPanther_20260205T224252Z_381_c_d	http://example.org/stkg/objectEntity	http://example.org/stkg/id/platform_K2BlackPanther
http://example.org/stkg/id/obs_rel_BTR80_K2BlackPanther_20260205T224252Z_381_c_d	http://example.org/stkg/relationType	http://example.org/stkg/id/relation_ahead_of
http://example.org/stkg/id/obs_rel_BTR80_K2BlackPanther_20260205T224252Z_381_c_d	http://example.org/stkg/time	"2026-02-05T22:42:52Z"^^<http://www.w3.org/2001/XMLSchema#dateTime>
http://example.org/stkg/id/obs_rel_K2BlackPanther_BTR80_20260205T224252Z_381_d_c	http://www.w3.org/1999/02/22-rdf-syntax-ns#type	http://example.org/stkg/id/SpatialRelationObservation
http://example.org/stkg/id/obs_rel_K2BlackPanther_BTR80_20260205T224252Z_381_d_c	http://example.org/stkg/subjectEntity	http://example.org/stkg/id/platform_K2BlackPanther
http://example.org/stkg/id/obs_rel_K2BlackPanther_BTR80_20260205T224252Z_381_d_c	http://example.org/stkg/objectEntity	http://example.org/stkg/id/platform_BTR80
http://example.org/stkg/id/obs_rel_K2BlackPanther_BTR80_20260205T224252Z_381_d_c	http://example.org/stkg/relationType	http://example.org/stkg/id/relation_behind_of
http://example.org/stkg/id/obs_rel_K2BlackPanther_BTR80_20260205T224252Z_381_d_c	http://example.org/stkg/time	"2026-02-05T22:42:52Z"^^<http://www.w3.org/2001/XMLSchema#dateTime>
http://example.org/stkg/id/obs_rel_K2BlackPanther_T90_20260205T224252Z_381_d_e	http://www.w3.org/1999/02/22-rdf-syntax-ns#type	http://example.org/stkg/id/SpatialRelationObservation
http://example.org/stkg/id/obs_rel_K2BlackPanther_T90_20260205T224252Z_381_d_e	http://example.org/stkg/subjectEntity	http://example.org/stkg/id/platform_K2BlackPanther
http://example.org/stkg/id/obs_rel_K2BlackPanther_T90_20260205T224252Z_381_d_e	http://example.org/stkg/objectEntity	http://example.org/stkg/id/platform_T90
http://example.org/stkg/id/obs_rel_K2BlackPanther_T90_20260205T224252Z_381_d_e	http://example.org/stkg/relationType	http://example.org/stkg/id/relation_ahead_of
http://example.org/stkg/id/obs_rel_K2BlackPanther_T90_20260205T224252Z_381_d_e	http://example.org/stkg/time	"2026-02-05T22:42:52Z"^^<http://www.w3.org/2001/XMLSchema#dateTime>
http://example.org/stkg/id/obs_rel_T90_K2BlackPanther_20260205T224252Z_381_e_d	http://www.w3.org/1999/02/22-rdf-syntax-ns#type	http://example.org/stkg/id/SpatialRelationObservation
http://example.org/stkg/id/obs_rel_T90_K2BlackPanther_20260205T224252Z_381_e_d	http://example.org/stkg/subjectEntity	http://example.org/stkg/id/platform_T90
http://example.org/stkg/id/obs_rel_T90_K2BlackPanther_20260205T224252Z_381_e_d	http://example.org/stkg/objectEntity	http://example.org/stkg/id/platform_K2BlackPanther
http://example.org/stkg/id/obs_rel_T90_K2BlackPanther_20260205T224252Z_381_e_d	http://example.org/stkg/relationType	http://example.org/stkg/id/relation_behind_of
http://example.org/stkg/id/obs_rel_T90_K2BlackPanther_20260205T224252Z_381_e_d	http://example.org/stkg/time	"2026-02-05T22:42:52Z"^^<http://www.w3.org/2001/XMLSchema#dateTime>
http://example.org/stkg/id/obs_rel_BTR80_T90_20260205T224252Z_381_c_e	http://www.w3.org/1999/02/22-rdf-syntax-ns#type	http://example.org/stkg/id/SpatialRelationObservation
http://example.org/stkg/id/obs_rel_BTR80_T90_20260205T224252Z_381_c_e	http://example.org/stkg/subjectEntity	http://example.org/stkg/id/platform_BTR80
http://example.org/stkg/id/obs_rel_BTR80_T90_20260205T224252Z_381_c_e	http://example.org/stkg/objectEntity	http://example.org/stkg/id/platform_T90
http://example.org/stkg/id/obs_rel_BTR80_T90_20260205T224252Z_381_c_e	http://example.org/stkg/relationType	http://example.org/stkg/id/relation_ahead_of
http://example.org/stkg/id/obs_rel_BTR80_T90_20260205T224252Z_381_c_e	http://example.org/stkg/time	"2026-02-05T22:42:52Z"^^<http://www.w3.org/2001/XMLSchema#dateTime>
http://example.org/stkg/id/obs_rel_T90_BTR80_20260205T224252Z_381_e_c	http://www.w3.org/1999/02/22-rdf-syntax-ns#type	http://example.org/stkg/id/SpatialRelationObservation
http://example.org/stkg/id/obs_rel_T90_BTR80_20260205T224252Z_381_e_c	http://example.org/stkg/subjectEntity	http://example.org/stkg/id/platform_T90
http://example.org/stkg/id/obs_rel_T90_BTR80_20260205T224252Z_381_e_c	http://example.org/stkg/objectEntity	http://example.org/stkg/id/platform_BTR80
http://example.org/stkg/id/obs_rel_T90_BTR80_20260205T224252Z_381_e_c	http://example.org/stkg/relationType	http://example.org/stkg/id/relation_behind_of
http://example.org/stkg/id/obs_rel_T90_BTR80_20260205T224252Z_381_e_c	http://example.org/stkg/time	"2026-02-05T22:42:52Z"^^<http://www.w3.org/2001/XMLSchema#dateTime>
http://example.org/stkg/id/obs_rel_BTR80_K2BlackPanther_20260205T224253Z_382_c_d	http://www.w3.org/1999/02/22-rdf-syntax-ns#type	http://example.org/stkg/id/SpatialRelationObservation
http://example.org/stkg/id/obs_rel_BTR80_K2BlackPanther_20260205T224253Z_382_c_d	http://example.org/stkg/subjectEntity	http://example.org/stkg/id/platform_BTR80
http://example.org/stkg/id/obs_rel_BTR80_K2BlackPanther_20260205T224253Z_382_c_d	http://example.org/stkg/objectEntity	http://example.org/stkg/id/platform_K2BlackPanther
http://example.org/stkg/id/obs_rel_BTR80_K2BlackPanther_20260205T224253Z_382_c_d	http://example.org/stkg/relationType	http://example.org/stkg/id/relation_ahead_of
http://example.org/stkg/id/obs_rel_BTR80_K2BlackPanther_20260205T224253Z_382_c_d	http://example.org/stkg/time	"2026-02-05T22:42:53Z"^^<http://www.w3.org/2001/XMLSchema#dateTime>
http://example.org/stkg/id/obs_rel_K2BlackPanther_BTR80_20260205T224253Z_382_d_c	http://www.w3.org/1999/02/22-rdf-syntax-ns#type	http://example.org/stkg/id/SpatialRelationObservation
http://example.org/stkg/id/obs_rel_K2BlackPanther_BTR80_20260205T224253Z_382_d_c	http://example.org/stkg/subjectEntity	http://example.org/stkg/id/platform_K2BlackPanther
http://example.org/stkg/id/obs_rel_K2BlackPanther_BTR80_20260205T224253Z_382_d_c	http://example.org/stkg/objectEntity	http://example.org/stkg/id/platform_BTR80
http://example.org/stkg/id/obs_rel_K2BlackPanther_BTR80_20260205T224253Z_382_d_c	http://example.org/stkg/relationType	http://example.org/stkg/id/relation_behind_of
http://example.org/stkg/id/obs_rel_K2BlackPanther_BTR80_20260205T224253Z_382_d_c	http://example.org/stkg/time	"2026-02-05T22:42:53Z"^^<http://www.w3.org/2001/XMLSchema#dateTime>
http://example.org/stkg/id/obs_rel_K2BlackPanther_T90_20260205T224253Z_382_d_e	http://www.w3.org/1999/02/22-rdf-syntax-ns#type	http://example.org/stkg/id/SpatialRelationObservation
http://example.org/stkg/id/obs_rel_K2BlackPanther_T90_20260205T224253Z_382_d_e	http://example.org/stkg/subjectEntity	http://example.org/stkg/id/platform_K2BlackPanther
http://example.org/stkg/id/obs_rel_K2BlackPanther_T90_20260205T224253Z_382_d_e	http://example.org/stkg/objectEntity	http://example.org/stkg/id/platform_T90
http://example.org/stkg/id/obs_rel_K2BlackPanther_T90_20260205T224253Z_382_d_e	http://example.org/stkg/relationType	http://example.org/stkg/id/relation_ahead_of
http://example.org/stkg/id/obs_rel_K2BlackPanther_T90_20260205T224253Z_382_d_e	http://example.org/stkg/time	"2026-02-05T22:42:53Z"^^<http://www.w3.org/2001/XMLSchema#dateTime>
http://example.org/stkg/id/obs_rel_T90_K2BlackPanther_20260205T224253Z_382_e_d	http://www.w3.org/1999/02/22-rdf-syntax-ns#type	http://example.org/stkg/id/SpatialRelationObservation
http://example.org/stkg/id/obs_rel_T90_K2BlackPanther_20260205T224253Z_382_e_d	http://example.org/stkg/subjectEntity	http://example.org/stkg/id/platform_T90
http://example.org/stkg/id/obs_rel_T90_K2BlackPanther_20260205T224253Z_382_e_d	http://example.org/stkg/objectEntity	http://example.org/stkg/id/platform_K2BlackPanther
http://example.org/stkg/id/obs_rel_T90_K2BlackPanther_20260205T224253Z_382_e_d	http://example.org/stkg/relationType	http://example.org/stkg/id/relation_behind_of
http://example.org/stkg/id/obs_rel_T90_K2BlackPanther_20260205T224253Z_382_e_d	http://example.org/stkg/time	"2026-02-05T22:42:53Z"^^<http://www.w3.org/2001/XMLSchema#dateTime>
http://example.org/stkg/id/obs_rel_BTR80_T90_20260205T224253Z_382_c_e	http://www.w3.org/1999/02/22-rdf-syntax-ns#type	http://example.org/stkg/id/SpatialRelationObservation
http://example.org/stkg/id/obs_rel_BTR80_T90_20260205T224253Z_382_c_e	http://example.org/stkg/subjectEntity	http://example.org/stkg/id/platform_BTR80
http://example.org/stkg/id/obs_rel_BTR80_T90_20260205T224253Z_382_c_e	http://example.org/stkg/objectEntity	http://example.org/stkg/id/platform_T90
http://example.org/stkg/id/obs_rel_BTR80_T90_20260205T224253Z_382_c_e	http://example.org/stkg/relationType	http://example.org/stkg/id/relation_ahead_of
http://example.org/stkg/id/obs_rel_BTR80_T90_20260205T224253Z_382_c_e	http://example.org/stkg/time	"2026-02-05T22:42:53Z"^^<http://www.w3.org/2001/XMLSchema#dateTime>
http://example.org/stkg/id/obs_rel_T90_BTR80_20260205T224253Z_382_e_c	http://www.w3.org/1999/02/22-rdf-syntax-ns#type	http://example.org/stkg/id/SpatialRelationObservation
http://example.org/stkg/id/obs_rel_T90_BTR80_20260205T224253Z_382_e_c	http://example.org/stkg/subjectEntity	http://example.org/stkg/id/platform_T90
http://example.org/stkg/id/obs_rel_T90_BTR80_20260205T224253Z_382_e_c	http://example.org/stkg/objectEntity	http://example.org/stkg/id/platform_BTR80
http://example.org/stkg/id/obs_rel_T90_BTR80_20260205T224253Z_382_e_c	http://example.org/stkg/relationType	http://example.org/stkg/id/relation_behind_of
http://example.org/stkg/id/obs_rel_T90_BTR80_20260205T224253Z_382_e_c	http://example.org/stkg/time	"2026-02-05T22:42:53Z"^^<http://www.w3.org/2001/XMLSchema#dateTime>
http://example.org/stkg/id/obs_rel_BTR80_K2BlackPanther_20260205T224254Z_383_c_d	http://www.w3.org/1999/02/22-rdf-syntax-ns#type	http://example.org/stkg/id/SpatialRelationObservation
http://example.org/stkg/id/obs_rel_BTR80_K2BlackPanther_20260205T224254Z_383_c_d	http://example.org/stkg/subjectEntity	http://example.org/stkg/id/platform_BTR80
http://example.org/stkg/id/obs_rel_BTR80_K2BlackPanther_20260205T224254Z_383_c_d	http://example.org/stkg/objectEntity	http://example.org/stkg/id/platform_K2BlackPanther
http://example.org/stkg/id/obs_rel_BTR80_K2BlackPanther_20260205T224254Z_383_c_d	http://example.org/stkg/relationType	http://example.org/stkg/id/relation_ahead_of
http://example.org/stkg/id/obs_rel_BTR80_K2BlackPanther_20260205T224254Z_383_c_d	http://example.org/stkg/time	"2026-02-05T22:42:54Z"^^<http://www.w3.org/2001/XMLSchema#dateTime>
http://example.org/stkg/id/obs_rel_K2BlackPanther_BTR80_20260205T224254Z_383_d_c	http://www.w3.org/1999/02/22-rdf-syntax-ns#type	http://example.org/stkg/id/SpatialRelationObservation
http://example.org/stkg/id/obs_rel_K2BlackPanther_BTR80_20260205T224254Z_383_d_c	http://example.org/stkg/subjectEntity	http://example.org/stkg/id/platform_K2BlackPanther
http://example.org/stkg/id/obs_rel_K2BlackPanther_BTR80_20260205T224254Z_383_d_c	http://example.org/stkg/objectEntity	http://example.org/stkg/id/platform_BTR80
http://example.org/stkg/id/obs_rel_K2BlackPanther_BTR80_20260205T224254Z_383_d_c	http://example.org/stkg/relationType	http://example.org/stkg/id/relation_behind_of
http://example.org/stkg/id/obs_rel_K2BlackPanther_BTR80_20260205T224254Z_383_d_c	http://example.org/stkg/time	"2026-02-05T22:42:54Z"^^<http://www.w3.org/2001/XMLSchema#dateTime>
http://example.org/stkg/id/obs_rel_K2BlackPanther_T90_20260205T224254Z_383_d_e	http://www.w3.org/1999/02/22-rdf-syntax-ns#type	http://example.org/stkg/id/SpatialRelationObservation
http://example.org/stkg/id/obs_rel_K2BlackPanther_T90_20260205T224254Z_383_d_e	http://example.org/stkg/subjectEntity	http://example.org/stkg/id/platform_K2BlackPanther
http://example.org/stkg/id/obs_rel_K2BlackPanther_T90_20260205T224254Z_383_d_e	http://example.org/stkg/objectEntity	http://example.org/stkg/id/platform_T90
http://example.org/stkg/id/obs_rel_K2BlackPanther_T90_20260205T224254Z_383_d_e	http://example.org/stkg/relationType	http://example.org/stkg/id/relation_ahead_of
http://example.org/stkg/id/obs_rel_K2BlackPanther_T90_20260205T224254Z_383_d_e	http://example.org/stkg/time	"2026-02-05T22:42:54Z"^^<http://www.w3.org/2001/XMLSchema#dateTime>
http://example.org/stkg/id/obs_rel_T90_K2BlackPanther_20260205T224254Z_383_e_d	http://www.w3.org/1999/02/22-rdf-syntax-ns#type	http://example.org/stkg/id/SpatialRelationObservation
http://example.org/stkg/id/obs_rel_T90_K2BlackPanther_20260205T224254Z_383_e_d	http://example.org/stkg/subjectEntity	http://example.org/stkg/id/platform_T90
http://example.org/stkg/id/obs_rel_T90_K2BlackPanther_20260205T224254Z_383_e_d	http://example.org/stkg/objectEntity	http://example.org/stkg/id/platform_K2BlackPanther
http://example.org/stkg/id/obs_rel_T90_K2BlackPanther_20260205T224254Z_383_e_d	http://example.org/stkg/relationType	http://example.org/stkg/id/relation_behind_of
http://example.org/stkg/id/obs_rel_T90_K2BlackPanther_20260205T224254Z_383_e_d	http://example.org/stkg/time	"2026-02-05T22:42:54Z"^^<http://www.w3.org/2001/XMLSchema#dateTime>
http://example.org/stkg/id/obs_rel_BTR80_T90_20260205T224254Z_383_c_e	http://www.w3.org/1999/02/22-rdf-syntax-ns#type	http://example.org/stkg/id/SpatialRelationObservation
http://example.org/stkg/id/obs_rel_BTR80_T90_20260205T224254Z_383_c_e	http://example.org/stkg/subjectEntity	http://example.org/stkg/id/platform_BTR80
http://example.org/stkg/id/obs_rel_BTR80_T90_20260205T224254Z_383_c_e	http://example.org/stkg/objectEntity	http://example.org/stkg/id/platform_T90
http://example.org/stkg/id/obs_rel_BTR80_T90_20260205T224254Z_383_c_e	http://example.org/stkg/relationType	http://example.org/stkg/id/relation_ahead_of
http://example.org/stkg/id/obs_rel_BTR80_T90_20260205T224254Z_383_c_e	http://example.org/stkg/time	"2026-02-05T22:42:54Z"^^<http://www.w3.org/2001/XMLSchema#dateTime>
http://example.org/stkg/id/obs_rel_T90_BTR80_20260205T224254Z_383_e_c	http://www.w3.org/1999/02/22-rdf-syntax-ns#type	http://example.org/stkg/id/SpatialRelationObservation
http://example.org/stkg/id/obs_rel_T90_BTR80_20260205T224254Z_383_e_c	http://example.org/stkg/subjectEntity	http://example.org/stkg/id/platform_T90
http://example.org/stkg/id/obs_rel_T90_BTR80_20260205T224254Z_383_e_c	http://example.org/stkg/objectEntity	http://example.org/stkg/id/platform_BTR80
http://example.org/stkg/id/obs_rel_T90_BTR80_20260205T224254Z_383_e_c	http://example.org/stkg/relationType	http://example.org/stkg/id/relation_behind_of
http://example.org/stkg/id/obs_rel_T90_BTR80_20260205T224254Z_383_e_c	http://example.org/stkg/time	"2026-02-05T22:42:54Z"^^<http://www.w3.org/2001/XMLSchema#dateTime>
http://example.org/stkg/id/obs_rel_BTR80_K2BlackPanther_20260205T224255Z_384_c_d	http://www.w3.org/1999/02/22-rdf-syntax-ns#type	http://example.org/stkg/id/SpatialRelationObservation
http://example.org/stkg/id/obs_rel_BTR80_K2BlackPanther_20260205T224255Z_384_c_d	http://example.org/stkg/subjectEntity	http://example.org/stkg/id/platform_BTR80
http://example.org/stkg/id/obs_rel_BTR80_K2BlackPanther_20260205T224255Z_384_c_d	http://example.org/stkg/objectEntity	http://example.org/stkg/id/platform_K2BlackPanther
http://example.org/stkg/id/obs_rel_BTR80_K2BlackPanther_20260205T224255Z_384_c_d	http://example.org/stkg/relationType	http://example.org/stkg/id/relation_ahead_of
http://example.org/stkg/id/obs_rel_BTR80_K2BlackPanther_20260205T224255Z_384_c_d	http://example.org/stkg/time	"2026-02-05T22:42:55Z"^^<http://www.w3.org/2001/XMLSchema#dateTime>
http://example.org/stkg/id/obs_rel_K2BlackPanther_BTR80_20260205T224255Z_384_d_c	http://www.w3.org/1999/02/22-rdf-syntax-ns#type	http://example.org/stkg/id/SpatialRelationObservation
http://example.org/stkg/id/obs_rel_K2BlackPanther_BTR80_20260205T224255Z_384_d_c	http://example.org/stkg/subjectEntity	http://example.org/stkg/id/platform_K2BlackPanther
http://example.org/stkg/id/obs_rel_K2BlackPanther_BTR80_20260205T224255Z_384_d_c	http://example.org/stkg/objectEntity	http://example.org/stkg/id/platform_BTR80
http://example.org/stkg/id/obs_rel_K2BlackPanther_BTR80_20260205T224255Z_384_d_c	http://example.org/stkg/relationType	http://example.org/stkg/id/relation_behind_of
http://example.org/stkg/id/obs_rel_K2BlackPanther_BTR80_20260205T224255Z_384_d_c	http://example.org/stkg/time	"2026-02-05T22:42:55Z"^^<http://www.w3.org/2001/XMLSchema#dateTime>
http://example.org/stkg/id/obs_rel_K2BlackPanther_T90_20260205T224255Z_384_d_e	http://www.w3.org/1999/02/22-rdf-syntax-ns#type	http://example.org/stkg/id/SpatialRelationObservation
http://example.org/stkg/id/obs_rel_K2BlackPanther_T90_20260205T224255Z_384_d_e	http://example.org/stkg/subjectEntity	http://example.org/stkg/id/platform_K2BlackPanther
http://example.org/stkg/id/obs_rel_K2BlackPanther_T90_20260205T224255Z_384_d_e	http://example.org/stkg/objectEntity	http://example.org/stkg/id/platform_T90
http://example.org/stkg/id/obs_rel_K2BlackPanther_T90_20260205T224255Z_384_d_e	http://example.org/stkg/relationType	http://example.org/stkg/id/relation_ahead_of
http://example.org/stkg/id/obs_rel_K2BlackPanther_T90_20260205T224255Z_384_d_e	http://example.org/stkg/time	"2026-02-05T22:42:55Z"^^<http://www.w3.org/2001/XMLSchema#dateTime>
http://example.org/stkg/id/obs_rel_T90_K2BlackPanther_20260205T224255Z_384_e_d	http://www.w3.org/1999/02/22-rdf-syntax-ns#type	http://example.org/stkg/id/SpatialRelationObservation
http://example.org/stkg/id/obs_rel_T90_K2BlackPanther_20260205T224255Z_384_e_d	http://example.org/stkg/subjectEntity	http://example.org/stkg/id/platform_T90
http://example.org/stkg/id/obs_rel_T90_K2BlackPanther_20260205T224255Z_384_e_d	http://example.org/stkg/objectEntity	http://example.org/stkg/id/platform_K2BlackPanther
http://example.org/stkg/id/obs_rel_T90_K2BlackPanther_20260205T224255Z_384_e_d	http://example.org/stkg/relationType	http://example.org/stkg/id/relation_behind_of
http://example.org/stkg/id/obs_rel_T90_K2BlackPanther_20260205T224255Z_384_e_d	http://example.org/stkg/time	"2026-02-05T22:42:55Z"^^<http://www.w3.org/2001/XMLSchema#dateTime>
http://example.org/stkg/id/obs_rel_BTR80_T90_20260205T224255Z_384_c_e	http://www.w3.org/1999/02/22-rdf-syntax-ns#type	http://example.org/stkg/id/SpatialRelationObservation
http://example.org/stkg/id/obs_rel_BTR80_T90_20260205T224255Z_384_c_e	http://example.org/stkg/subjectEntity	http://example.org/stkg/id/platform_BTR80
http://example.org/stkg/id/obs_rel_BTR80_T90_20260205T224255Z_384_c_e	http://example.org/stkg/objectEntity	http://example.org/stkg/id/platform_T90
http://example.org/stkg/id/obs_rel_BTR80_T90_20260205T224255Z_384_c_e	http://example.org/stkg/relationType	http://example.org/stkg/id/relation_ahead_of
http://example.org/stkg/id/obs_rel_BTR80_T90_20260205T224255Z_384_c_e	http://example.org/stkg/time	"2026-02-05T22:42:55Z"^^<http://www.w3.org/2001/XMLSchema#dateTime>
http://example.org/stkg/id/obs_rel_T90_BTR80_20260205T224255Z_384_e_c	http://www.w3.org/1999/02/22-rdf-syntax-ns#type	http://example.org/stkg/id/SpatialRelationObservation
http://example.org/stkg/id/obs_rel_T90_BTR80_20260205T224255Z_384_e_c	http://example.org/stkg/subjectEntity	http://example.org/stkg/id/platform_T90
http://example.org/stkg/id/obs_rel_T90_BTR80_20260205T224255Z_384_e_c	http://example.org/stkg/objectEntity	http://example.org/stkg/id/platform_BTR80
http://example.org/stkg/id/obs_rel_T90_BTR80_20260205T224255Z_384_e_c	http://example.org/stkg/relationType	http://example.org/stkg/id/relation_behind_of
http://example.org/stkg/id/obs_rel_T90_BTR80_20260205T224255Z_384_e_c	http://example.org/stkg/time	"2026-02-05T22:42:55Z"^^<http://www.w3.org/2001/XMLSchema#dateTime>
http://example.org/stkg/id/obs_rel_BTR80_K2BlackPanther_20260205T224256Z_385_c_d	http://www.w3.org/1999/02/22-rdf-syntax-ns#type	http://example.org/stkg/id/SpatialRelationObservation
http://example.org/stkg/id/obs_rel_BTR80_K2BlackPanther_20260205T224256Z_385_c_d	http://example.org/stkg/subjectEntity	http://example.org/stkg/id/platform_BTR80
http://example.org/stkg/id/obs_rel_BTR80_K2BlackPanther_20260205T224256Z_385_c_d	http://example.org/stkg/objectEntity	http://example.org/stkg/id/platform_K2BlackPanther
http://example.org/stkg/id/obs_rel_BTR80_K2BlackPanther_20260205T224256Z_385_c_d	http://example.org/stkg/relationType	http://example.org/stkg/id/relation_ahead_of
http://example.org/stkg/id/obs_rel_BTR80_K2BlackPanther_20260205T224256Z_385_c_d	http://example.org/stkg/time	"2026-02-05T22:42:56Z"^^<http://www.w3.org/2001/XMLSchema#dateTime>
http://example.org/stkg/id/obs_rel_K2BlackPanther_BTR80_20260205T224256Z_385_d_c	http://www.w3.org/1999/02/22-rdf-syntax-ns#type	http://example.org/stkg/id/SpatialRelationObservation
http://example.org/stkg/id/obs_rel_K2BlackPanther_BTR80_20260205T224256Z_385_d_c	http://example.org/stkg/subjectEntity	http://example.org/stkg/id/platform_K2BlackPanther
http://example.org/stkg/id/obs_rel_K2BlackPanther_BTR80_20260205T224256Z_385_d_c	http://example.org/stkg/objectEntity	http://example.org/stkg/id/platform_BTR80
http://example.org/stkg/id/obs_rel_K2BlackPanther_BTR80_20260205T224256Z_385_d_c	http://example.org/stkg/relationType	http://example.org/stkg/id/relation_behind_of
http://example.org/stkg/id/obs_rel_K2BlackPanther_BTR80_20260205T224256Z_385_d_c	http://example.org/stkg/time	"2026-02-05T22:42:56Z"^^<http://www.w3.org/2001/XMLSchema#dateTime>
http://example.org/stkg/id/obs_rel_K2BlackPanther_T90_20260205T224256Z_385_d_e	http://www.w3.org/1999/02/22-rdf-syntax-ns#type	http://example.org/stkg/id/SpatialRelationObservation
http://example.org/stkg/id/obs_rel_K2BlackPanther_T90_20260205T224256Z_385_d_e	http://example.org/stkg/subjectEntity	http://example.org/stkg/id/platform_K2BlackPanther
http://example.org/stkg/id/obs_rel_K2BlackPanther_T90_20260205T224256Z_385_d_e	http://example.org/stkg/objectEntity	http://example.org/stkg/id/platform_T90
http://example.org/stkg/id/obs_rel_K2BlackPanther_T90_20260205T224256Z_385_d_e	http://example.org/stkg/relationType	http://example.org/stkg/id/relation_ahead_of
http://example.org/stkg/id/obs_rel_K2BlackPanther_T90_20260205T224256Z_385_d_e	http://example.org/stkg/time	"2026-02-05T22:42:56Z"^^<http://www.w3.org/2001/XMLSchema#dateTime>
http://example.org/stkg/id/obs_rel_T90_K2BlackPanther_20260205T224256Z_385_e_d	http://www.w3.org/1999/02/22-rdf-syntax-ns#type	http://example.org/stkg/id/SpatialRelationObservation
http://example.org/stkg/id/obs_rel_T90_K2BlackPanther_20260205T224256Z_385_e_d	http://example.org/stkg/subjectEntity	http://example.org/stkg/id/platform_T90
http://example.org/stkg/id/obs_rel_T90_K2BlackPanther_20260205T224256Z_385_e_d	http://example.org/stkg/objectEntity	http://example.org/stkg/id/platform_K2BlackPanther
http://example.org/stkg/id/obs_rel_T90_K2BlackPanther_20260205T224256Z_385_e_d	http://example.org/stkg/relationType	http://example.org/stkg/id/relation_behind_of
http://example.org/stkg/id/obs_rel_T90_K2BlackPanther_20260205T224256Z_385_e_d	http://example.org/stkg/time	"2026-02-05T22:42:56Z"^^<http://www.w3.org/2001/XMLSchema#dateTime>
http://example.org/stkg/id/obs_rel_BTR80_T90_20260205T224256Z_385_c_e	http://www.w3.org/1999/02/22-rdf-syntax-ns#type	http://example.org/stkg/id/SpatialRelationObservation
http://example.org/stkg/id/obs_rel_BTR80_T90_20260205T224256Z_385_c_e	http://example.org/stkg/subjectEntity	http://example.org/stkg/id/platform_BTR80
http://example.org/stkg/id/obs_rel_BTR80_T90_20260205T224256Z_385_c_e	http://example.org/stkg/objectEntity	http://example.org/stkg/id/platform_T90
http://example.org/stkg/id/obs_rel_BTR80_T90_20260205T224256Z_385_c_e	http://example.org/stkg/relationType	http://example.org/stkg/id/relation_ahead_of
http://example.org/stkg/id/obs_rel_BTR80_T90_20260205T224256Z_385_c_e	http://example.org/stkg/time	"2026-02-05T22:42:56Z"^^<http://www.w3.org/2001/XMLSchema#dateTime>
http://example.org/stkg/id/obs_rel_T90_BTR80_20260205T224256Z_385_e_c	http://www.w3.org/1999/02/22-rdf-syntax-ns#type	http://example.org/stkg/id/SpatialRelationObservation
http://example.org/stkg/id/obs_rel_T90_BTR80_20260205T224256Z_385_e_c	http://example.org/stkg/subjectEntity	http://example.org/stkg/id/platform_T90
http://example.org/stkg/id/obs_rel_T90_BTR80_20260205T224256Z_385_e_c	http://example.org/stkg/objectEntity	http://example.org/stkg/id/platform_BTR80
http://example.org/stkg/id/obs_rel_T90_BTR80_20260205T224256Z_385_e_c	http://example.org/stkg/relationType	http://example.org/stkg/id/relation_behind_of
http://example.org/stkg/id/obs_rel_T90_BTR80_20260205T224256Z_385_e_c	http://example.org/stkg/time	"2026-02-05T22:42:56Z"^^<http://www.w3.org/2001/XMLSchema#dateTime>
http://example.org/stkg/id/obs_rel_BTR80_K2BlackPanther_20260205T224257Z_386_c_d	http://www.w3.org/1999/02/22-rdf-syntax-ns#type	http://example.org/stkg/id/SpatialRelationObservation
http://example.org/stkg/id/obs_rel_BTR80_K2BlackPanther_20260205T224257Z_386_c_d	http://example.org/stkg/subjectEntity	http://example.org/stkg/id/platform_BTR80
http://example.org/stkg/id/obs_rel_BTR80_K2BlackPanther_20260205T224257Z_386_c_d	http://example.org/stkg/objectEntity	http://example.org/stkg/id/platform_K2BlackPanther
http://example.org/stkg/id/obs_rel_BTR80_K2BlackPanther_20260205T224257Z_386_c_d	http://example.org/stkg/relationType	http://example.org/stkg/id/relation_ahead_of
http://example.org/stkg/id/obs_rel_BTR80_K2BlackPanther_20260205T224257Z_386_c_d	http://example.org/stkg/time	"2026-02-05T22:42:57Z"^^<http://www.w3.org/2001/XMLSchema#dateTime>
http://example.org/stkg/id/obs_rel_K2BlackPanther_BTR80_20260205T224257Z_386_d_c	http://www.w3.org/1999/02/22-rdf-syntax-ns#type	http://example.org/stkg/id/SpatialRelationObservation
http://example.org/stkg/id/obs_rel_K2BlackPanther_BTR80_20260205T224257Z_386_d_c	http://example.org/stkg/subjectEntity	http://example.org/stkg/id/platform_K2BlackPanther
http://example.org/stkg/id/obs_rel_K2BlackPanther_BTR80_20260205T224257Z_386_d_c	http://example.org/stkg/objectEntity	http://example.org/stkg/id/platform_BTR80
http://example.org/stkg/id/obs_rel_K2BlackPanther_BTR80_20260205T224257Z_386_d_c	http://example.org/stkg/relationType	http://example.org/stkg/id/relation_behind_of
http://example.org/stkg/id/obs_rel_K2BlackPanther_BTR80_20260205T224257Z_386_d_c	http://example.org/stkg/time	"2026-02-05T22:42:57Z"^^<http://www.w3.org/2001/XMLSchema#dateTime>
http://example.org/stkg/id/obs_rel_K2BlackPanther_T90_20260205T224257Z_386_d_e	http://www.w3.org/1999/02/22-rdf-syntax-ns#type	http://example.org/stkg/id/SpatialRelationObservation
http://example.org/stkg/id/obs_rel_K2BlackPanther_T90_20260205T224257Z_386_d_e	http://example.org/stkg/subjectEntity	http://example.org/stkg/id/platform_K2BlackPanther
http://example.org/stkg/id/obs_rel_K2BlackPanther_T90_20260205T224257Z_386_d_e	http://example.org/stkg/objectEntity	http://example.org/stkg/id/platform_T90
http://example.org/stkg/id/obs_rel_K2BlackPanther_T90_20260205T224257Z_386_d_e	http://example.org/stkg/relationType	http://example.org/stkg/id/relation_ahead_of
http://example.org/stkg/id/obs_rel_K2BlackPanther_T90_20260205T224257Z_386_d_e	http://example.org/stkg/time	"2026-02-05T22:42:57Z"^^<http://www.w3.org/2001/XMLSchema#dateTime>
http://example.org/stkg/id/obs_rel_T90_K2BlackPanther_20260205T224257Z_386_e_d	http://www.w3.org/1999/02/22-rdf-syntax-ns#type	http://example.org/stkg/id/SpatialRelationObservation
http://example.org/stkg/id/obs_rel_T90_K2BlackPanther_20260205T224257Z_386_e_d	http://example.org/stkg/subjectEntity	http://example.org/stkg/id/platform_T90
http://example.org/stkg/id/obs_rel_T90_K2BlackPanther_20260205T224257Z_386_e_d	http://example.org/stkg/objectEntity	http://example.org/stkg/id/platform_K2BlackPanther
http://example.org/stkg/id/obs_rel_T90_K2BlackPanther_20260205T224257Z_386_e_d	http://example.org/stkg/relationType	http://example.org/stkg/id/relation_behind_of
http://example.org/stkg/id/obs_rel_T90_K2BlackPanther_20260205T224257Z_386_e_d	http://example.org/stkg/time	"2026-02-05T22:42:57Z"^^<http://www.w3.org/2001/XMLSchema#dateTime>
http://example.org/stkg/id/obs_rel_BTR80_T90_20260205T224257Z_386_c_e	http://www.w3.org/1999/02/22-rdf-syntax-ns#type	http://example.org/stkg/id/SpatialRelationObservation
http://example.org/stkg/id/obs_rel_BTR80_T90_20260205T224257Z_386_c_e	http://example.org/stkg/subjectEntity	http://example.org/stkg/id/platform_BTR80
http://example.org/stkg/id/obs_rel_BTR80_T90_20260205T224257Z_386_c_e	http://example.org/stkg/objectEntity	http://example.org/stkg/id/platform_T90
http://example.org/stkg/id/obs_rel_BTR80_T90_20260205T224257Z_386_c_e	http://example.org/stkg/relationType	http://example.org/stkg/id/relation_ahead_of
http://example.org/stkg/id/obs_rel_BTR80_T90_20260205T224257Z_386_c_e	http://example.org/stkg/time	"2026-02-05T22:42:57Z"^^<http://www.w3.org/2001/XMLSchema#dateTime>
http://example.org/stkg/id/obs_rel_T90_BTR80_20260205T224257Z_386_e_c	http://www.w3.org/1999/02/22-rdf-syntax-ns#type	http://example.org/stkg/id/SpatialRelationObservation
http://example.org/stkg/id/obs_rel_T90_BTR80_20260205T224257Z_386_e_c	http://example.org/stkg/subjectEntity	http://example.org/stkg/id/platform_T90
http://example.org/stkg/id/obs_rel_T90_BTR80_20260205T224257Z_386_e_c	http://example.org/stkg/objectEntity	http://example.org/stkg/id/platform_BTR80
http://example.org/stkg/id/obs_rel_T90_BTR80_20260205T224257Z_386_e_c	http://example.org/stkg/relationType	http://example.org/stkg/id/relation_behind_of
http://example.org/stkg/id/obs_rel_T90_BTR80_20260205T224257Z_386_e_c	http://example.org/stkg/time	"2026-02-05T22:42:57Z"^^<http://www.w3.org/2001/XMLSchema#dateTime>
http://example.org/stkg/id/obs_rel_BTR80_K2BlackPanther_20260205T224258Z_387_c_d	http://www.w3.org/1999/02/22-rdf-syntax-ns#type	http://example.org/stkg/id/SpatialRelationObservation
http://example.org/stkg/id/obs_rel_BTR80_K2BlackPanther_20260205T224258Z_387_c_d	http://example.org/stkg/subjectEntity	http://example.org/stkg/id/platform_BTR80
http://example.org/stkg/id/obs_rel_BTR80_K2BlackPanther_20260205T224258Z_387_c_d	http://example.org/stkg/objectEntity	http://example.org/stkg/id/platform_K2BlackPanther
http://example.org/stkg/id/obs_rel_BTR80_K2BlackPanther_20260205T224258Z_387_c_d	http://example.org/stkg/relationType	http://example.org/stkg/id/relation_ahead_of
http://example.org/stkg/id/obs_rel_BTR80_K2BlackPanther_20260205T224258Z_387_c_d	http://example.org/stkg/time	"2026-02-05T22:42:58Z"^^<http://www.w3.org/2001/XMLSchema#dateTime>
http://example.org/stkg/id/obs_rel_K2BlackPanther_BTR80_20260205T224258Z_387_d_c	http://www.w3.org/1999/02/22-rdf-syntax-ns#type	http://example.org/stkg/id/SpatialRelationObservation
http://example.org/stkg/id/obs_rel_K2BlackPanther_BTR80_20260205T224258Z_387_d_c	http://example.org/stkg/subjectEntity	http://example.org/stkg/id/platform_K2BlackPanther
http://example.org/stkg/id/obs_rel_K2BlackPanther_BTR80_20260205T224258Z_387_d_c	http://example.org/stkg/objectEntity	http://example.org/stkg/id/platform_BTR80
http://example.org/stkg/id/obs_rel_K2BlackPanther_BTR80_20260205T224258Z_387_d_c	http://example.org/stkg/relationType	http://example.org/stkg/id/relation_behind_of
http://example.org/stkg/id/obs_rel_K2BlackPanther_BTR80_20260205T224258Z_387_d_c	http://example.org/stkg/time	"2026-02-05T22:42:58Z"^^<http://www.w3.org/2001/XMLSchema#dateTime>
http://example.org/stkg/id/obs_rel_K2BlackPanther_T90_20260205T224258Z_387_d_e	http://www.w3.org/1999/02/22-rdf-syntax-ns#type	http://example.org/stkg/id/SpatialRelationObservation
http://example.org/stkg/id/obs_rel_K2BlackPanther_T90_20260205T224258Z_387_d_e	http://example.org/stkg/subjectEntity	http://example.org/stkg/id/platform_K2BlackPanther
http://example.org/stkg/id/obs_rel_K2BlackPanther_T90_20260205T224258Z_387_d_e	http://example.org/stkg/objectEntity	http://example.org/stkg/id/platform_T90
http://example.org/stkg/id/obs_rel_K2BlackPanther_T90_20260205T224258Z_387_d_e	http://example.org/stkg/relationType	http://example.org/stkg/id/relation_ahead_of
http://example.org/stkg/id/obs_rel_K2BlackPanther_T90_20260205T224258Z_387_d_e	http://example.org/stkg/time	"2026-02-05T22:42:58Z"^^<http://www.w3.org/2001/XMLSchema#dateTime>
http://example.org/stkg/id/obs_rel_T90_K2BlackPanther_20260205T224258Z_387_e_d	http://www.w3.org/1999/02/22-rdf-syntax-ns#type	http://example.org/stkg/id/SpatialRelationObservation
http://example.org/stkg/id/obs_rel_T90_K2BlackPanther_20260205T224258Z_387_e_d	http://example.org/stkg/subjectEntity	http://example.org/stkg/id/platform_T90
http://example.org/stkg/id/obs_rel_T90_K2BlackPanther_20260205T224258Z_387_e_d	http://example.org/stkg/objectEntity	http://example.org/stkg/id/platform_K2BlackPanther
http://example.org/stkg/id/obs_rel_T90_K2BlackPanther_20260205T224258Z_387_e_d	http://example.org/stkg/relationType	http://example.org/stkg/id/relation_behind_of
http://example.org/stkg/id/obs_rel_T90_K2BlackPanther_20260205T224258Z_387_e_d	http://example.org/stkg/time	"2026-02-05T22:42:58Z"^^<http://www.w3.org/2001/XMLSchema#dateTime>
http://example.org/stkg/id/obs_rel_BTR80_T90_20260205T224258Z_387_c_e	http://www.w3.org/1999/02/22-rdf-syntax-ns#type	http://example.org/stkg/id/SpatialRelationObservation
http://example.org/stkg/id/obs_rel_BTR80_T90_20260205T224258Z_387_c_e	http://example.org/stkg/subjectEntity	http://example.org/stkg/id/platform_BTR80
http://example.org/stkg/id/obs_rel_BTR80_T90_20260205T224258Z_387_c_e	http://example.org/stkg/objectEntity	http://example.org/stkg/id/platform_T90
http://example.org/stkg/id/obs_rel_BTR80_T90_20260205T224258Z_387_c_e	http://example.org/stkg/relationType	http://example.org/stkg/id/relation_ahead_of
http://example.org/stkg/id/obs_rel_BTR80_T90_20260205T224258Z_387_c_e	http://example.org/stkg/time	"2026-02-05T22:42:58Z"^^<http://www.w3.org/2001/XMLSchema#dateTime>
http://example.org/stkg/id/obs_rel_T90_BTR80_20260205T224258Z_387_e_c	http://www.w3.org/1999/02/22-rdf-syntax-ns#type	http://example.org/stkg/id/SpatialRelationObservation
http://example.org/stkg/id/obs_rel_T90_BTR80_20260205T224258Z_387_e_c	http://example.org/stkg/subjectEntity	http://example.org/stkg/id/platform_T90
http://example.org/stkg/id/obs_rel_T90_BTR80_20260205T224258Z_387_e_c	http://example.org/stkg/objectEntity	http://example.org/stkg/id/platform_BTR80
http://example.org/stkg/id/obs_rel_T90_BTR80_20260205T224258Z_387_e_c	http://example.org/stkg/relationType	http://example.org/stkg/id/relation_behind_of
http://example.org/stkg/id/obs_rel_T90_BTR80_20260205T224258Z_387_e_c	http://example.org/stkg/time	"2026-02-05T22:42:58Z"^^<http://www.w3.org/2001/XMLSchema#dateTime>
http://example.org/stkg/id/obs_rel_BTR80_K2BlackPanther_20260205T224259Z_388_c_d	http://www.w3.org/1999/02/22-rdf-syntax-ns#type	http://example.org/stkg/id/SpatialRelationObservation
http://example.org/stkg/id/obs_rel_BTR80_K2BlackPanther_20260205T224259Z_388_c_d	http://example.org/stkg/subjectEntity	http://example.org/stkg/id/platform_BTR80
http://example.org/stkg/id/obs_rel_BTR80_K2BlackPanther_20260205T224259Z_388_c_d	http://example.org/stkg/objectEntity	http://example.org/stkg/id/platform_K2BlackPanther
http://example.org/stkg/id/obs_rel_BTR80_K2BlackPanther_20260205T224259Z_388_c_d	http://example.org/stkg/relationType	http://example.org/stkg/id/relation_ahead_of
http://example.org/stkg/id/obs_rel_BTR80_K2BlackPanther_20260205T224259Z_388_c_d	http://example.org/stkg/time	"2026-02-05T22:42:59Z"^^<http://www.w3.org/2001/XMLSchema#dateTime>
http://example.org/stkg/id/obs_rel_K2BlackPanther_BTR80_20260205T224259Z_388_d_c	http://www.w3.org/1999/02/22-rdf-syntax-ns#type	http://example.org/stkg/id/SpatialRelationObservation
http://example.org/stkg/id/obs_rel_K2BlackPanther_BTR80_20260205T224259Z_388_d_c	http://example.org/stkg/subjectEntity	http://example.org/stkg/id/platform_K2BlackPanther
http://example.org/stkg/id/obs_rel_K2BlackPanther_BTR80_20260205T224259Z_388_d_c	http://example.org/stkg/objectEntity	http://example.org/stkg/id/platform_BTR80
http://example.org/stkg/id/obs_rel_K2BlackPanther_BTR80_20260205T224259Z_388_d_c	http://example.org/stkg/relationType	http://example.org/stkg/id/relation_behind_of
http://example.org/stkg/id/obs_rel_K2BlackPanther_BTR80_20260205T224259Z_388_d_c	http://example.org/stkg/time	"2026-02-05T22:42:59Z"^^<http://www.w3.org/2001/XMLSchema#dateTime>
http://example.org/stkg/id/obs_rel_K2BlackPanther_T90_20260205T224259Z_388_d_e	http://www.w3.org/1999/02/22-rdf-syntax-ns#type	http://example.org/stkg/id/SpatialRelationObservation
http://example.org/stkg/id/obs_rel_K2BlackPanther_T90_20260205T224259Z_388_d_e	http://example.org/stkg/subjectEntity	http://example.org/stkg/id/platform_K2BlackPanther
http://example.org/stkg/id/obs_rel_K2BlackPanther_T90_20260205T224259Z_388_d_e	http://example.org/stkg/objectEntity	http://example.org/stkg/id/platform_T90
http://example.org/stkg/id/obs_rel_K2BlackPanther_T90_20260205T224259Z_388_d_e	http://example.org/stkg/relationType	http://example.org/stkg/id/relation_ahead_of
http://example.org/stkg/id/obs_rel_K2BlackPanther_T90_20260205T224259Z_388_d_e	http://example.org/stkg/time	"2026-02-05T22:42:59Z"^^<http://www.w3.org/2001/XMLSchema#dateTime>
http://example.org/stkg/id/obs_rel_T90_K2BlackPanther_20260205T224259Z_388_e_d	http://www.w3.org/1999/02/22-rdf-syntax-ns#type	http://example.org/stkg/id/SpatialRelationObservation
http://example.org/stkg/id/obs_rel_T90_K2BlackPanther_20260205T224259Z_388_e_d	http://example.org/stkg/subjectEntity	http://example.org/stkg/id/platform_T90
http://example.org/stkg/id/obs_rel_T90_K2BlackPanther_20260205T224259Z_388_e_d	http://example.org/stkg/objectEntity	http://example.org/stkg/id/platform_K2BlackPanther
http://example.org/stkg/id/obs_rel_T90_K2BlackPanther_20260205T224259Z_388_e_d	http://example.org/stkg/relationType	http://example.org/stkg/id/relation_behind_of
http://example.org/stkg/id/obs_rel_T90_K2BlackPanther_20260205T224259Z_388_e_d	http://example.org/stkg/time	"2026-02-05T22:42:59Z"^^<http://www.w3.org/2001/XMLSchema#dateTime>
http://example.org/stkg/id/obs_rel_BTR80_T90_20260205T224259Z_388_c_e	http://www.w3.org/1999/02/22-rdf-syntax-ns#type	http://example.org/stkg/id/SpatialRelationObservation
http://example.org/stkg/id/obs_rel_BTR80_T90_20260205T224259Z_388_c_e	http://example.org/stkg/subjectEntity	http://example.org/stkg/id/platform_BTR80
http://example.org/stkg/id/obs_rel_BTR80_T90_20260205T224259Z_388_c_e	http://example.org/stkg/objectEntity	http://example.org/stkg/id/platform_T90
http://example.org/stkg/id/obs_rel_BTR80_T90_20260205T224259Z_388_c_e	http://example.org/stkg/relationType	http://example.org/stkg/id/relation_ahead_of
http://example.org/stkg/id/obs_rel_BTR80_T90_20260205T224259Z_388_c_e	http://example.org/stkg/time	"2026-02-05T22:42:59Z"^^<http://www.w3.org/2001/XMLSchema#dateTime>
http://example.org/stkg/id/obs_rel_T90_BTR80_20260205T224259Z_388_e_c	http://www.w3.org/1999/02/22-rdf-syntax-ns#type	http://example.org/stkg/id/SpatialRelationObservation
http://example.org/stkg/id/obs_rel_T90_BTR80_20260205T224259Z_388_e_c	http://example.org/stkg/subjectEntity	http://example.org/stkg/id/platform_T90
http://example.org/stkg/id/obs_rel_T90_BTR80_20260205T224259Z_388_e_c	http://example.org/stkg/objectEntity	http://example.org/stkg/id/platform_BTR80
http://example.org/stkg/id/obs_rel_T90_BTR80_20260205T224259Z_388_e_c	http://example.org/stkg/relationType	http://example.org/stkg/id/relation_behind_of
http://example.org/stkg/id/obs_rel_T90_BTR80_20260205T224259Z_388_e_c	http://example.org/stkg/time	"2026-02-05T22:42:59Z"^^<http://www.w3.org/2001/XMLSchema#dateTime>
http://example.org/stkg/id/obs_rel_BTR80_K2BlackPanther_20260205T224300Z_389_c_d	http://www.w3.org/1999/02/22-rdf-syntax-ns#type	http://example.org/stkg/id/SpatialRelationObservation
http://example.org/stkg/id/obs_rel_BTR80_K2BlackPanther_20260205T224300Z_389_c_d	http://example.org/stkg/subjectEntity	http://example.org/stkg/id/platform_BTR80
http://example.org/stkg/id/obs_rel_BTR80_K2BlackPanther_20260205T224300Z_389_c_d	http://example.org/stkg/objectEntity	http://example.org/stkg/id/platform_K2BlackPanther
http://example.org/stkg/id/obs_rel_BTR80_K2BlackPanther_20260205T224300Z_389_c_d	http://example.org/stkg/relationType	http://example.org/stkg/id/relation_ahead_of
http://example.org/stkg/id/obs_rel_BTR80_K2BlackPanther_20260205T224300Z_389_c_d	http://example.org/stkg/time	"2026-02-05T22:43:00Z"^^<http://www.w3.org/2001/XMLSchema#dateTime>
http://example.org/stkg/id/obs_rel_K2BlackPanther_BTR80_20260205T224300Z_389_d_c	http://www.w3.org/1999/02/22-rdf-syntax-ns#type	http://example.org/stkg/id/SpatialRelationObservation
http://example.org/stkg/id/obs_rel_K2BlackPanther_BTR80_20260205T224300Z_389_d_c	http://example.org/stkg/subjectEntity	http://example.org/stkg/id/platform_K2BlackPanther
http://example.org/stkg/id/obs_rel_K2BlackPanther_BTR80_20260205T224300Z_389_d_c	http://example.org/stkg/objectEntity	http://example.org/stkg/id/platform_BTR80
http://example.org/stkg/id/obs_rel_K2BlackPanther_BTR80_20260205T224300Z_389_d_c	http://example.org/stkg/relationType	http://example.org/stkg/id/relation_behind_of
http://example.org/stkg/id/obs_rel_K2BlackPanther_BTR80_20260205T224300Z_389_d_c	http://example.org/stkg/time	"2026-02-05T22:43:00Z"^^<http://www.w3.org/2001/XMLSchema#dateTime>
http://example.org/stkg/id/obs_rel_K2BlackPanther_T90_20260205T224300Z_389_d_e	http://www.w3.org/1999/02/22-rdf-syntax-ns#type	http://example.org/stkg/id/SpatialRelationObservation
http://example.org/stkg/id/obs_rel_K2BlackPanther_T90_20260205T224300Z_389_d_e	http://example.org/stkg/subjectEntity	http://example.org/stkg/id/platform_K2BlackPanther
http://example.org/stkg/id/obs_rel_K2BlackPanther_T90_20260205T224300Z_389_d_e	http://example.org/stkg/objectEntity	http://example.org/stkg/id/platform_T90
http://example.org/stkg/id/obs_rel_K2BlackPanther_T90_20260205T224300Z_389_d_e	http://example.org/stkg/relationType	http://example.org/stkg/id/relation_ahead_of
http://example.org/stkg/id/obs_rel_K2BlackPanther_T90_20260205T224300Z_389_d_e	http://example.org/stkg/time	"2026-02-05T22:43:00Z"^^<http://www.w3.org/2001/XMLSchema#dateTime>
http://example.org/stkg/id/obs_rel_T90_K2BlackPanther_20260205T224300Z_389_e_d	http://www.w3.org/1999/02/22-rdf-syntax-ns#type	http://example.org/stkg/id/SpatialRelationObservation
http://example.org/stkg/id/obs_rel_T90_K2BlackPanther_20260205T224300Z_389_e_d	http://example.org/stkg/subjectEntity	http://example.org/stkg/id/platform_T90
http://example.org/stkg/id/obs_rel_T90_K2BlackPanther_20260205T224300Z_389_e_d	http://example.org/stkg/objectEntity	http://example.org/stkg/id/platform_K2BlackPanther
http://example.org/stkg/id/obs_rel_T90_K2BlackPanther_20260205T224300Z_389_e_d	http://example.org/stkg/relationType	http://example.org/stkg/id/relation_behind_of
http://example.org/stkg/id/obs_rel_T90_K2BlackPanther_20260205T224300Z_389_e_d	http://example.org/stkg/time	"2026-02-05T22:43:00Z"^^<http://www.w3.org/2001/XMLSchema#dateTime>
http://example.org/stkg/id/obs_rel_BTR80_T90_20260205T224300Z_389_c_e	http://www.w3.org/1999/02/22-rdf-syntax-ns#type	http://example.org/stkg/id/SpatialRelationObservation
http://example.org/stkg/id/obs_rel_BTR80_T90_20260205T224300Z_389_c_e	http://example.org/stkg/subjectEntity	http://example.org/stkg/id/platform_BTR80
http://example.org/stkg/id/obs_rel_BTR80_T90_20260205T224300Z_389_c_e	http://example.org/stkg/objectEntity	http://example.org/stkg/id/platform_T90
http://example.org/stkg/id/obs_rel_BTR80_T90_20260205T224300Z_389_c_e	http://example.org/stkg/relationType	http://example.org/stkg/id/relation_ahead_of
http://example.org/stkg/id/obs_rel_BTR80_T90_20260205T224300Z_389_c_e	http://example.org/stkg/time	"2026-02-05T22:43:00Z"^^<http://www.w3.org/2001/XMLSchema#dateTime>
http://example.org/stkg/id/obs_rel_T90_BTR80_20260205T224300Z_389_e_c	http://www.w3.org/1999/02/22-rdf-syntax-ns#type	http://example.org/stkg/id/SpatialRelationObservation
http://example.org/stkg/id/obs_rel_T90_BTR80_20260205T224300Z_389_e_c	http://example.org/stkg/subjectEntity	http://example.org/stkg/id/platform_T90
http://example.org/stkg/id/obs_rel_T90_BTR80_20260205T224300Z_389_e_c	http://example.org/stkg/objectEntity	http://example.org/stkg/id/platform_BTR80
http://example.org/stkg/id/obs_rel_T90_BTR80_20260205T224300Z_389_e_c	http://example.org/stkg/relationType	http://example.org/stkg/id/relation_behind_of
http://example.org/stkg/id/obs_rel_T90_BTR80_20260205T224300Z_389_e_c	http://example.org/stkg/time	"2026-02-05T22:43:00Z"^^<http://www.w3.org/2001/XMLSchema#dateTime>
http://example.org/stkg/id/obs_rel_BTR80_K2BlackPanther_20260205T224301Z_390_c_d	http://www.w3.org/1999/02/22-rdf-syntax-ns#type	http://example.org/stkg/id/SpatialRelationObservation
http://example.org/stkg/id/obs_rel_BTR80_K2BlackPanther_20260205T224301Z_390_c_d	http://example.org/stkg/subjectEntity	http://example.org/stkg/id/platform_BTR80
http://example.org/stkg/id/obs_rel_BTR80_K2BlackPanther_20260205T224301Z_390_c_d	http://example.org/stkg/objectEntity	http://example.org/stkg/id/platform_K2BlackPanther
http://example.org/stkg/id/obs_rel_BTR80_K2BlackPanther_20260205T224301Z_390_c_d	http://example.org/stkg/relationType	http://example.org/stkg/id/relation_ahead_of
http://example.org/stkg/id/obs_rel_BTR80_K2BlackPanther_20260205T224301Z_390_c_d	http://example.org/stkg/time	"2026-02-05T22:43:01Z"^^<http://www.w3.org/2001/XMLSchema#dateTime>
http://example.org/stkg/id/obs_rel_K2BlackPanther_BTR80_20260205T224301Z_390_d_c	http://www.w3.org/1999/02/22-rdf-syntax-ns#type	http://example.org/stkg/id/SpatialRelationObservation
http://example.org/stkg/id/obs_rel_K2BlackPanther_BTR80_20260205T224301Z_390_d_c	http://example.org/stkg/subjectEntity	http://example.org/stkg/id/platform_K2BlackPanther
http://example.org/stkg/id/obs_rel_K2BlackPanther_BTR80_20260205T224301Z_390_d_c	http://example.org/stkg/objectEntity	http://example.org/stkg/id/platform_BTR80
http://example.org/stkg/id/obs_rel_K2BlackPanther_BTR80_20260205T224301Z_390_d_c	http://example.org/stkg/relationType	http://example.org/stkg/id/relation_behind_of
http://example.org/stkg/id/obs_rel_K2BlackPanther_BTR80_20260205T224301Z_390_d_c	http://example.org/stkg/time	"2026-02-05T22:43:01Z"^^<http://www.w3.org/2001/XMLSchema#dateTime>
http://example.org/stkg/id/obs_rel_K2BlackPanther_T90_20260205T224301Z_390_d_e	http://www.w3.org/1999/02/22-rdf-syntax-ns#type	http://example.org/stkg/id/SpatialRelationObservation
http://example.org/stkg/id/obs_rel_K2BlackPanther_T90_20260205T224301Z_390_d_e	http://example.org/stkg/subjectEntity	http://example.org/stkg/id/platform_K2BlackPanther
http://example.org/stkg/id/obs_rel_K2BlackPanther_T90_20260205T224301Z_390_d_e	http://example.org/stkg/objectEntity	http://example.org/stkg/id/platform_T90
http://example.org/stkg/id/obs_rel_K2BlackPanther_T90_20260205T224301Z_390_d_e	http://example.org/stkg/relationType	http://example.org/stkg/id/relation_ahead_of
http://example.org/stkg/id/obs_rel_K2BlackPanther_T90_20260205T224301Z_390_d_e	http://example.org/stkg/time	"2026-02-05T22:43:01Z"^^<http://www.w3.org/2001/XMLSchema#dateTime>
http://example.org/stkg/id/obs_rel_T90_K2BlackPanther_20260205T224301Z_390_e_d	http://www.w3.org/1999/02/22-rdf-syntax-ns#type	http://example.org/stkg/id/SpatialRelationObservation
http://example.org/stkg/id/obs_rel_T90_K2BlackPanther_20260205T224301Z_390_e_d	http://example.org/stkg/subjectEntity	http://example.org/stkg/id/platform_T90
http://example.org/stkg/id/obs_rel_T90_K2BlackPanther_20260205T224301Z_390_e_d	http://example.org/stkg/objectEntity	http://example.org/stkg/id/platform_K2BlackPanther
http://example.org/stkg/id/obs_rel_T90_K2BlackPanther_20260205T224301Z_390_e_d	http://example.org/stkg/relationType	http://example.org/stkg/id/relation_behind_of
http://example.org/stkg/id/obs_rel_T90_K2BlackPanther_20260205T224301Z_390_e_d	http://example.org/stkg/time	"2026-02-05T22:43:01Z"^^<http://www.w3.org/2001/XMLSchema#dateTime>
http://example.org/stkg/id/obs_rel_BTR80_T90_20260205T224301Z_390_c_e	http://www.w3.org/1999/02/22-rdf-syntax-ns#type	http://example.org/stkg/id/SpatialRelationObservation
http://example.org/stkg/id/obs_rel_BTR80_T90_20260205T224301Z_390_c_e	http://example.org/stkg/subjectEntity	http://example.org/stkg/id/platform_BTR80
http://example.org/stkg/id/obs_rel_BTR80_T90_20260205T224301Z_390_c_e	http://example.org/stkg/objectEntity	http://example.org/stkg/id/platform_T90
http://example.org/stkg/id/obs_rel_BTR80_T90_20260205T224301Z_390_c_e	http://example.org/stkg/relationType	http://example.org/stkg/id/relation_ahead_of
http://example.org/stkg/id/obs_rel_BTR80_T90_20260205T224301Z_390_c_e	http://example.org/stkg/time	"2026-02-05T22:43:01Z"^^<http://www.w3.org/2001/XMLSchema#dateTime>
http://example.org/stkg/id/obs_rel_T90_BTR80_20260205T224301Z_390_e_c	http://www.w3.org/1999/02/22-rdf-syntax-ns#type	http://example.org/stkg/id/SpatialRelationObservation
http://example.org/stkg/id/obs_rel_T90_BTR80_20260205T224301Z_390_e_c	http://example.org/stkg/subjectEntity	http://example.org/stkg/id/platform_T90
http://example.org/stkg/id/obs_rel_T90_BTR80_20260205T224301Z_390_e_c	http://example.org/stkg/objectEntity	http://example.org/stkg/id/platform_BTR80
http://example.org/stkg/id/obs_rel_T90_BTR80_20260205T224301Z_390_e_c	http://example.org/stkg/relationType	http://example.org/stkg/id/relation_behind_of
http://example.org/stkg/id/obs_rel_T90_BTR80_20260205T224301Z_390_e_c	http://example.org/stkg/time	"2026-02-05T22:43:01Z"^^<http://www.w3.org/2001/XMLSchema#dateTime>
http://example.org/stkg/id/obs_rel_BTR80_K2BlackPanther_20260205T224302Z_391_c_d	http://www.w3.org/1999/02/22-rdf-syntax-ns#type	http://example.org/stkg/id/SpatialRelationObservation
http://example.org/stkg/id/obs_rel_BTR80_K2BlackPanther_20260205T224302Z_391_c_d	http://example.org/stkg/subjectEntity	http://example.org/stkg/id/platform_BTR80
http://example.org/stkg/id/obs_rel_BTR80_K2BlackPanther_20260205T224302Z_391_c_d	http://example.org/stkg/objectEntity	http://example.org/stkg/id/platform_K2BlackPanther
http://example.org/stkg/id/obs_rel_BTR80_K2BlackPanther_20260205T224302Z_391_c_d	http://example.org/stkg/relationType	http://example.org/stkg/id/relation_ahead_of
http://example.org/stkg/id/obs_rel_BTR80_K2BlackPanther_20260205T224302Z_391_c_d	http://example.org/stkg/time	"2026-02-05T22:43:02Z"^^<http://www.w3.org/2001/XMLSchema#dateTime>
http://example.org/stkg/id/obs_rel_K2BlackPanther_BTR80_20260205T224302Z_391_d_c	http://www.w3.org/1999/02/22-rdf-syntax-ns#type	http://example.org/stkg/id/SpatialRelationObservation
http://example.org/stkg/id/obs_rel_K2BlackPanther_BTR80_20260205T224302Z_391_d_c	http://example.org/stkg/subjectEntity	http://example.org/stkg/id/platform_K2BlackPanther
http://example.org/stkg/id/obs_rel_K2BlackPanther_BTR80_20260205T224302Z_391_d_c	http://example.org/stkg/objectEntity	http://example.org/stkg/id/platform_BTR80
http://example.org/stkg/id/obs_rel_K2BlackPanther_BTR80_20260205T224302Z_391_d_c	http://example.org/stkg/relationType	http://example.org/stkg/id/relation_behind_of
http://example.org/stkg/id/obs_rel_K2BlackPanther_BTR80_20260205T224302Z_391_d_c	http://example.org/stkg/time	"2026-02-05T22:43:02Z"^^<http://www.w3.org/2001/XMLSchema#dateTime>
http://example.org/stkg/id/obs_rel_K2BlackPanther_T90_20260205T224302Z_391_d_e	http://www.w3.org/1999/02/22-rdf-syntax-ns#type	http://example.org/stkg/id/SpatialRelationObservation
http://example.org/stkg/id/obs_rel_K2BlackPanther_T90_20260205T224302Z_391_d_e	http://example.org/stkg/subjectEntity	http://example.org/stkg/id/platform_K2BlackPanther
http://example.org/stkg/id/obs_rel_K2BlackPanther_T90_20260205T224302Z_391_d_e	http://example.org/stkg/objectEntity	http://example.org/stkg/id/platform_T90
http://example.org/stkg/id/obs_rel_K2BlackPanther_T90_20260205T224302Z_391_d_e	http://example.org/stkg/relationType	http://example.org/stkg/id/relation_ahead_of
http://example.org/stkg/id/obs_rel_K2BlackPanther_T90_20260205T224302Z_391_d_e	http://example.org/stkg/time	"2026-02-05T22:43:02Z"^^<http://www.w3.org/2001/XMLSchema#dateTime>
http://example.org/stkg/id/obs_rel_T90_K2BlackPanther_20260205T224302Z_391_e_d	http://www.w3.org/1999/02/22-rdf-syntax-ns#type	http://example.org/stkg/id/SpatialRelationObservation
http://example.org/stkg/id/obs_rel_T90_K2BlackPanther_20260205T224302Z_391_e_d	http://example.org/stkg/subjectEntity	http://example.org/stkg/id/platform_T90
http://example.org/stkg/id/obs_rel_T90_K2BlackPanther_20260205T224302Z_391_e_d	http://example.org/stkg/objectEntity	http://example.org/stkg/id/platform_K2BlackPanther
http://example.org/stkg/id/obs_rel_T90_K2BlackPanther_20260205T224302Z_391_e_d	http://example.org/stkg/relationType	http://example.org/stkg/id/relation_behind_of
http://example.org/stkg/id/obs_rel_T90_K2BlackPanther_20260205T224302Z_391_e_d	http://example.org/stkg/time	"2026-02-05T22:43:02Z"^^<http://www.w3.org/2001/XMLSchema#dateTime>
http://example.org/stkg/id/obs_rel_BTR80_T90_20260205T224302Z_391_c_e	http://www.w3.org/1999/02/22-rdf-syntax-ns#type	http://example.org/stkg/id/SpatialRelationObservation
http://example.org/stkg/id/obs_rel_BTR80_T90_20260205T224302Z_391_c_e	http://example.org/stkg/subjectEntity	http://example.org/stkg/id/platform_BTR80
http://example.org/stkg/id/obs_rel_BTR80_T90_20260205T224302Z_391_c_e	http://example.org/stkg/objectEntity	http://example.org/stkg/id/platform_T90
http://example.org/stkg/id/obs_rel_BTR80_T90_20260205T224302Z_391_c_e	http://example.org/stkg/relationType	http://example.org/stkg/id/relation_ahead_of
http://example.org/stkg/id/obs_rel_BTR80_T90_20260205T224302Z_391_c_e	http://example.org/stkg/time	"2026-02-05T22:43:02Z"^^<http://www.w3.org/2001/XMLSchema#dateTime>
http://example.org/stkg/id/obs_rel_T90_BTR80_20260205T224302Z_391_e_c	http://www.w3.org/1999/02/22-rdf-syntax-ns#type	http://example.org/stkg/id/SpatialRelationObservation
http://example.org/stkg/id/obs_rel_T90_BTR80_20260205T224302Z_391_e_c	http://example.org/stkg/subjectEntity	http://example.org/stkg/id/platform_T90
http://example.org/stkg/id/obs_rel_T90_BTR80_20260205T224302Z_391_e_c	http://example.org/stkg/objectEntity	http://example.org/stkg/id/platform_BTR80
http://example.org/stkg/id/obs_rel_T90_BTR80_20260205T224302Z_391_e_c	http://example.org/stkg/relationType	http://example.org/stkg/id/relation_behind_of
http://example.org/stkg/id/obs_rel_T90_BTR80_20260205T224302Z_391_e_c	http://example.org/stkg/time	"2026-02-05T22:43:02Z"^^<http://www.w3.org/2001/XMLSchema#dateTime>
http://example.org/stkg/id/obs_rel_BTR80_K2BlackPanther_20260205T224303Z_392_c_d	http://www.w3.org/1999/02/22-rdf-syntax-ns#type	http://example.org/stkg/id/SpatialRelationObservation
http://example.org/stkg/id/obs_rel_BTR80_K2BlackPanther_20260205T224303Z_392_c_d	http://example.org/stkg/subjectEntity	http://example.org/stkg/id/platform_BTR80
http://example.org/stkg/id/obs_rel_BTR80_K2BlackPanther_20260205T224303Z_392_c_d	http://example.org/stkg/objectEntity	http://example.org/stkg/id/platform_K2BlackPanther
http://example.org/stkg/id/obs_rel_BTR80_K2BlackPanther_20260205T224303Z_392_c_d	http://example.org/stkg/relationType	http://example.org/stkg/id/relation_ahead_of
http://example.org/stkg/id/obs_rel_BTR80_K2BlackPanther_20260205T224303Z_392_c_d	http://example.org/stkg/time	"2026-02-05T22:43:03Z"^^<http://www.w3.org/2001/XMLSchema#dateTime>
http://example.org/stkg/id/obs_rel_K2BlackPanther_BTR80_20260205T224303Z_392_d_c	http://www.w3.org/1999/02/22-rdf-syntax-ns#type	http://example.org/stkg/id/SpatialRelationObservation
http://example.org/stkg/id/obs_rel_K2BlackPanther_BTR80_20260205T224303Z_392_d_c	http://example.org/stkg/subjectEntity	http://example.org/stkg/id/platform_K2BlackPanther
http://example.org/stkg/id/obs_rel_K2BlackPanther_BTR80_20260205T224303Z_392_d_c	http://example.org/stkg/objectEntity	http://example.org/stkg/id/platform_BTR80
http://example.org/stkg/id/obs_rel_K2BlackPanther_BTR80_20260205T224303Z_392_d_c	http://example.org/stkg/relationType	http://example.org/stkg/id/relation_behind_of
http://example.org/stkg/id/obs_rel_K2BlackPanther_BTR80_20260205T224303Z_392_d_c	http://example.org/stkg/time	"2026-02-05T22:43:03Z"^^<http://www.w3.org/2001/XMLSchema#dateTime>
http://example.org/stkg/id/obs_rel_K2BlackPanther_T90_20260205T224303Z_392_d_e	http://www.w3.org/1999/02/22-rdf-syntax-ns#type	http://example.org/stkg/id/SpatialRelationObservation
http://example.org/stkg/id/obs_rel_K2BlackPanther_T90_20260205T224303Z_392_d_e	http://example.org/stkg/subjectEntity	http://example.org/stkg/id/platform_K2BlackPanther
http://example.org/stkg/id/obs_rel_K2BlackPanther_T90_20260205T224303Z_392_d_e	http://example.org/stkg/objectEntity	http://example.org/stkg/id/platform_T90
http://example.org/stkg/id/obs_rel_K2BlackPanther_T90_20260205T224303Z_392_d_e	http://example.org/stkg/relationType	http://example.org/stkg/id/relation_ahead_of
http://example.org/stkg/id/obs_rel_K2BlackPanther_T90_20260205T224303Z_392_d_e	http://example.org/stkg/time	"2026-02-05T22:43:03Z"^^<http://www.w3.org/2001/XMLSchema#dateTime>
http://example.org/stkg/id/obs_rel_T90_K2BlackPanther_20260205T224303Z_392_e_d	http://www.w3.org/1999/02/22-rdf-syntax-ns#type	http://example.org/stkg/id/SpatialRelationObservation
http://example.org/stkg/id/obs_rel_T90_K2BlackPanther_20260205T224303Z_392_e_d	http://example.org/stkg/subjectEntity	http://example.org/stkg/id/platform_T90
http://example.org/stkg/id/obs_rel_T90_K2BlackPanther_20260205T224303Z_392_e_d	http://example.org/stkg/objectEntity	http://example.org/stkg/id/platform_K2BlackPanther
http://example.org/stkg/id/obs_rel_T90_K2BlackPanther_20260205T224303Z_392_e_d	http://example.org/stkg/relationType	http://example.org/stkg/id/relation_behind_of
http://example.org/stkg/id/obs_rel_T90_K2BlackPanther_20260205T224303Z_392_e_d	http://example.org/stkg/time	"2026-02-05T22:43:03Z"^^<http://www.w3.org/2001/XMLSchema#dateTime>
http://example.org/stkg/id/obs_rel_BTR80_T90_20260205T224303Z_392_c_e	http://www.w3.org/1999/02/22-rdf-syntax-ns#type	http://example.org/stkg/id/SpatialRelationObservation
http://example.org/stkg/id/obs_rel_BTR80_T90_20260205T224303Z_392_c_e	http://example.org/stkg/subjectEntity	http://example.org/stkg/id/platform_BTR80
http://example.org/stkg/id/obs_rel_BTR80_T90_20260205T224303Z_392_c_e	http://example.org/stkg/objectEntity	http://example.org/stkg/id/platform_T90
http://example.org/stkg/id/obs_rel_BTR80_T90_20260205T224303Z_392_c_e	http://example.org/stkg/relationType	http://example.org/stkg/id/relation_ahead_of
http://example.org/stkg/id/obs_rel_BTR80_T90_20260205T224303Z_392_c_e	http://example.org/stkg/time	"2026-02-05T22:43:03Z"^^<http://www.w3.org/2001/XMLSchema#dateTime>
http://example.org/stkg/id/obs_rel_T90_BTR80_20260205T224303Z_392_e_c	http://www.w3.org/1999/02/22-rdf-syntax-ns#type	http://example.org/stkg/id/SpatialRelationObservation
http://example.org/stkg/id/obs_rel_T90_BTR80_20260205T224303Z_392_e_c	http://example.org/stkg/subjectEntity	http://example.org/stkg/id/platform_T90
http://example.org/stkg/id/obs_rel_T90_BTR80_20260205T224303Z_392_e_c	http://example.org/stkg/objectEntity	http://example.org/stkg/id/platform_BTR80
http://example.org/stkg/id/obs_rel_T90_BTR80_20260205T224303Z_392_e_c	http://example.org/stkg/relationType	http://example.org/stkg/id/relation_behind_of
http://example.org/stkg/id/obs_rel_T90_BTR80_20260205T224303Z_392_e_c	http://example.org/stkg/time	"2026-02-05T22:43:03Z"^^<http://www.w3.org/2001/XMLSchema#dateTime>
http://example.org/stkg/id/obs_rel_BTR80_K2BlackPanther_20260205T224304Z_393_c_d	http://www.w3.org/1999/02/22-rdf-syntax-ns#type	http://example.org/stkg/id/SpatialRelationObservation
http://example.org/stkg/id/obs_rel_BTR80_K2BlackPanther_20260205T224304Z_393_c_d	http://example.org/stkg/subjectEntity	http://example.org/stkg/id/platform_BTR80
http://example.org/stkg/id/obs_rel_BTR80_K2BlackPanther_20260205T224304Z_393_c_d	http://example.org/stkg/objectEntity	http://example.org/stkg/id/platform_K2BlackPanther
http://example.org/stkg/id/obs_rel_BTR80_K2BlackPanther_20260205T224304Z_393_c_d	http://example.org/stkg/relationType	http://example.org/stkg/id/relation_ahead_of
http://example.org/stkg/id/obs_rel_BTR80_K2BlackPanther_20260205T224304Z_393_c_d	http://example.org/stkg/time	"2026-02-05T22:43:04Z"^^<http://www.w3.org/2001/XMLSchema#dateTime>
http://example.org/stkg/id/obs_rel_K2BlackPanther_BTR80_20260205T224304Z_393_d_c	http://www.w3.org/1999/02/22-rdf-syntax-ns#type	http://example.org/stkg/id/SpatialRelationObservation
http://example.org/stkg/id/obs_rel_K2BlackPanther_BTR80_20260205T224304Z_393_d_c	http://example.org/stkg/subjectEntity	http://example.org/stkg/id/platform_K2BlackPanther
http://example.org/stkg/id/obs_rel_K2BlackPanther_BTR80_20260205T224304Z_393_d_c	http://example.org/stkg/objectEntity	http://example.org/stkg/id/platform_BTR80
http://example.org/stkg/id/obs_rel_K2BlackPanther_BTR80_20260205T224304Z_393_d_c	http://example.org/stkg/relationType	http://example.org/stkg/id/relation_behind_of
http://example.org/stkg/id/obs_rel_K2BlackPanther_BTR80_20260205T224304Z_393_d_c	http://example.org/stkg/time	"2026-02-05T22:43:04Z"^^<http://www.w3.org/2001/XMLSchema#dateTime>
http://example.org/stkg/id/obs_rel_K2BlackPanther_T90_20260205T224304Z_393_d_e	http://www.w3.org/1999/02/22-rdf-syntax-ns#type	http://example.org/stkg/id/SpatialRelationObservation
http://example.org/stkg/id/obs_rel_K2BlackPanther_T90_20260205T224304Z_393_d_e	http://example.org/stkg/subjectEntity	http://example.org/stkg/id/platform_K2BlackPanther
http://example.org/stkg/id/obs_rel_K2BlackPanther_T90_20260205T224304Z_393_d_e	http://example.org/stkg/objectEntity	http://example.org/stkg/id/platform_T90
http://example.org/stkg/id/obs_rel_K2BlackPanther_T90_20260205T224304Z_393_d_e	http://example.org/stkg/relationType	http://example.org/stkg/id/relation_ahead_of
http://example.org/stkg/id/obs_rel_K2BlackPanther_T90_20260205T224304Z_393_d_e	http://example.org/stkg/time	"2026-02-05T22:43:04Z"^^<http://www.w3.org/2001/XMLSchema#dateTime>
http://example.org/stkg/id/obs_rel_T90_K2BlackPanther_20260205T224304Z_393_e_d	http://www.w3.org/1999/02/22-rdf-syntax-ns#type	http://example.org/stkg/id/SpatialRelationObservation
http://example.org/stkg/id/obs_rel_T90_K2BlackPanther_20260205T224304Z_393_e_d	http://example.org/stkg/subjectEntity	http://example.org/stkg/id/platform_T90
http://example.org/stkg/id/obs_rel_T90_K2BlackPanther_20260205T224304Z_393_e_d	http://example.org/stkg/objectEntity	http://example.org/stkg/id/platform_K2BlackPanther
http://example.org/stkg/id/obs_rel_T90_K2BlackPanther_20260205T224304Z_393_e_d	http://example.org/stkg/relationType	http://example.org/stkg/id/relation_behind_of
http://example.org/stkg/id/obs_rel_T90_K2BlackPanther_20260205T224304Z_393_e_d	http://example.org/stkg/time	"2026-02-05T22:43:04Z"^^<http://www.w3.org/2001/XMLSchema#dateTime>
http://example.org/stkg/id/obs_rel_BTR80_T90_20260205T224304Z_393_c_e	http://www.w3.org/1999/02/22-rdf-syntax-ns#type	http://example.org/stkg/id/SpatialRelationObservation
http://example.org/stkg/id/obs_rel_BTR80_T90_20260205T224304Z_393_c_e	http://example.org/stkg/subjectEntity	http://example.org/stkg/id/platform_BTR80
http://example.org/stkg/id/obs_rel_BTR80_T90_20260205T224304Z_393_c_e	http://example.org/stkg/objectEntity	http://example.org/stkg/id/platform_T90
http://example.org/stkg/id/obs_rel_BTR80_T90_20260205T224304Z_393_c_e	http://example.org/stkg/relationType	http://example.org/stkg/id/relation_ahead_of
http://example.org/stkg/id/obs_rel_BTR80_T90_20260205T224304Z_393_c_e	http://example.org/stkg/time	"2026-02-05T22:43:04Z"^^<http://www.w3.org/2001/XMLSchema#dateTime>
http://example.org/stkg/id/obs_rel_T90_BTR80_20260205T224304Z_393_e_c	http://www.w3.org/1999/02/22-rdf-syntax-ns#type	http://example.org/stkg/id/SpatialRelationObservation
http://example.org/stkg/id/obs_rel_T90_BTR80_20260205T224304Z_393_e_c	http://example.org/stkg/subjectEntity	http://example.org/stkg/id/platform_T90
http://example.org/stkg/id/obs_rel_T90_BTR80_20260205T224304Z_393_e_c	http://example.org/stkg/objectEntity	http://example.org/stkg/id/platform_BTR80
http://example.org/stkg/id/obs_rel_T90_BTR80_20260205T224304Z_393_e_c	http://example.org/stkg/relationType	http://example.org/stkg/id/relation_behind_of
http://example.org/stkg/id/obs_rel_T90_BTR80_20260205T224304Z_393_e_c	http://example.org/stkg/time	"2026-02-05T22:43:04Z"^^<http://www.w3.org/2001/XMLSchema#dateTime>
http://example.org/stkg/id/obs_rel_BTR80_K2BlackPanther_20260205T224305Z_394_c_d	http://www.w3.org/1999/02/22-rdf-syntax-ns#type	http://example.org/stkg/id/SpatialRelationObservation
http://example.org/stkg/id/obs_rel_BTR80_K2BlackPanther_20260205T224305Z_394_c_d	http://example.org/stkg/subjectEntity	http://example.org/stkg/id/platform_BTR80
http://example.org/stkg/id/obs_rel_BTR80_K2BlackPanther_20260205T224305Z_394_c_d	http://example.org/stkg/objectEntity	http://example.org/stkg/id/platform_K2BlackPanther
http://example.org/stkg/id/obs_rel_BTR80_K2BlackPanther_20260205T224305Z_394_c_d	http://example.org/stkg/relationType	http://example.org/stkg/id/relation_ahead_of
http://example.org/stkg/id/obs_rel_BTR80_K2BlackPanther_20260205T224305Z_394_c_d	http://example.org/stkg/time	"2026-02-05T22:43:05Z"^^<http://www.w3.org/2001/XMLSchema#dateTime>
http://example.org/stkg/id/obs_rel_K2BlackPanther_BTR80_20260205T224305Z_394_d_c	http://www.w3.org/1999/02/22-rdf-syntax-ns#type	http://example.org/stkg/id/SpatialRelationObservation
http://example.org/stkg/id/obs_rel_K2BlackPanther_BTR80_20260205T224305Z_394_d_c	http://example.org/stkg/subjectEntity	http://example.org/stkg/id/platform_K2BlackPanther
http://example.org/stkg/id/obs_rel_K2BlackPanther_BTR80_20260205T224305Z_394_d_c	http://example.org/stkg/objectEntity	http://example.org/stkg/id/platform_BTR80
http://example.org/stkg/id/obs_rel_K2BlackPanther_BTR80_20260205T224305Z_394_d_c	http://example.org/stkg/relationType	http://example.org/stkg/id/relation_behind_of
http://example.org/stkg/id/obs_rel_K2BlackPanther_BTR80_20260205T224305Z_394_d_c	http://example.org/stkg/time	"2026-02-05T22:43:05Z"^^<http://www.w3.org/2001/XMLSchema#dateTime>
http://example.org/stkg/id/obs_rel_K2BlackPanther_T90_20260205T224305Z_394_d_e	http://www.w3.org/1999/02/22-rdf-syntax-ns#type	http://example.org/stkg/id/SpatialRelationObservation
http://example.org/stkg/id/obs_rel_K2BlackPanther_T90_20260205T224305Z_394_d_e	http://example.org/stkg/subjectEntity	http://example.org/stkg/id/platform_K2BlackPanther
http://example.org/stkg/id/obs_rel_K2BlackPanther_T90_20260205T224305Z_394_d_e	http://example.org/stkg/objectEntity	http://example.org/stkg/id/platform_T90
http://example.org/stkg/id/obs_rel_K2BlackPanther_T90_20260205T224305Z_394_d_e	http://example.org/stkg/relationType	http://example.org/stkg/id/relation_ahead_of
http://example.org/stkg/id/obs_rel_K2BlackPanther_T90_20260205T224305Z_394_d_e	http://example.org/stkg/time	"2026-02-05T22:43:05Z"^^<http://www.w3.org/2001/XMLSchema#dateTime>
http://example.org/stkg/id/obs_rel_T90_K2BlackPanther_20260205T224305Z_394_e_d	http://www.w3.org/1999/02/22-rdf-syntax-ns#type	http://example.org/stkg/id/SpatialRelationObservation
http://example.org/stkg/id/obs_rel_T90_K2BlackPanther_20260205T224305Z_394_e_d	http://example.org/stkg/subjectEntity	http://example.org/stkg/id/platform_T90
http://example.org/stkg/id/obs_rel_T90_K2BlackPanther_20260205T224305Z_394_e_d	http://example.org/stkg/objectEntity	http://example.org/stkg/id/platform_K2BlackPanther
http://example.org/stkg/id/obs_rel_T90_K2BlackPanther_20260205T224305Z_394_e_d	http://example.org/stkg/relationType	http://example.org/stkg/id/relation_behind_of
http://example.org/stkg/id/obs_rel_T90_K2BlackPanther_20260205T224305Z_394_e_d	http://example.org/stkg/time	"2026-02-05T22:43:05Z"^^<http://www.w3.org/2001/XMLSchema#dateTime>
http://example.org/stkg/id/obs_rel_BTR80_T90_20260205T224305Z_394_c_e	http://www.w3.org/1999/02/22-rdf-syntax-ns#type	http://example.org/stkg/id/SpatialRelationObservation
http://example.org/stkg/id/obs_rel_BTR80_T90_20260205T224305Z_394_c_e	http://example.org/stkg/subjectEntity	http://example.org/stkg/id/platform_BTR80
http://example.org/stkg/id/obs_rel_BTR80_T90_20260205T224305Z_394_c_e	http://example.org/stkg/objectEntity	http://example.org/stkg/id/platform_T90
http://example.org/stkg/id/obs_rel_BTR80_T90_20260205T224305Z_394_c_e	http://example.org/stkg/relationType	http://example.org/stkg/id/relation_ahead_of
http://example.org/stkg/id/obs_rel_BTR80_T90_20260205T224305Z_394_c_e	http://example.org/stkg/time	"2026-02-05T22:43:05Z"^^<http://www.w3.org/2001/XMLSchema#dateTime>
http://example.org/stkg/id/obs_rel_T90_BTR80_20260205T224305Z_394_e_c	http://www.w3.org/1999/02/22-rdf-syntax-ns#type	http://example.org/stkg/id/SpatialRelationObservation
http://example.org/stkg/id/obs_rel_T90_BTR80_20260205T224305Z_394_e_c	http://example.org/stkg/subjectEntity	http://example.org/stkg/id/platform_T90
http://example.org/stkg/id/obs_rel_T90_BTR80_20260205T224305Z_394_e_c	http://example.org/stkg/objectEntity	http://example.org/stkg/id/platform_BTR80
http://example.org/stkg/id/obs_rel_T90_BTR80_20260205T224305Z_394_e_c	http://example.org/stkg/relationType	http://example.org/stkg/id/relation_behind_of
http://example.org/stkg/id/obs_rel_T90_BTR80_20260205T224305Z_394_e_c	http://example.org/stkg/time	"2026-02-05T22:43:05Z"^^<http://www.w3.org/2001/XMLSchema#dateTime>
http://example.org/stkg/id/obs_rel_BTR80_K2BlackPanther_20260205T224306Z_395_c_d	http://www.w3.org/1999/02/22-rdf-syntax-ns#type	http://example.org/stkg/id/SpatialRelationObservation
http://example.org/stkg/id/obs_rel_BTR80_K2BlackPanther_20260205T224306Z_395_c_d	http://example.org/stkg/subjectEntity	http://example.org/stkg/id/platform_BTR80
http://example.org/stkg/id/obs_rel_BTR80_K2BlackPanther_20260205T224306Z_395_c_d	http://example.org/stkg/objectEntity	http://example.org/stkg/id/platform_K2BlackPanther
http://example.org/stkg/id/obs_rel_BTR80_K2BlackPanther_20260205T224306Z_395_c_d	http://example.org/stkg/relationType	http://example.org/stkg/id/relation_ahead_of
http://example.org/stkg/id/obs_rel_BTR80_K2BlackPanther_20260205T224306Z_395_c_d	http://example.org/stkg/time	"2026-02-05T22:43:06Z"^^<http://www.w3.org/2001/XMLSchema#dateTime>
http://example.org/stkg/id/obs_rel_K2BlackPanther_BTR80_20260205T224306Z_395_d_c	http://www.w3.org/1999/02/22-rdf-syntax-ns#type	http://example.org/stkg/id/SpatialRelationObservation
http://example.org/stkg/id/obs_rel_K2BlackPanther_BTR80_20260205T224306Z_395_d_c	http://example.org/stkg/subjectEntity	http://example.org/stkg/id/platform_K2BlackPanther
http://example.org/stkg/id/obs_rel_K2BlackPanther_BTR80_20260205T224306Z_395_d_c	http://example.org/stkg/objectEntity	http://example.org/stkg/id/platform_BTR80
http://example.org/stkg/id/obs_rel_K2BlackPanther_BTR80_20260205T224306Z_395_d_c	http://example.org/stkg/relationType	http://example.org/stkg/id/relation_behind_of
http://example.org/stkg/id/obs_rel_K2BlackPanther_BTR80_20260205T224306Z_395_d_c	http://example.org/stkg/time	"2026-02-05T22:43:06Z"^^<http://www.w3.org/2001/XMLSchema#dateTime>
http://example.org/stkg/id/obs_rel_K2BlackPanther_T90_20260205T224306Z_395_d_e	http://www.w3.org/1999/02/22-rdf-syntax-ns#type	http://example.org/stkg/id/SpatialRelationObservation
http://example.org/stkg/id/obs_rel_K2BlackPanther_T90_20260205T224306Z_395_d_e	http://example.org/stkg/subjectEntity	http://example.org/stkg/id/platform_K2BlackPanther
http://example.org/stkg/id/obs_rel_K2BlackPanther_T90_20260205T224306Z_395_d_e	http://example.org/stkg/objectEntity	http://example.org/stkg/id/platform_T90
http://example.org/stkg/id/obs_rel_K2BlackPanther_T90_20260205T224306Z_395_d_e	http://example.org/stkg/relationType	http://example.org/stkg/id/relation_ahead_of
http://example.org/stkg/id/obs_rel_K2BlackPanther_T90_20260205T224306Z_395_d_e	http://example.org/stkg/time	"2026-02-05T22:43:06Z"^^<http://www.w3.org/2001/XMLSchema#dateTime>
http://example.org/stkg/id/obs_rel_T90_K2BlackPanther_20260205T224306Z_395_e_d	http://www.w3.org/1999/02/22-rdf-syntax-ns#type	http://example.org/stkg/id/SpatialRelationObservation
http://example.org/stkg/id/obs_rel_T90_K2BlackPanther_20260205T224306Z_395_e_d	http://example.org/stkg/subjectEntity	http://example.org/stkg/id/platform_T90
http://example.org/stkg/id/obs_rel_T90_K2BlackPanther_20260205T224306Z_395_e_d	http://example.org/stkg/objectEntity	http://example.org/stkg/id/platform_K2BlackPanther
http://example.org/stkg/id/obs_rel_T90_K2BlackPanther_20260205T224306Z_395_e_d	http://example.org/stkg/relationType	http://example.org/stkg/id/relation_behind_of
http://example.org/stkg/id/obs_rel_T90_K2BlackPanther_20260205T224306Z_395_e_d	http://example.org/stkg/time	"2026-02-05T22:43:06Z"^^<http://www.w3.org/2001/XMLSchema#dateTime>
http://example.org/stkg/id/obs_rel_BTR80_T90_20260205T224306Z_395_c_e	http://www.w3.org/1999/02/22-rdf-syntax-ns#type	http://example.org/stkg/id/SpatialRelationObservation
http://example.org/stkg/id/obs_rel_BTR80_T90_20260205T224306Z_395_c_e	http://example.org/stkg/subjectEntity	http://example.org/stkg/id/platform_BTR80
http://example.org/stkg/id/obs_rel_BTR80_T90_20260205T224306Z_395_c_e	http://example.org/stkg/objectEntity	http://example.org/stkg/id/platform_T90
http://example.org/stkg/id/obs_rel_BTR80_T90_20260205T224306Z_395_c_e	http://example.org/stkg/relationType	http://example.org/stkg/id/relation_ahead_of
http://example.org/stkg/id/obs_rel_BTR80_T90_20260205T224306Z_395_c_e	http://example.org/stkg/time	"2026-02-05T22:43:06Z"^^<http://www.w3.org/2001/XMLSchema#dateTime>
http://example.org/stkg/id/obs_rel_T90_BTR80_20260205T224306Z_395_e_c	http://www.w3.org/1999/02/22-rdf-syntax-ns#type	http://example.org/stkg/id/SpatialRelationObservation
http://example.org/stkg/id/obs_rel_T90_BTR80_20260205T224306Z_395_e_c	http://example.org/stkg/subjectEntity	http://example.org/stkg/id/platform_T90
http://example.org/stkg/id/obs_rel_T90_BTR80_20260205T224306Z_395_e_c	http://example.org/stkg/objectEntity	http://example.org/stkg/id/platform_BTR80
http://example.org/stkg/id/obs_rel_T90_BTR80_20260205T224306Z_395_e_c	http://example.org/stkg/relationType	http://example.org/stkg/id/relation_behind_of
http://example.org/stkg/id/obs_rel_T90_BTR80_20260205T224306Z_395_e_c	http://example.org/stkg/time	"2026-02-05T22:43:06Z"^^<http://www.w3.org/2001/XMLSchema#dateTime>
http://example.org/stkg/id/obs_rel_BTR80_K2BlackPanther_20260205T224307Z_396_c_d	http://www.w3.org/1999/02/22-rdf-syntax-ns#type	http://example.org/stkg/id/SpatialRelationObservation
http://example.org/stkg/id/obs_rel_BTR80_K2BlackPanther_20260205T224307Z_396_c_d	http://example.org/stkg/subjectEntity	http://example.org/stkg/id/platform_BTR80
http://example.org/stkg/id/obs_rel_BTR80_K2BlackPanther_20260205T224307Z_396_c_d	http://example.org/stkg/objectEntity	http://example.org/stkg/id/platform_K2BlackPanther
http://example.org/stkg/id/obs_rel_BTR80_K2BlackPanther_20260205T224307Z_396_c_d	http://example.org/stkg/relationType	http://example.org/stkg/id/relation_ahead_of
http://example.org/stkg/id/obs_rel_BTR80_K2BlackPanther_20260205T224307Z_396_c_d	http://example.org/stkg/time	"2026-02-05T22:43:07Z"^^<http://www.w3.org/2001/XMLSchema#dateTime>
http://example.org/stkg/id/obs_rel_K2BlackPanther_BTR80_20260205T224307Z_396_d_c	http://www.w3.org/1999/02/22-rdf-syntax-ns#type	http://example.org/stkg/id/SpatialRelationObservation
http://example.org/stkg/id/obs_rel_K2BlackPanther_BTR80_20260205T224307Z_396_d_c	http://example.org/stkg/subjectEntity	http://example.org/stkg/id/platform_K2BlackPanther
http://example.org/stkg/id/obs_rel_K2BlackPanther_BTR80_20260205T224307Z_396_d_c	http://example.org/stkg/objectEntity	http://example.org/stkg/id/platform_BTR80
http://example.org/stkg/id/obs_rel_K2BlackPanther_BTR80_20260205T224307Z_396_d_c	http://example.org/stkg/relationType	http://example.org/stkg/id/relation_behind_of
http://example.org/stkg/id/obs_rel_K2BlackPanther_BTR80_20260205T224307Z_396_d_c	http://example.org/stkg/time	"2026-02-05T22:43:07Z"^^<http://www.w3.org/2001/XMLSchema#dateTime>
http://example.org/stkg/id/obs_rel_K2BlackPanther_T90_20260205T224307Z_396_d_e	http://www.w3.org/1999/02/22-rdf-syntax-ns#type	http://example.org/stkg/id/SpatialRelationObservation
http://example.org/stkg/id/obs_rel_K2BlackPanther_T90_20260205T224307Z_396_d_e	http://example.org/stkg/subjectEntity	http://example.org/stkg/id/platform_K2BlackPanther
http://example.org/stkg/id/obs_rel_K2BlackPanther_T90_20260205T224307Z_396_d_e	http://example.org/stkg/objectEntity	http://example.org/stkg/id/platform_T90
http://example.org/stkg/id/obs_rel_K2BlackPanther_T90_20260205T224307Z_396_d_e	http://example.org/stkg/relationType	http://example.org/stkg/id/relation_ahead_of
http://example.org/stkg/id/obs_rel_K2BlackPanther_T90_20260205T224307Z_396_d_e	http://example.org/stkg/time	"2026-02-05T22:43:07Z"^^<http://www.w3.org/2001/XMLSchema#dateTime>
http://example.org/stkg/id/obs_rel_T90_K2BlackPanther_20260205T224307Z_396_e_d	http://www.w3.org/1999/02/22-rdf-syntax-ns#type	http://example.org/stkg/id/SpatialRelationObservation
http://example.org/stkg/id/obs_rel_T90_K2BlackPanther_20260205T224307Z_396_e_d	http://example.org/stkg/subjectEntity	http://example.org/stkg/id/platform_T90
http://example.org/stkg/id/obs_rel_T90_K2BlackPanther_20260205T224307Z_396_e_d	http://example.org/stkg/objectEntity	http://example.org/stkg/id/platform_K2BlackPanther
http://example.org/stkg/id/obs_rel_T90_K2BlackPanther_20260205T224307Z_396_e_d	http://example.org/stkg/relationType	http://example.org/stkg/id/relation_behind_of
http://example.org/stkg/id/obs_rel_T90_K2BlackPanther_20260205T224307Z_396_e_d	http://example.org/stkg/time	"2026-02-05T22:43:07Z"^^<http://www.w3.org/2001/XMLSchema#dateTime>
http://example.org/stkg/id/obs_rel_BTR80_T90_20260205T224307Z_396_c_e	http://www.w3.org/1999/02/22-rdf-syntax-ns#type	http://example.org/stkg/id/SpatialRelationObservation
http://example.org/stkg/id/obs_rel_BTR80_T90_20260205T224307Z_396_c_e	http://example.org/stkg/subjectEntity	http://example.org/stkg/id/platform_BTR80
http://example.org/stkg/id/obs_rel_BTR80_T90_20260205T224307Z_396_c_e	http://example.org/stkg/objectEntity	http://example.org/stkg/id/platform_T90
http://example.org/stkg/id/obs_rel_BTR80_T90_20260205T224307Z_396_c_e	http://example.org/stkg/relationType	http://example.org/stkg/id/relation_ahead_of
http://example.org/stkg/id/obs_rel_BTR80_T90_20260205T224307Z_396_c_e	http://example.org/stkg/time	"2026-02-05T22:43:07Z"^^<http://www.w3.org/2001/XMLSchema#dateTime>
http://example.org/stkg/id/obs_rel_T90_BTR80_20260205T224307Z_396_e_c	http://www.w3.org/1999/02/22-rdf-syntax-ns#type	http://example.org/stkg/id/SpatialRelationObservation
http://example.org/stkg/id/obs_rel_T90_BTR80_20260205T224307Z_396_e_c	http://example.org/stkg/subjectEntity	http://example.org/stkg/id/platform_T90
http://example.org/stkg/id/obs_rel_T90_BTR80_20260205T224307Z_396_e_c	http://example.org/stkg/objectEntity	http://example.org/stkg/id/platform_BTR80
http://example.org/stkg/id/obs_rel_T90_BTR80_20260205T224307Z_396_e_c	http://example.org/stkg/relationType	http://example.org/stkg/id/relation_behind_of
http://example.org/stkg/id/obs_rel_T90_BTR80_20260205T224307Z_396_e_c	http://example.org/stkg/time	"2026-02-05T22:43:07Z"^^<http://www.w3.org/2001/XMLSchema#dateTime>
http://example.org/stkg/id/obs_rel_BTR80_K2BlackPanther_20260205T224308Z_397_c_d	http://www.w3.org/1999/02/22-rdf-syntax-ns#type	http://example.org/stkg/id/SpatialRelationObservation
http://example.org/stkg/id/obs_rel_BTR80_K2BlackPanther_20260205T224308Z_397_c_d	http://example.org/stkg/subjectEntity	http://example.org/stkg/id/platform_BTR80
http://example.org/stkg/id/obs_rel_BTR80_K2BlackPanther_20260205T224308Z_397_c_d	http://example.org/stkg/objectEntity	http://example.org/stkg/id/platform_K2BlackPanther
http://example.org/stkg/id/obs_rel_BTR80_K2BlackPanther_20260205T224308Z_397_c_d	http://example.org/stkg/relationType	http://example.org/stkg/id/relation_ahead_of
http://example.org/stkg/id/obs_rel_BTR80_K2BlackPanther_20260205T224308Z_397_c_d	http://example.org/stkg/time	"2026-02-05T22:43:08Z"^^<http://www.w3.org/2001/XMLSchema#dateTime>
http://example.org/stkg/id/obs_rel_K2BlackPanther_BTR80_20260205T224308Z_397_d_c	http://www.w3.org/1999/02/22-rdf-syntax-ns#type	http://example.org/stkg/id/SpatialRelationObservation
http://example.org/stkg/id/obs_rel_K2BlackPanther_BTR80_20260205T224308Z_397_d_c	http://example.org/stkg/subjectEntity	http://example.org/stkg/id/platform_K2BlackPanther
http://example.org/stkg/id/obs_rel_K2BlackPanther_BTR80_20260205T224308Z_397_d_c	http://example.org/stkg/objectEntity	http://example.org/stkg/id/platform_BTR80
http://example.org/stkg/id/obs_rel_K2BlackPanther_BTR80_20260205T224308Z_397_d_c	http://example.org/stkg/relationType	http://example.org/stkg/id/relation_behind_of
http://example.org/stkg/id/obs_rel_K2BlackPanther_BTR80_20260205T224308Z_397_d_c	http://example.org/stkg/time	"2026-02-05T22:43:08Z"^^<http://www.w3.org/2001/XMLSchema#dateTime>
http://example.org/stkg/id/obs_rel_K2BlackPanther_T90_20260205T224308Z_397_d_e	http://www.w3.org/1999/02/22-rdf-syntax-ns#type	http://example.org/stkg/id/SpatialRelationObservation
http://example.org/stkg/id/obs_rel_K2BlackPanther_T90_20260205T224308Z_397_d_e	http://example.org/stkg/subjectEntity	http://example.org/stkg/id/platform_K2BlackPanther
http://example.org/stkg/id/obs_rel_K2BlackPanther_T90_20260205T224308Z_397_d_e	http://example.org/stkg/objectEntity	http://example.org/stkg/id/platform_T90
http://example.org/stkg/id/obs_rel_K2BlackPanther_T90_20260205T224308Z_397_d_e	http://example.org/stkg/relationType	http://example.org/stkg/id/relation_ahead_of
http://example.org/stkg/id/obs_rel_K2BlackPanther_T90_20260205T224308Z_397_d_e	http://example.org/stkg/time	"2026-02-05T22:43:08Z"^^<http://www.w3.org/2001/XMLSchema#dateTime>
http://example.org/stkg/id/obs_rel_T90_K2BlackPanther_20260205T224308Z_397_e_d	http://www.w3.org/1999/02/22-rdf-syntax-ns#type	http://example.org/stkg/id/SpatialRelationObservation
http://example.org/stkg/id/obs_rel_T90_K2BlackPanther_20260205T224308Z_397_e_d	http://example.org/stkg/subjectEntity	http://example.org/stkg/id/platform_T90
http://example.org/stkg/id/obs_rel_T90_K2BlackPanther_20260205T224308Z_397_e_d	http://example.org/stkg/objectEntity	http://example.org/stkg/id/platform_K2BlackPanther
http://example.org/stkg/id/obs_rel_T90_K2BlackPanther_20260205T224308Z_397_e_d	http://example.org/stkg/relationType	http://example.org/stkg/id/relation_behind_of
http://example.org/stkg/id/obs_rel_T90_K2BlackPanther_20260205T224308Z_397_e_d	http://example.org/stkg/time	"2026-02-05T22:43:08Z"^^<http://www.w3.org/2001/XMLSchema#dateTime>
http://example.org/stkg/id/obs_rel_BTR80_T90_20260205T224308Z_397_c_e	http://www.w3.org/1999/02/22-rdf-syntax-ns#type	http://example.org/stkg/id/SpatialRelationObservation
http://example.org/stkg/id/obs_rel_BTR80_T90_20260205T224308Z_397_c_e	http://example.org/stkg/subjectEntity	http://example.org/stkg/id/platform_BTR80
http://example.org/stkg/id/obs_rel_BTR80_T90_20260205T224308Z_397_c_e	http://example.org/stkg/objectEntity	http://example.org/stkg/id/platform_T90
http://example.org/stkg/id/obs_rel_BTR80_T90_20260205T224308Z_397_c_e	http://example.org/stkg/relationType	http://example.org/stkg/id/relation_ahead_of
http://example.org/stkg/id/obs_rel_BTR80_T90_20260205T224308Z_397_c_e	http://example.org/stkg/time	"2026-02-05T22:43:08Z"^^<http://www.w3.org/2001/XMLSchema#dateTime>
http://example.org/stkg/id/obs_rel_T90_BTR80_20260205T224308Z_397_e_c	http://www.w3.org/1999/02/22-rdf-syntax-ns#type	http://example.org/stkg/id/SpatialRelationObservation
http://example.org/stkg/id/obs_rel_T90_BTR80_20260205T224308Z_397_e_c	http://example.org/stkg/subjectEntity	http://example.org/stkg/id/platform_T90
http://example.org/stkg/id/obs_rel_T90_BTR80_20260205T224308Z_397_e_c	http://example.org/stkg/objectEntity	http://example.org/stkg/id/platform_BTR80
http://example.org/stkg/id/obs_rel_T90_BTR80_20260205T224308Z_397_e_c	http://example.org/stkg/relationType	http://example.org/stkg/id/relation_behind_of
http://example.org/stkg/id/obs_rel_T90_BTR80_20260205T224308Z_397_e_c	http://example.org/stkg/time	"2026-02-05T22:43:08Z"^^<http://www.w3.org/2001/XMLSchema#dateTime>
http://example.org/stkg/id/obs_rel_BTR80_K2BlackPanther_20260205T224309Z_398_c_d	http://www.w3.org/1999/02/22-rdf-syntax-ns#type	http://example.org/stkg/id/SpatialRelationObservation
http://example.org/stkg/id/obs_rel_BTR80_K2BlackPanther_20260205T224309Z_398_c_d	http://example.org/stkg/subjectEntity	http://example.org/stkg/id/platform_BTR80
http://example.org/stkg/id/obs_rel_BTR80_K2BlackPanther_20260205T224309Z_398_c_d	http://example.org/stkg/objectEntity	http://example.org/stkg/id/platform_K2BlackPanther
http://example.org/stkg/id/obs_rel_BTR80_K2BlackPanther_20260205T224309Z_398_c_d	http://example.org/stkg/relationType	http://example.org/stkg/id/relation_ahead_of
http://example.org/stkg/id/obs_rel_BTR80_K2BlackPanther_20260205T224309Z_398_c_d	http://example.org/stkg/time	"2026-02-05T22:43:09Z"^^<http://www.w3.org/2001/XMLSchema#dateTime>
http://example.org/stkg/id/obs_rel_K2BlackPanther_BTR80_20260205T224309Z_398_d_c	http://www.w3.org/1999/02/22-rdf-syntax-ns#type	http://example.org/stkg/id/SpatialRelationObservation
http://example.org/stkg/id/obs_rel_K2BlackPanther_BTR80_20260205T224309Z_398_d_c	http://example.org/stkg/subjectEntity	http://example.org/stkg/id/platform_K2BlackPanther
http://example.org/stkg/id/obs_rel_K2BlackPanther_BTR80_20260205T224309Z_398_d_c	http://example.org/stkg/objectEntity	http://example.org/stkg/id/platform_BTR80
http://example.org/stkg/id/obs_rel_K2BlackPanther_BTR80_20260205T224309Z_398_d_c	http://example.org/stkg/relationType	http://example.org/stkg/id/relation_behind_of
http://example.org/stkg/id/obs_rel_K2BlackPanther_BTR80_20260205T224309Z_398_d_c	http://example.org/stkg/time	"2026-02-05T22:43:09Z"^^<http://www.w3.org/2001/XMLSchema#dateTime>
http://example.org/stkg/id/obs_rel_K2BlackPanther_T90_20260205T224309Z_398_d_e	http://www.w3.org/1999/02/22-rdf-syntax-ns#type	http://example.org/stkg/id/SpatialRelationObservation
http://example.org/stkg/id/obs_rel_K2BlackPanther_T90_20260205T224309Z_398_d_e	http://example.org/stkg/subjectEntity	http://example.org/stkg/id/platform_K2BlackPanther
http://example.org/stkg/id/obs_rel_K2BlackPanther_T90_20260205T224309Z_398_d_e	http://example.org/stkg/objectEntity	http://example.org/stkg/id/platform_T90
http://example.org/stkg/id/obs_rel_K2BlackPanther_T90_20260205T224309Z_398_d_e	http://example.org/stkg/relationType	http://example.org/stkg/id/relation_ahead_of
http://example.org/stkg/id/obs_rel_K2BlackPanther_T90_20260205T224309Z_398_d_e	http://example.org/stkg/time	"2026-02-05T22:43:09Z"^^<http://www.w3.org/2001/XMLSchema#dateTime>
http://example.org/stkg/id/obs_rel_T90_K2BlackPanther_20260205T224309Z_398_e_d	http://www.w3.org/1999/02/22-rdf-syntax-ns#type	http://example.org/stkg/id/SpatialRelationObservation
http://example.org/stkg/id/obs_rel_T90_K2BlackPanther_20260205T224309Z_398_e_d	http://example.org/stkg/subjectEntity	http://example.org/stkg/id/platform_T90
http://example.org/stkg/id/obs_rel_T90_K2BlackPanther_20260205T224309Z_398_e_d	http://example.org/stkg/objectEntity	http://example.org/stkg/id/platform_K2BlackPanther
http://example.org/stkg/id/obs_rel_T90_K2BlackPanther_20260205T224309Z_398_e_d	http://example.org/stkg/relationType	http://example.org/stkg/id/relation_behind_of
http://example.org/stkg/id/obs_rel_T90_K2BlackPanther_20260205T224309Z_398_e_d	http://example.org/stkg/time	"2026-02-05T22:43:09Z"^^<http://www.w3.org/2001/XMLSchema#dateTime>
http://example.org/stkg/id/obs_rel_BTR80_T90_20260205T224309Z_398_c_e	http://www.w3.org/1999/02/22-rdf-syntax-ns#type	http://example.org/stkg/id/SpatialRelationObservation
http://example.org/stkg/id/obs_rel_BTR80_T90_20260205T224309Z_398_c_e	http://example.org/stkg/subjectEntity	http://example.org/stkg/id/platform_BTR80
http://example.org/stkg/id/obs_rel_BTR80_T90_20260205T224309Z_398_c_e	http://example.org/stkg/objectEntity	http://example.org/stkg/id/platform_T90
http://example.org/stkg/id/obs_rel_BTR80_T90_20260205T224309Z_398_c_e	http://example.org/stkg/relationType	http://example.org/stkg/id/relation_ahead_of
http://example.org/stkg/id/obs_rel_BTR80_T90_20260205T224309Z_398_c_e	http://example.org/stkg/time	"2026-02-05T22:43:09Z"^^<http://www.w3.org/2001/XMLSchema#dateTime>
http://example.org/stkg/id/obs_rel_T90_BTR80_20260205T224309Z_398_e_c	http://www.w3.org/1999/02/22-rdf-syntax-ns#type	http://example.org/stkg/id/SpatialRelationObservation
http://example.org/stkg/id/obs_rel_T90_BTR80_20260205T224309Z_398_e_c	http://example.org/stkg/subjectEntity	http://example.org/stkg/id/platform_T90
http://example.org/stkg/id/obs_rel_T90_BTR80_20260205T224309Z_398_e_c	http://example.org/stkg/objectEntity	http://example.org/stkg/id/platform_BTR80
http://example.org/stkg/id/obs_rel_T90_BTR80_20260205T224309Z_398_e_c	http://example.org/stkg/relationType	http://example.org/stkg/id/relation_behind_of
http://example.org/stkg/id/obs_rel_T90_BTR80_20260205T224309Z_398_e_c	http://example.org/stkg/time	"2026-02-05T22:43:09Z"^^<http://www.w3.org/2001/XMLSchema#dateTime>
http://example.org/stkg/id/obs_rel_BTR80_K2BlackPanther_20260205T224310Z_399_c_d	http://www.w3.org/1999/02/22-rdf-syntax-ns#type	http://example.org/stkg/id/SpatialRelationObservation
http://example.org/stkg/id/obs_rel_BTR80_K2BlackPanther_20260205T224310Z_399_c_d	http://example.org/stkg/subjectEntity	http://example.org/stkg/id/platform_BTR80
http://example.org/stkg/id/obs_rel_BTR80_K2BlackPanther_20260205T224310Z_399_c_d	http://example.org/stkg/objectEntity	http://example.org/stkg/id/platform_K2BlackPanther
http://example.org/stkg/id/obs_rel_BTR80_K2BlackPanther_20260205T224310Z_399_c_d	http://example.org/stkg/relationType	http://example.org/stkg/id/relation_ahead_of
http://example.org/stkg/id/obs_rel_BTR80_K2BlackPanther_20260205T224310Z_399_c_d	http://example.org/stkg/time	"2026-02-05T22:43:10Z"^^<http://www.w3.org/2001/XMLSchema#dateTime>
http://example.org/stkg/id/obs_rel_K2BlackPanther_BTR80_20260205T224310Z_399_d_c	http://www.w3.org/1999/02/22-rdf-syntax-ns#type	http://example.org/stkg/id/SpatialRelationObservation
http://example.org/stkg/id/obs_rel_K2BlackPanther_BTR80_20260205T224310Z_399_d_c	http://example.org/stkg/subjectEntity	http://example.org/stkg/id/platform_K2BlackPanther
http://example.org/stkg/id/obs_rel_K2BlackPanther_BTR80_20260205T224310Z_399_d_c	http://example.org/stkg/objectEntity	http://example.org/stkg/id/platform_BTR80
http://example.org/stkg/id/obs_rel_K2BlackPanther_BTR80_20260205T224310Z_399_d_c	http://example.org/stkg/relationType	http://example.org/stkg/id/relation_behind_of
http://example.org/stkg/id/obs_rel_K2BlackPanther_BTR80_20260205T224310Z_399_d_c	http://example.org/stkg/time	"2026-02-05T22:43:10Z"^^<http://www.w3.org/2001/XMLSchema#dateTime>
http://example.org/stkg/id/obs_rel_K2BlackPanther_T90_20260205T224310Z_399_d_e	http://www.w3.org/1999/02/22-rdf-syntax-ns#type	http://example.org/stkg/id/SpatialRelationObservation
http://example.org/stkg/id/obs_rel_K2BlackPanther_T90_20260205T224310Z_399_d_e	http://example.org/stkg/subjectEntity	http://example.org/stkg/id/platform_K2BlackPanther
http://example.org/stkg/id/obs_rel_K2BlackPanther_T90_20260205T224310Z_399_d_e	http://example.org/stkg/objectEntity	http://example.org/stkg/id/platform_T90
http://example.org/stkg/id/obs_rel_K2BlackPanther_T90_20260205T224310Z_399_d_e	http://example.org/stkg/relationType	http://example.org/stkg/id/relation_ahead_of
http://example.org/stkg/id/obs_rel_K2BlackPanther_T90_20260205T224310Z_399_d_e	http://example.org/stkg/time	"2026-02-05T22:43:10Z"^^<http://www.w3.org/2001/XMLSchema#dateTime>
http://example.org/stkg/id/obs_rel_T90_K2BlackPanther_20260205T224310Z_399_e_d	http://www.w3.org/1999/02/22-rdf-syntax-ns#type	http://example.org/stkg/id/SpatialRelationObservation
http://example.org/stkg/id/obs_rel_T90_K2BlackPanther_20260205T224310Z_399_e_d	http://example.org/stkg/subjectEntity	http://example.org/stkg/id/platform_T90
http://example.org/stkg/id/obs_rel_T90_K2BlackPanther_20260205T224310Z_399_e_d	http://example.org/stkg/objectEntity	http://example.org/stkg/id/platform_K2BlackPanther
http://example.org/stkg/id/obs_rel_T90_K2BlackPanther_20260205T224310Z_399_e_d	http://example.org/stkg/relationType	http://example.org/stkg/id/relation_behind_of
http://example.org/stkg/id/obs_rel_T90_K2BlackPanther_20260205T224310Z_399_e_d	http://example.org/stkg/time	"2026-02-05T22:43:10Z"^^<http://www.w3.org/2001/XMLSchema#dateTime>
http://example.org/stkg/id/obs_rel_BTR80_T90_20260205T224310Z_399_c_e	http://www.w3.org/1999/02/22-rdf-syntax-ns#type	http://example.org/stkg/id/SpatialRelationObservation
http://example.org/stkg/id/obs_rel_BTR80_T90_20260205T224310Z_399_c_e	http://example.org/stkg/subjectEntity	http://example.org/stkg/id/platform_BTR80
http://example.org/stkg/id/obs_rel_BTR80_T90_20260205T224310Z_399_c_e	http://example.org/stkg/objectEntity	http://example.org/stkg/id/platform_T90
http://example.org/stkg/id/obs_rel_BTR80_T90_20260205T224310Z_399_c_e	http://example.org/stkg/relationType	http://example.org/stkg/id/relation_ahead_of
http://example.org/stkg/id/obs_rel_BTR80_T90_20260205T224310Z_399_c_e	http://example.org/stkg/time	"2026-02-05T22:43:10Z"^^<http://www.w3.org/2001/XMLSchema#dateTime>
http://example.org/stkg/id/obs_rel_T90_BTR80_20260205T224310Z_399_e_c	http://www.w3.org/1999/02/22-rdf-syntax-ns#type	http://example.org/stkg/id/SpatialRelationObservation
http://example.org/stkg/id/obs_rel_T90_BTR80_20260205T224310Z_399_e_c	http://example.org/stkg/subjectEntity	http://example.org/stkg/id/platform_T90
http://example.org/stkg/id/obs_rel_T90_BTR80_20260205T224310Z_399_e_c	http://example.org/stkg/objectEntity	http://example.org/stkg/id/platform_BTR80
http://example.org/stkg/id/obs_rel_T90_BTR80_20260205T224310Z_399_e_c	http://example.org/stkg/relationType	http://example.org/stkg/id/relation_behind_of
http://example.org/stkg/id/obs_rel_T90_BTR80_20260205T224310Z_399_e_c	http://example.org/stkg/time	"2026-02-05T22:43:10Z"^^<http://www.w3.org/2001/XMLSchema#dateTime>
http://example.org/stkg/id/obs_rel_BTR80_K2BlackPanther_20260205T224311Z_400_c_d	http://www.w3.org/1999/02/22-rdf-syntax-ns#type	http://example.org/stkg/id/SpatialRelationObservation
http://example.org/stkg/id/obs_rel_BTR80_K2BlackPanther_20260205T224311Z_400_c_d	http://example.org/stkg/subjectEntity	http://example.org/stkg/id/platform_BTR80
http://example.org/stkg/id/obs_rel_BTR80_K2BlackPanther_20260205T224311Z_400_c_d	http://example.org/stkg/objectEntity	http://example.org/stkg/id/platform_K2BlackPanther
http://example.org/stkg/id/obs_rel_BTR80_K2BlackPanther_20260205T224311Z_400_c_d	http://example.org/stkg/relationType	http://example.org/stkg/id/relation_ahead_of
http://example.org/stkg/id/obs_rel_BTR80_K2BlackPanther_20260205T224311Z_400_c_d	http://example.org/stkg/time	"2026-02-05T22:43:11Z"^^<http://www.w3.org/2001/XMLSchema#dateTime>
http://example.org/stkg/id/obs_rel_K2BlackPanther_BTR80_20260205T224311Z_400_d_c	http://www.w3.org/1999/02/22-rdf-syntax-ns#type	http://example.org/stkg/id/SpatialRelationObservation
http://example.org/stkg/id/obs_rel_K2BlackPanther_BTR80_20260205T224311Z_400_d_c	http://example.org/stkg/subjectEntity	http://example.org/stkg/id/platform_K2BlackPanther
http://example.org/stkg/id/obs_rel_K2BlackPanther_BTR80_20260205T224311Z_400_d_c	http://example.org/stkg/objectEntity	http://example.org/stkg/id/platform_BTR80
http://example.org/stkg/id/obs_rel_K2BlackPanther_BTR80_20260205T224311Z_400_d_c	http://example.org/stkg/relationType	http://example.org/stkg/id/relation_behind_of
http://example.org/stkg/id/obs_rel_K2BlackPanther_BTR80_20260205T224311Z_400_d_c	http://example.org/stkg/time	"2026-02-05T22:43:11Z"^^<http://www.w3.org/2001/XMLSchema#dateTime>
http://example.org/stkg/id/obs_rel_K2BlackPanther_T90_20260205T224311Z_400_d_e	http://www.w3.org/1999/02/22-rdf-syntax-ns#type	http://example.org/stkg/id/SpatialRelationObservation
http://example.org/stkg/id/obs_rel_K2BlackPanther_T90_20260205T224311Z_400_d_e	http://example.org/stkg/subjectEntity	http://example.org/stkg/id/platform_K2BlackPanther
http://example.org/stkg/id/obs_rel_K2BlackPanther_T90_20260205T224311Z_400_d_e	http://example.org/stkg/objectEntity	http://example.org/stkg/id/platform_T90
http://example.org/stkg/id/obs_rel_K2BlackPanther_T90_20260205T224311Z_400_d_e	http://example.org/stkg/relationType	http://example.org/stkg/id/relation_ahead_of
http://example.org/stkg/id/obs_rel_K2BlackPanther_T90_20260205T224311Z_400_d_e	http://example.org/stkg/time	"2026-02-05T22:43:11Z"^^<http://www.w3.org/2001/XMLSchema#dateTime>
http://example.org/stkg/id/obs_rel_T90_K2BlackPanther_20260205T224311Z_400_e_d	http://www.w3.org/1999/02/22-rdf-syntax-ns#type	http://example.org/stkg/id/SpatialRelationObservation
http://example.org/stkg/id/obs_rel_T90_K2BlackPanther_20260205T224311Z_400_e_d	http://example.org/stkg/subjectEntity	http://example.org/stkg/id/platform_T90
http://example.org/stkg/id/obs_rel_T90_K2BlackPanther_20260205T224311Z_400_e_d	http://example.org/stkg/objectEntity	http://example.org/stkg/id/platform_K2BlackPanther
http://example.org/stkg/id/obs_rel_T90_K2BlackPanther_20260205T224311Z_400_e_d	http://example.org/stkg/relationType	http://example.org/stkg/id/relation_behind_of
http://example.org/stkg/id/obs_rel_T90_K2BlackPanther_20260205T224311Z_400_e_d	http://example.org/stkg/time	"2026-02-05T22:43:11Z"^^<http://www.w3.org/2001/XMLSchema#dateTime>
http://example.org/stkg/id/obs_rel_BTR80_T90_20260205T224311Z_400_c_e	http://www.w3.org/1999/02/22-rdf-syntax-ns#type	http://example.org/stkg/id/SpatialRelationObservation
http://example.org/stkg/id/obs_rel_BTR80_T90_20260205T224311Z_400_c_e	http://example.org/stkg/subjectEntity	http://example.org/stkg/id/platform_BTR80
http://example.org/stkg/id/obs_rel_BTR80_T90_20260205T224311Z_400_c_e	http://example.org/stkg/objectEntity	http://example.org/stkg/id/platform_T90
http://example.org/stkg/id/obs_rel_BTR80_T90_20260205T224311Z_400_c_e	http://example.org/stkg/relationType	http://example.org/stkg/id/relation_ahead_of
http://example.org/stkg/id/obs_rel_BTR80_T90_20260205T224311Z_400_c_e	http://example.org/stkg/time	"2026-02-05T22:43:11Z"^^<http://www.w3.org/2001/XMLSchema#dateTime>
http://example.org/stkg/id/obs_rel_T90_BTR80_20260205T224311Z_400_e_c	http://www.w3.org/1999/02/22-rdf-syntax-ns#type	http://example.org/stkg/id/SpatialRelationObservation
http://example.org/stkg/id/obs_rel_T90_BTR80_20260205T224311Z_400_e_c	http://example.org/stkg/subjectEntity	http://example.org/stkg/id/platform_T90
http://example.org/stkg/id/obs_rel_T90_BTR80_20260205T224311Z_400_e_c	http://example.org/stkg/objectEntity	http://example.org/stkg/id/platform_BTR80
http://example.org/stkg/id/obs_rel_T90_BTR80_20260205T224311Z_400_e_c	http://example.org/stkg/relationType	http://example.org/stkg/id/relation_behind_of
http://example.org/stkg/id/obs_rel_T90_BTR80_20260205T224311Z_400_e_c	http://example.org/stkg/time	"2026-02-05T22:43:11Z"^^<http://www.w3.org/2001/XMLSchema#dateTime>
http://example.org/stkg/id/obs_rel_BTR80_K2BlackPanther_20260205T224312Z_401_c_d	http://www.w3.org/1999/02/22-rdf-syntax-ns#type	http://example.org/stkg/id/SpatialRelationObservation
http://example.org/stkg/id/obs_rel_BTR80_K2BlackPanther_20260205T224312Z_401_c_d	http://example.org/stkg/subjectEntity	http://example.org/stkg/id/platform_BTR80
http://example.org/stkg/id/obs_rel_BTR80_K2BlackPanther_20260205T224312Z_401_c_d	http://example.org/stkg/objectEntity	http://example.org/stkg/id/platform_K2BlackPanther
http://example.org/stkg/id/obs_rel_BTR80_K2BlackPanther_20260205T224312Z_401_c_d	http://example.org/stkg/relationType	http://example.org/stkg/id/relation_ahead_of
http://example.org/stkg/id/obs_rel_BTR80_K2BlackPanther_20260205T224312Z_401_c_d	http://example.org/stkg/time	"2026-02-05T22:43:12Z"^^<http://www.w3.org/2001/XMLSchema#dateTime>
http://example.org/stkg/id/obs_rel_K2BlackPanther_BTR80_20260205T224312Z_401_d_c	http://www.w3.org/1999/02/22-rdf-syntax-ns#type	http://example.org/stkg/id/SpatialRelationObservation
http://example.org/stkg/id/obs_rel_K2BlackPanther_BTR80_20260205T224312Z_401_d_c	http://example.org/stkg/subjectEntity	http://example.org/stkg/id/platform_K2BlackPanther
http://example.org/stkg/id/obs_rel_K2BlackPanther_BTR80_20260205T224312Z_401_d_c	http://example.org/stkg/objectEntity	http://example.org/stkg/id/platform_BTR80
http://example.org/stkg/id/obs_rel_K2BlackPanther_BTR80_20260205T224312Z_401_d_c	http://example.org/stkg/relationType	http://example.org/stkg/id/relation_behind_of
http://example.org/stkg/id/obs_rel_K2BlackPanther_BTR80_20260205T224312Z_401_d_c	http://example.org/stkg/time	"2026-02-05T22:43:12Z"^^<http://www.w3.org/2001/XMLSchema#dateTime>
http://example.org/stkg/id/obs_rel_K2BlackPanther_T90_20260205T224312Z_401_d_e	http://www.w3.org/1999/02/22-rdf-syntax-ns#type	http://example.org/stkg/id/SpatialRelationObservation
http://example.org/stkg/id/obs_rel_K2BlackPanther_T90_20260205T224312Z_401_d_e	http://example.org/stkg/subjectEntity	http://example.org/stkg/id/platform_K2BlackPanther
http://example.org/stkg/id/obs_rel_K2BlackPanther_T90_20260205T224312Z_401_d_e	http://example.org/stkg/objectEntity	http://example.org/stkg/id/platform_T90
http://example.org/stkg/id/obs_rel_K2BlackPanther_T90_20260205T224312Z_401_d_e	http://example.org/stkg/relationType	http://example.org/stkg/id/relation_ahead_of
http://example.org/stkg/id/obs_rel_K2BlackPanther_T90_20260205T224312Z_401_d_e	http://example.org/stkg/time	"2026-02-05T22:43:12Z"^^<http://www.w3.org/2001/XMLSchema#dateTime>
http://example.org/stkg/id/obs_rel_T90_K2BlackPanther_20260205T224312Z_401_e_d	http://www.w3.org/1999/02/22-rdf-syntax-ns#type	http://example.org/stkg/id/SpatialRelationObservation
http://example.org/stkg/id/obs_rel_T90_K2BlackPanther_20260205T224312Z_401_e_d	http://example.org/stkg/subjectEntity	http://example.org/stkg/id/platform_T90
http://example.org/stkg/id/obs_rel_T90_K2BlackPanther_20260205T224312Z_401_e_d	http://example.org/stkg/objectEntity	http://example.org/stkg/id/platform_K2BlackPanther
http://example.org/stkg/id/obs_rel_T90_K2BlackPanther_20260205T224312Z_401_e_d	http://example.org/stkg/relationType	http://example.org/stkg/id/relation_behind_of
http://example.org/stkg/id/obs_rel_T90_K2BlackPanther_20260205T224312Z_401_e_d	http://example.org/stkg/time	"2026-02-05T22:43:12Z"^^<http://www.w3.org/2001/XMLSchema#dateTime>
http://example.org/stkg/id/obs_rel_BTR80_T90_20260205T224312Z_401_c_e	http://www.w3.org/1999/02/22-rdf-syntax-ns#type	http://example.org/stkg/id/SpatialRelationObservation
http://example.org/stkg/id/obs_rel_BTR80_T90_20260205T224312Z_401_c_e	http://example.org/stkg/subjectEntity	http://example.org/stkg/id/platform_BTR80
http://example.org/stkg/id/obs_rel_BTR80_T90_20260205T224312Z_401_c_e	http://example.org/stkg/objectEntity	http://example.org/stkg/id/platform_T90
http://example.org/stkg/id/obs_rel_BTR80_T90_20260205T224312Z_401_c_e	http://example.org/stkg/relationType	http://example.org/stkg/id/relation_ahead_of
http://example.org/stkg/id/obs_rel_BTR80_T90_20260205T224312Z_401_c_e	http://example.org/stkg/time	"2026-02-05T22:43:12Z"^^<http://www.w3.org/2001/XMLSchema#dateTime>
http://example.org/stkg/id/obs_rel_T90_BTR80_20260205T224312Z_401_e_c	http://www.w3.org/1999/02/22-rdf-syntax-ns#type	http://example.org/stkg/id/SpatialRelationObservation
http://example.org/stkg/id/obs_rel_T90_BTR80_20260205T224312Z_401_e_c	http://example.org/stkg/subjectEntity	http://example.org/stkg/id/platform_T90
http://example.org/stkg/id/obs_rel_T90_BTR80_20260205T224312Z_401_e_c	http://example.org/stkg/objectEntity	http://example.org/stkg/id/platform_BTR80
http://example.org/stkg/id/obs_rel_T90_BTR80_20260205T224312Z_401_e_c	http://example.org/stkg/relationType	http://example.org/stkg/id/relation_behind_of
http://example.org/stkg/id/obs_rel_T90_BTR80_20260205T224312Z_401_e_c	http://example.org/stkg/time	"2026-02-05T22:43:12Z"^^<http://www.w3.org/2001/XMLSchema#dateTime>
http://example.org/stkg/id/obs_rel_BTR80_K2BlackPanther_20260205T224313Z_402_c_d	http://www.w3.org/1999/02/22-rdf-syntax-ns#type	http://example.org/stkg/id/SpatialRelationObservation
http://example.org/stkg/id/obs_rel_BTR80_K2BlackPanther_20260205T224313Z_402_c_d	http://example.org/stkg/subjectEntity	http://example.org/stkg/id/platform_BTR80
http://example.org/stkg/id/obs_rel_BTR80_K2BlackPanther_20260205T224313Z_402_c_d	http://example.org/stkg/objectEntity	http://example.org/stkg/id/platform_K2BlackPanther
http://example.org/stkg/id/obs_rel_BTR80_K2BlackPanther_20260205T224313Z_402_c_d	http://example.org/stkg/relationType	http://example.org/stkg/id/relation_ahead_of
http://example.org/stkg/id/obs_rel_BTR80_K2BlackPanther_20260205T224313Z_402_c_d	http://example.org/stkg/time	"2026-02-05T22:43:13Z"^^<http://www.w3.org/2001/XMLSchema#dateTime>
http://example.org/stkg/id/obs_rel_K2BlackPanther_BTR80_20260205T224313Z_402_d_c	http://www.w3.org/1999/02/22-rdf-syntax-ns#type	http://example.org/stkg/id/SpatialRelationObservation
http://example.org/stkg/id/obs_rel_K2BlackPanther_BTR80_20260205T224313Z_402_d_c	http://example.org/stkg/subjectEntity	http://example.org/stkg/id/platform_K2BlackPanther
http://example.org/stkg/id/obs_rel_K2BlackPanther_BTR80_20260205T224313Z_402_d_c	http://example.org/stkg/objectEntity	http://example.org/stkg/id/platform_BTR80
http://example.org/stkg/id/obs_rel_K2BlackPanther_BTR80_20260205T224313Z_402_d_c	http://example.org/stkg/relationType	http://example.org/stkg/id/relation_behind_of
http://example.org/stkg/id/obs_rel_K2BlackPanther_BTR80_20260205T224313Z_402_d_c	http://example.org/stkg/time	"2026-02-05T22:43:13Z"^^<http://www.w3.org/2001/XMLSchema#dateTime>
http://example.org/stkg/id/obs_rel_K2BlackPanther_T90_20260205T224313Z_402_d_e	http://www.w3.org/1999/02/22-rdf-syntax-ns#type	http://example.org/stkg/id/SpatialRelationObservation
http://example.org/stkg/id/obs_rel_K2BlackPanther_T90_20260205T224313Z_402_d_e	http://example.org/stkg/subjectEntity	http://example.org/stkg/id/platform_K2BlackPanther
http://example.org/stkg/id/obs_rel_K2BlackPanther_T90_20260205T224313Z_402_d_e	http://example.org/stkg/objectEntity	http://example.org/stkg/id/platform_T90
http://example.org/stkg/id/obs_rel_K2BlackPanther_T90_20260205T224313Z_402_d_e	http://example.org/stkg/relationType	http://example.org/stkg/id/relation_ahead_of
http://example.org/stkg/id/obs_rel_K2BlackPanther_T90_20260205T224313Z_402_d_e	http://example.org/stkg/time	"2026-02-05T22:43:13Z"^^<http://www.w3.org/2001/XMLSchema#dateTime>
http://example.org/stkg/id/obs_rel_T90_K2BlackPanther_20260205T224313Z_402_e_d	http://www.w3.org/1999/02/22-rdf-syntax-ns#type	http://example.org/stkg/id/SpatialRelationObservation
http://example.org/stkg/id/obs_rel_T90_K2BlackPanther_20260205T224313Z_402_e_d	http://example.org/stkg/subjectEntity	http://example.org/stkg/id/platform_T90
http://example.org/stkg/id/obs_rel_T90_K2BlackPanther_20260205T224313Z_402_e_d	http://example.org/stkg/objectEntity	http://example.org/stkg/id/platform_K2BlackPanther
http://example.org/stkg/id/obs_rel_T90_K2BlackPanther_20260205T224313Z_402_e_d	http://example.org/stkg/relationType	http://example.org/stkg/id/relation_behind_of
http://example.org/stkg/id/obs_rel_T90_K2BlackPanther_20260205T224313Z_402_e_d	http://example.org/stkg/time	"2026-02-05T22:43:13Z"^^<http://www.w3.org/2001/XMLSchema#dateTime>
http://example.org/stkg/id/obs_rel_BTR80_T90_20260205T224313Z_402_c_e	http://www.w3.org/1999/02/22-rdf-syntax-ns#type	http://example.org/stkg/id/SpatialRelationObservation
http://example.org/stkg/id/obs_rel_BTR80_T90_20260205T224313Z_402_c_e	http://example.org/stkg/subjectEntity	http://example.org/stkg/id/platform_BTR80
http://example.org/stkg/id/obs_rel_BTR80_T90_20260205T224313Z_402_c_e	http://example.org/stkg/objectEntity	http://example.org/stkg/id/platform_T90
http://example.org/stkg/id/obs_rel_BTR80_T90_20260205T224313Z_402_c_e	http://example.org/stkg/relationType	http://example.org/stkg/id/relation_ahead_of
http://example.org/stkg/id/obs_rel_BTR80_T90_20260205T224313Z_402_c_e	http://example.org/stkg/time	"2026-02-05T22:43:13Z"^^<http://www.w3.org/2001/XMLSchema#dateTime>
http://example.org/stkg/id/obs_rel_T90_BTR80_20260205T224313Z_402_e_c	http://www.w3.org/1999/02/22-rdf-syntax-ns#type	http://example.org/stkg/id/SpatialRelationObservation
http://example.org/stkg/id/obs_rel_T90_BTR80_20260205T224313Z_402_e_c	http://example.org/stkg/subjectEntity	http://example.org/stkg/id/platform_T90
http://example.org/stkg/id/obs_rel_T90_BTR80_20260205T224313Z_402_e_c	http://example.org/stkg/objectEntity	http://example.org/stkg/id/platform_BTR80
http://example.org/stkg/id/obs_rel_T90_BTR80_20260205T224313Z_402_e_c	http://example.org/stkg/relationType	http://example.org/stkg/id/relation_behind_of
http://example.org/stkg/id/obs_rel_T90_BTR80_20260205T224313Z_402_e_c	http://example.org/stkg/time	"2026-02-05T22:43:13Z"^^<http://www.w3.org/2001/XMLSchema#dateTime>
http://example.org/stkg/id/obs_rel_BTR80_K2BlackPanther_20260205T224314Z_403_c_d	http://www.w3.org/1999/02/22-rdf-syntax-ns#type	http://example.org/stkg/id/SpatialRelationObservation
http://example.org/stkg/id/obs_rel_BTR80_K2BlackPanther_20260205T224314Z_403_c_d	http://example.org/stkg/subjectEntity	http://example.org/stkg/id/platform_BTR80
http://example.org/stkg/id/obs_rel_BTR80_K2BlackPanther_20260205T224314Z_403_c_d	http://example.org/stkg/objectEntity	http://example.org/stkg/id/platform_K2BlackPanther
http://example.org/stkg/id/obs_rel_BTR80_K2BlackPanther_20260205T224314Z_403_c_d	http://example.org/stkg/relationType	http://example.org/stkg/id/relation_ahead_of
http://example.org/stkg/id/obs_rel_BTR80_K2BlackPanther_20260205T224314Z_403_c_d	http://example.org/stkg/time	"2026-02-05T22:43:14Z"^^<http://www.w3.org/2001/XMLSchema#dateTime>
http://example.org/stkg/id/obs_rel_K2BlackPanther_BTR80_20260205T224314Z_403_d_c	http://www.w3.org/1999/02/22-rdf-syntax-ns#type	http://example.org/stkg/id/SpatialRelationObservation
http://example.org/stkg/id/obs_rel_K2BlackPanther_BTR80_20260205T224314Z_403_d_c	http://example.org/stkg/subjectEntity	http://example.org/stkg/id/platform_K2BlackPanther
http://example.org/stkg/id/obs_rel_K2BlackPanther_BTR80_20260205T224314Z_403_d_c	http://example.org/stkg/objectEntity	http://example.org/stkg/id/platform_BTR80
http://example.org/stkg/id/obs_rel_K2BlackPanther_BTR80_20260205T224314Z_403_d_c	http://example.org/stkg/relationType	http://example.org/stkg/id/relation_behind_of
http://example.org/stkg/id/obs_rel_K2BlackPanther_BTR80_20260205T224314Z_403_d_c	http://example.org/stkg/time	"2026-02-05T22:43:14Z"^^<http://www.w3.org/2001/XMLSchema#dateTime>
http://example.org/stkg/id/obs_rel_K2BlackPanther_T90_20260205T224314Z_403_d_e	http://www.w3.org/1999/02/22-rdf-syntax-ns#type	http://example.org/stkg/id/SpatialRelationObservation
http://example.org/stkg/id/obs_rel_K2BlackPanther_T90_20260205T224314Z_403_d_e	http://example.org/stkg/subjectEntity	http://example.org/stkg/id/platform_K2BlackPanther
http://example.org/stkg/id/obs_rel_K2BlackPanther_T90_20260205T224314Z_403_d_e	http://example.org/stkg/objectEntity	http://example.org/stkg/id/platform_T90
http://example.org/stkg/id/obs_rel_K2BlackPanther_T90_20260205T224314Z_403_d_e	http://example.org/stkg/relationType	http://example.org/stkg/id/relation_ahead_of
http://example.org/stkg/id/obs_rel_K2BlackPanther_T90_20260205T224314Z_403_d_e	http://example.org/stkg/time	"2026-02-05T22:43:14Z"^^<http://www.w3.org/2001/XMLSchema#dateTime>
http://example.org/stkg/id/obs_rel_T90_K2BlackPanther_20260205T224314Z_403_e_d	http://www.w3.org/1999/02/22-rdf-syntax-ns#type	http://example.org/stkg/id/SpatialRelationObservation
http://example.org/stkg/id/obs_rel_T90_K2BlackPanther_20260205T224314Z_403_e_d	http://example.org/stkg/subjectEntity	http://example.org/stkg/id/platform_T90
http://example.org/stkg/id/obs_rel_T90_K2BlackPanther_20260205T224314Z_403_e_d	http://example.org/stkg/objectEntity	http://example.org/stkg/id/platform_K2BlackPanther
http://example.org/stkg/id/obs_rel_T90_K2BlackPanther_20260205T224314Z_403_e_d	http://example.org/stkg/relationType	http://example.org/stkg/id/relation_behind_of
http://example.org/stkg/id/obs_rel_T90_K2BlackPanther_20260205T224314Z_403_e_d	http://example.org/stkg/time	"2026-02-05T22:43:14Z"^^<http://www.w3.org/2001/XMLSchema#dateTime>
http://example.org/stkg/id/obs_rel_BTR80_T90_20260205T224314Z_403_c_e	http://www.w3.org/1999/02/22-rdf-syntax-ns#type	http://example.org/stkg/id/SpatialRelationObservation
http://example.org/stkg/id/obs_rel_BTR80_T90_20260205T224314Z_403_c_e	http://example.org/stkg/subjectEntity	http://example.org/stkg/id/platform_BTR80
http://example.org/stkg/id/obs_rel_BTR80_T90_20260205T224314Z_403_c_e	http://example.org/stkg/objectEntity	http://example.org/stkg/id/platform_T90
http://example.org/stkg/id/obs_rel_BTR80_T90_20260205T224314Z_403_c_e	http://example.org/stkg/relationType	http://example.org/stkg/id/relation_ahead_of
http://example.org/stkg/id/obs_rel_BTR80_T90_20260205T224314Z_403_c_e	http://example.org/stkg/time	"2026-02-05T22:43:14Z"^^<http://www.w3.org/2001/XMLSchema#dateTime>
http://example.org/stkg/id/obs_rel_T90_BTR80_20260205T224314Z_403_e_c	http://www.w3.org/1999/02/22-rdf-syntax-ns#type	http://example.org/stkg/id/SpatialRelationObservation
http://example.org/stkg/id/obs_rel_T90_BTR80_20260205T224314Z_403_e_c	http://example.org/stkg/subjectEntity	http://example.org/stkg/id/platform_T90
http://example.org/stkg/id/obs_rel_T90_BTR80_20260205T224314Z_403_e_c	http://example.org/stkg/objectEntity	http://example.org/stkg/id/platform_BTR80
http://example.org/stkg/id/obs_rel_T90_BTR80_20260205T224314Z_403_e_c	http://example.org/stkg/relationType	http://example.org/stkg/id/relation_behind_of
http://example.org/stkg/id/obs_rel_T90_BTR80_20260205T224314Z_403_e_c	http://example.org/stkg/time	"2026-02-05T22:43:14Z"^^<http://www.w3.org/2001/XMLSchema#dateTime>
http://example.org/stkg/id/obs_rel_BTR80_K2BlackPanther_20260205T224315Z_404_c_d	http://www.w3.org/1999/02/22-rdf-syntax-ns#type	http://example.org/stkg/id/SpatialRelationObservation
http://example.org/stkg/id/obs_rel_BTR80_K2BlackPanther_20260205T224315Z_404_c_d	http://example.org/stkg/subjectEntity	http://example.org/stkg/id/platform_BTR80
http://example.org/stkg/id/obs_rel_BTR80_K2BlackPanther_20260205T224315Z_404_c_d	http://example.org/stkg/objectEntity	http://example.org/stkg/id/platform_K2BlackPanther
http://example.org/stkg/id/obs_rel_BTR80_K2BlackPanther_20260205T224315Z_404_c_d	http://example.org/stkg/relationType	http://example.org/stkg/id/relation_ahead_of
http://example.org/stkg/id/obs_rel_BTR80_K2BlackPanther_20260205T224315Z_404_c_d	http://example.org/stkg/time	"2026-02-05T22:43:15Z"^^<http://www.w3.org/2001/XMLSchema#dateTime>
http://example.org/stkg/id/obs_rel_K2BlackPanther_BTR80_20260205T224315Z_404_d_c	http://www.w3.org/1999/02/22-rdf-syntax-ns#type	http://example.org/stkg/id/SpatialRelationObservation
http://example.org/stkg/id/obs_rel_K2BlackPanther_BTR80_20260205T224315Z_404_d_c	http://example.org/stkg/subjectEntity	http://example.org/stkg/id/platform_K2BlackPanther
http://example.org/stkg/id/obs_rel_K2BlackPanther_BTR80_20260205T224315Z_404_d_c	http://example.org/stkg/objectEntity	http://example.org/stkg/id/platform_BTR80
http://example.org/stkg/id/obs_rel_K2BlackPanther_BTR80_20260205T224315Z_404_d_c	http://example.org/stkg/relationType	http://example.org/stkg/id/relation_behind_of
http://example.org/stkg/id/obs_rel_K2BlackPanther_BTR80_20260205T224315Z_404_d_c	http://example.org/stkg/time	"2026-02-05T22:43:15Z"^^<http://www.w3.org/2001/XMLSchema#dateTime>
http://example.org/stkg/id/obs_rel_K2BlackPanther_T90_20260205T224315Z_404_d_e	http://www.w3.org/1999/02/22-rdf-syntax-ns#type	http://example.org/stkg/id/SpatialRelationObservation
http://example.org/stkg/id/obs_rel_K2BlackPanther_T90_20260205T224315Z_404_d_e	http://example.org/stkg/subjectEntity	http://example.org/stkg/id/platform_K2BlackPanther
http://example.org/stkg/id/obs_rel_K2BlackPanther_T90_20260205T224315Z_404_d_e	http://example.org/stkg/objectEntity	http://example.org/stkg/id/platform_T90
http://example.org/stkg/id/obs_rel_K2BlackPanther_T90_20260205T224315Z_404_d_e	http://example.org/stkg/relationType	http://example.org/stkg/id/relation_ahead_of
http://example.org/stkg/id/obs_rel_K2BlackPanther_T90_20260205T224315Z_404_d_e	http://example.org/stkg/time	"2026-02-05T22:43:15Z"^^<http://www.w3.org/2001/XMLSchema#dateTime>
http://example.org/stkg/id/obs_rel_T90_K2BlackPanther_20260205T224315Z_404_e_d	http://www.w3.org/1999/02/22-rdf-syntax-ns#type	http://example.org/stkg/id/SpatialRelationObservation
http://example.org/stkg/id/obs_rel_T90_K2BlackPanther_20260205T224315Z_404_e_d	http://example.org/stkg/subjectEntity	http://example.org/stkg/id/platform_T90
http://example.org/stkg/id/obs_rel_T90_K2BlackPanther_20260205T224315Z_404_e_d	http://example.org/stkg/objectEntity	http://example.org/stkg/id/platform_K2BlackPanther
http://example.org/stkg/id/obs_rel_T90_K2BlackPanther_20260205T224315Z_404_e_d	http://example.org/stkg/relationType	http://example.org/stkg/id/relation_behind_of
http://example.org/stkg/id/obs_rel_T90_K2BlackPanther_20260205T224315Z_404_e_d	http://example.org/stkg/time	"2026-02-05T22:43:15Z"^^<http://www.w3.org/2001/XMLSchema#dateTime>
http://example.org/stkg/id/obs_rel_BTR80_T90_20260205T224315Z_404_c_e	http://www.w3.org/1999/02/22-rdf-syntax-ns#type	http://example.org/stkg/id/SpatialRelationObservation
http://example.org/stkg/id/obs_rel_BTR80_T90_20260205T224315Z_404_c_e	http://example.org/stkg/subjectEntity	http://example.org/stkg/id/platform_BTR80
http://example.org/stkg/id/obs_rel_BTR80_T90_20260205T224315Z_404_c_e	http://example.org/stkg/objectEntity	http://example.org/stkg/id/platform_T90
http://example.org/stkg/id/obs_rel_BTR80_T90_20260205T224315Z_404_c_e	http://example.org/stkg/relationType	http://example.org/stkg/id/relation_ahead_of
http://example.org/stkg/id/obs_rel_BTR80_T90_20260205T224315Z_404_c_e	http://example.org/stkg/time	"2026-02-05T22:43:15Z"^^<http://www.w3.org/2001/XMLSchema#dateTime>
http://example.org/stkg/id/obs_rel_T90_BTR80_20260205T224315Z_404_e_c	http://www.w3.org/1999/02/22-rdf-syntax-ns#type	http://example.org/stkg/id/SpatialRelationObservation
http://example.org/stkg/id/obs_rel_T90_BTR80_20260205T224315Z_404_e_c	http://example.org/stkg/subjectEntity	http://example.org/stkg/id/platform_T90
http://example.org/stkg/id/obs_rel_T90_BTR80_20260205T224315Z_404_e_c	http://example.org/stkg/objectEntity	http://example.org/stkg/id/platform_BTR80
http://example.org/stkg/id/obs_rel_T90_BTR80_20260205T224315Z_404_e_c	http://example.org/stkg/relationType	http://example.org/stkg/id/relation_behind_of
http://example.org/stkg/id/obs_rel_T90_BTR80_20260205T224315Z_404_e_c	http://example.org/stkg/time	"2026-02-05T22:43:15Z"^^<http://www.w3.org/2001/XMLSchema#dateTime>
http://example.org/stkg/id/obs_rel_BTR80_K2BlackPanther_20260205T224316Z_405_c_d	http://www.w3.org/1999/02/22-rdf-syntax-ns#type	http://example.org/stkg/id/SpatialRelationObservation
http://example.org/stkg/id/obs_rel_BTR80_K2BlackPanther_20260205T224316Z_405_c_d	http://example.org/stkg/subjectEntity	http://example.org/stkg/id/platform_BTR80
http://example.org/stkg/id/obs_rel_BTR80_K2BlackPanther_20260205T224316Z_405_c_d	http://example.org/stkg/objectEntity	http://example.org/stkg/id/platform_K2BlackPanther
http://example.org/stkg/id/obs_rel_BTR80_K2BlackPanther_20260205T224316Z_405_c_d	http://example.org/stkg/relationType	http://example.org/stkg/id/relation_ahead_of
http://example.org/stkg/id/obs_rel_BTR80_K2BlackPanther_20260205T224316Z_405_c_d	http://example.org/stkg/time	"2026-02-05T22:43:16Z"^^<http://www.w3.org/2001/XMLSchema#dateTime>
http://example.org/stkg/id/obs_rel_K2BlackPanther_BTR80_20260205T224316Z_405_d_c	http://www.w3.org/1999/02/22-rdf-syntax-ns#type	http://example.org/stkg/id/SpatialRelationObservation
http://example.org/stkg/id/obs_rel_K2BlackPanther_BTR80_20260205T224316Z_405_d_c	http://example.org/stkg/subjectEntity	http://example.org/stkg/id/platform_K2BlackPanther
http://example.org/stkg/id/obs_rel_K2BlackPanther_BTR80_20260205T224316Z_405_d_c	http://example.org/stkg/objectEntity	http://example.org/stkg/id/platform_BTR80
http://example.org/stkg/id/obs_rel_K2BlackPanther_BTR80_20260205T224316Z_405_d_c	http://example.org/stkg/relationType	http://example.org/stkg/id/relation_behind_of
http://example.org/stkg/id/obs_rel_K2BlackPanther_BTR80_20260205T224316Z_405_d_c	http://example.org/stkg/time	"2026-02-05T22:43:16Z"^^<http://www.w3.org/2001/XMLSchema#dateTime>
http://example.org/stkg/id/obs_rel_K2BlackPanther_T90_20260205T224316Z_405_d_e	http://www.w3.org/1999/02/22-rdf-syntax-ns#type	http://example.org/stkg/id/SpatialRelationObservation
http://example.org/stkg/id/obs_rel_K2BlackPanther_T90_20260205T224316Z_405_d_e	http://example.org/stkg/subjectEntity	http://example.org/stkg/id/platform_K2BlackPanther
http://example.org/stkg/id/obs_rel_K2BlackPanther_T90_20260205T224316Z_405_d_e	http://example.org/stkg/objectEntity	http://example.org/stkg/id/platform_T90
http://example.org/stkg/id/obs_rel_K2BlackPanther_T90_20260205T224316Z_405_d_e	http://example.org/stkg/relationType	http://example.org/stkg/id/relation_ahead_of
http://example.org/stkg/id/obs_rel_K2BlackPanther_T90_20260205T224316Z_405_d_e	http://example.org/stkg/time	"2026-02-05T22:43:16Z"^^<http://www.w3.org/2001/XMLSchema#dateTime>
http://example.org/stkg/id/obs_rel_T90_K2BlackPanther_20260205T224316Z_405_e_d	http://www.w3.org/1999/02/22-rdf-syntax-ns#type	http://example.org/stkg/id/SpatialRelationObservation
http://example.org/stkg/id/obs_rel_T90_K2BlackPanther_20260205T224316Z_405_e_d	http://example.org/stkg/subjectEntity	http://example.org/stkg/id/platform_T90
http://example.org/stkg/id/obs_rel_T90_K2BlackPanther_20260205T224316Z_405_e_d	http://example.org/stkg/objectEntity	http://example.org/stkg/id/platform_K2BlackPanther
http://example.org/stkg/id/obs_rel_T90_K2BlackPanther_20260205T224316Z_405_e_d	http://example.org/stkg/relationType	http://example.org/stkg/id/relation_behind_of
http://example.org/stkg/id/obs_rel_T90_K2BlackPanther_20260205T224316Z_405_e_d	http://example.org/stkg/time	"2026-02-05T22:43:16Z"^^<http://www.w3.org/2001/XMLSchema#dateTime>
http://example.org/stkg/id/obs_rel_BTR80_T90_20260205T224316Z_405_c_e	http://www.w3.org/1999/02/22-rdf-syntax-ns#type	http://example.org/stkg/id/SpatialRelationObservation
http://example.org/stkg/id/obs_rel_BTR80_T90_20260205T224316Z_405_c_e	http://example.org/stkg/subjectEntity	http://example.org/stkg/id/platform_BTR80
http://example.org/stkg/id/obs_rel_BTR80_T90_20260205T224316Z_405_c_e	http://example.org/stkg/objectEntity	http://example.org/stkg/id/platform_T90
http://example.org/stkg/id/obs_rel_BTR80_T90_20260205T224316Z_405_c_e	http://example.org/stkg/relationType	http://example.org/stkg/id/relation_ahead_of
http://example.org/stkg/id/obs_rel_BTR80_T90_20260205T224316Z_405_c_e	http://example.org/stkg/time	"2026-02-05T22:43:16Z"^^<http://www.w3.org/2001/XMLSchema#dateTime>
http://example.org/stkg/id/obs_rel_T90_BTR80_20260205T224316Z_405_e_c	http://www.w3.org/1999/02/22-rdf-syntax-ns#type	http://example.org/stkg/id/SpatialRelationObservation
http://example.org/stkg/id/obs_rel_T90_BTR80_20260205T224316Z_405_e_c	http://example.org/stkg/subjectEntity	http://example.org/stkg/id/platform_T90
http://example.org/stkg/id/obs_rel_T90_BTR80_20260205T224316Z_405_e_c	http://example.org/stkg/objectEntity	http://example.org/stkg/id/platform_BTR80
http://example.org/stkg/id/obs_rel_T90_BTR80_20260205T224316Z_405_e_c	http://example.org/stkg/relationType	http://example.org/stkg/id/relation_behind_of
http://example.org/stkg/id/obs_rel_T90_BTR80_20260205T224316Z_405_e_c	http://example.org/stkg/time	"2026-02-05T22:43:16Z"^^<http://www.w3.org/2001/XMLSchema#dateTime>
http://example.org/stkg/id/obs_rel_BTR80_K2BlackPanther_20260205T224317Z_406_c_d	http://www.w3.org/1999/02/22-rdf-syntax-ns#type	http://example.org/stkg/id/SpatialRelationObservation
http://example.org/stkg/id/obs_rel_BTR80_K2BlackPanther_20260205T224317Z_406_c_d	http://example.org/stkg/subjectEntity	http://example.org/stkg/id/platform_BTR80
http://example.org/stkg/id/obs_rel_BTR80_K2BlackPanther_20260205T224317Z_406_c_d	http://example.org/stkg/objectEntity	http://example.org/stkg/id/platform_K2BlackPanther
http://example.org/stkg/id/obs_rel_BTR80_K2BlackPanther_20260205T224317Z_406_c_d	http://example.org/stkg/relationType	http://example.org/stkg/id/relation_ahead_of
http://example.org/stkg/id/obs_rel_BTR80_K2BlackPanther_20260205T224317Z_406_c_d	http://example.org/stkg/time	"2026-02-05T22:43:17Z"^^<http://www.w3.org/2001/XMLSchema#dateTime>
http://example.org/stkg/id/obs_rel_K2BlackPanther_BTR80_20260205T224317Z_406_d_c	http://www.w3.org/1999/02/22-rdf-syntax-ns#type	http://example.org/stkg/id/SpatialRelationObservation
http://example.org/stkg/id/obs_rel_K2BlackPanther_BTR80_20260205T224317Z_406_d_c	http://example.org/stkg/subjectEntity	http://example.org/stkg/id/platform_K2BlackPanther
http://example.org/stkg/id/obs_rel_K2BlackPanther_BTR80_20260205T224317Z_406_d_c	http://example.org/stkg/objectEntity	http://example.org/stkg/id/platform_BTR80
http://example.org/stkg/id/obs_rel_K2BlackPanther_BTR80_20260205T224317Z_406_d_c	http://example.org/stkg/relationType	http://example.org/stkg/id/relation_behind_of
http://example.org/stkg/id/obs_rel_K2BlackPanther_BTR80_20260205T224317Z_406_d_c	http://example.org/stkg/time	"2026-02-05T22:43:17Z"^^<http://www.w3.org/2001/XMLSchema#dateTime>
http://example.org/stkg/id/obs_rel_K2BlackPanther_T90_20260205T224317Z_406_d_e	http://www.w3.org/1999/02/22-rdf-syntax-ns#type	http://example.org/stkg/id/SpatialRelationObservation
http://example.org/stkg/id/obs_rel_K2BlackPanther_T90_20260205T224317Z_406_d_e	http://example.org/stkg/subjectEntity	http://example.org/stkg/id/platform_K2BlackPanther
http://example.org/stkg/id/obs_rel_K2BlackPanther_T90_20260205T224317Z_406_d_e	http://example.org/stkg/objectEntity	http://example.org/stkg/id/platform_T90
http://example.org/stkg/id/obs_rel_K2BlackPanther_T90_20260205T224317Z_406_d_e	http://example.org/stkg/relationType	http://example.org/stkg/id/relation_ahead_of
http://example.org/stkg/id/obs_rel_K2BlackPanther_T90_20260205T224317Z_406_d_e	http://example.org/stkg/time	"2026-02-05T22:43:17Z"^^<http://www.w3.org/2001/XMLSchema#dateTime>
http://example.org/stkg/id/obs_rel_T90_K2BlackPanther_20260205T224317Z_406_e_d	http://www.w3.org/1999/02/22-rdf-syntax-ns#type	http://example.org/stkg/id/SpatialRelationObservation
http://example.org/stkg/id/obs_rel_T90_K2BlackPanther_20260205T224317Z_406_e_d	http://example.org/stkg/subjectEntity	http://example.org/stkg/id/platform_T90
http://example.org/stkg/id/obs_rel_T90_K2BlackPanther_20260205T224317Z_406_e_d	http://example.org/stkg/objectEntity	http://example.org/stkg/id/platform_K2BlackPanther
http://example.org/stkg/id/obs_rel_T90_K2BlackPanther_20260205T224317Z_406_e_d	http://example.org/stkg/relationType	http://example.org/stkg/id/relation_behind_of
http://example.org/stkg/id/obs_rel_T90_K2BlackPanther_20260205T224317Z_406_e_d	http://example.org/stkg/time	"2026-02-05T22:43:17Z"^^<http://www.w3.org/2001/XMLSchema#dateTime>
http://example.org/stkg/id/obs_rel_BTR80_T90_20260205T224317Z_406_c_e	http://www.w3.org/1999/02/22-rdf-syntax-ns#type	http://example.org/stkg/id/SpatialRelationObservation
http://example.org/stkg/id/obs_rel_BTR80_T90_20260205T224317Z_406_c_e	http://example.org/stkg/subjectEntity	http://example.org/stkg/id/platform_BTR80
http://example.org/stkg/id/obs_rel_BTR80_T90_20260205T224317Z_406_c_e	http://example.org/stkg/objectEntity	http://example.org/stkg/id/platform_T90
http://example.org/stkg/id/obs_rel_BTR80_T90_20260205T224317Z_406_c_e	http://example.org/stkg/relationType	http://example.org/stkg/id/relation_ahead_of
http://example.org/stkg/id/obs_rel_BTR80_T90_20260205T224317Z_406_c_e	http://example.org/stkg/time	"2026-02-05T22:43:17Z"^^<http://www.w3.org/2001/XMLSchema#dateTime>
http://example.org/stkg/id/obs_rel_T90_BTR80_20260205T224317Z_406_e_c	http://www.w3.org/1999/02/22-rdf-syntax-ns#type	http://example.org/stkg/id/SpatialRelationObservation
http://example.org/stkg/id/obs_rel_T90_BTR80_20260205T224317Z_406_e_c	http://example.org/stkg/subjectEntity	http://example.org/stkg/id/platform_T90
http://example.org/stkg/id/obs_rel_T90_BTR80_20260205T224317Z_406_e_c	http://example.org/stkg/objectEntity	http://example.org/stkg/id/platform_BTR80
http://example.org/stkg/id/obs_rel_T90_BTR80_20260205T224317Z_406_e_c	http://example.org/stkg/relationType	http://example.org/stkg/id/relation_behind_of
http://example.org/stkg/id/obs_rel_T90_BTR80_20260205T224317Z_406_e_c	http://example.org/stkg/time	"2026-02-05T22:43:17Z"^^<http://www.w3.org/2001/XMLSchema#dateTime>
http://example.org/stkg/id/obs_rel_BTR80_K2BlackPanther_20260205T224318Z_407_c_d	http://www.w3.org/1999/02/22-rdf-syntax-ns#type	http://example.org/stkg/id/SpatialRelationObservation
http://example.org/stkg/id/obs_rel_BTR80_K2BlackPanther_20260205T224318Z_407_c_d	http://example.org/stkg/subjectEntity	http://example.org/stkg/id/platform_BTR80
http://example.org/stkg/id/obs_rel_BTR80_K2BlackPanther_20260205T224318Z_407_c_d	http://example.org/stkg/objectEntity	http://example.org/stkg/id/platform_K2BlackPanther
http://example.org/stkg/id/obs_rel_BTR80_K2BlackPanther_20260205T224318Z_407_c_d	http://example.org/stkg/relationType	http://example.org/stkg/id/relation_ahead_of
http://example.org/stkg/id/obs_rel_BTR80_K2BlackPanther_20260205T224318Z_407_c_d	http://example.org/stkg/time	"2026-02-05T22:43:18Z"^^<http://www.w3.org/2001/XMLSchema#dateTime>
http://example.org/stkg/id/obs_rel_K2BlackPanther_BTR80_20260205T224318Z_407_d_c	http://www.w3.org/1999/02/22-rdf-syntax-ns#type	http://example.org/stkg/id/SpatialRelationObservation
http://example.org/stkg/id/obs_rel_K2BlackPanther_BTR80_20260205T224318Z_407_d_c	http://example.org/stkg/subjectEntity	http://example.org/stkg/id/platform_K2BlackPanther
http://example.org/stkg/id/obs_rel_K2BlackPanther_BTR80_20260205T224318Z_407_d_c	http://example.org/stkg/objectEntity	http://example.org/stkg/id/platform_BTR80
http://example.org/stkg/id/obs_rel_K2BlackPanther_BTR80_20260205T224318Z_407_d_c	http://example.org/stkg/relationType	http://example.org/stkg/id/relation_behind_of
http://example.org/stkg/id/obs_rel_K2BlackPanther_BTR80_20260205T224318Z_407_d_c	http://example.org/stkg/time	"2026-02-05T22:43:18Z"^^<http://www.w3.org/2001/XMLSchema#dateTime>
http://example.org/stkg/id/obs_rel_K2BlackPanther_T90_20260205T224318Z_407_d_e	http://www.w3.org/1999/02/22-rdf-syntax-ns#type	http://example.org/stkg/id/SpatialRelationObservation
http://example.org/stkg/id/obs_rel_K2BlackPanther_T90_20260205T224318Z_407_d_e	http://example.org/stkg/subjectEntity	http://example.org/stkg/id/platform_K2BlackPanther
http://example.org/stkg/id/obs_rel_K2BlackPanther_T90_20260205T224318Z_407_d_e	http://example.org/stkg/objectEntity	http://example.org/stkg/id/platform_T90
http://example.org/stkg/id/obs_rel_K2BlackPanther_T90_20260205T224318Z_407_d_e	http://example.org/stkg/relationType	http://example.org/stkg/id/relation_ahead_of
http://example.org/stkg/id/obs_rel_K2BlackPanther_T90_20260205T224318Z_407_d_e	http://example.org/stkg/time	"2026-02-05T22:43:18Z"^^<http://www.w3.org/2001/XMLSchema#dateTime>
http://example.org/stkg/id/obs_rel_T90_K2BlackPanther_20260205T224318Z_407_e_d	http://www.w3.org/1999/02/22-rdf-syntax-ns#type	http://example.org/stkg/id/SpatialRelationObservation
http://example.org/stkg/id/obs_rel_T90_K2BlackPanther_20260205T224318Z_407_e_d	http://example.org/stkg/subjectEntity	http://example.org/stkg/id/platform_T90
http://example.org/stkg/id/obs_rel_T90_K2BlackPanther_20260205T224318Z_407_e_d	http://example.org/stkg/objectEntity	http://example.org/stkg/id/platform_K2BlackPanther
http://example.org/stkg/id/obs_rel_T90_K2BlackPanther_20260205T224318Z_407_e_d	http://example.org/stkg/relationType	http://example.org/stkg/id/relation_behind_of
http://example.org/stkg/id/obs_rel_T90_K2BlackPanther_20260205T224318Z_407_e_d	http://example.org/stkg/time	"2026-02-05T22:43:18Z"^^<http://www.w3.org/2001/XMLSchema#dateTime>
http://example.org/stkg/id/obs_rel_BTR80_T90_20260205T224318Z_407_c_e	http://www.w3.org/1999/02/22-rdf-syntax-ns#type	http://example.org/stkg/id/SpatialRelationObservation
http://example.org/stkg/id/obs_rel_BTR80_T90_20260205T224318Z_407_c_e	http://example.org/stkg/subjectEntity	http://example.org/stkg/id/platform_BTR80
http://example.org/stkg/id/obs_rel_BTR80_T90_20260205T224318Z_407_c_e	http://example.org/stkg/objectEntity	http://example.org/stkg/id/platform_T90
http://example.org/stkg/id/obs_rel_BTR80_T90_20260205T224318Z_407_c_e	http://example.org/stkg/relationType	http://example.org/stkg/id/relation_ahead_of
http://example.org/stkg/id/obs_rel_BTR80_T90_20260205T224318Z_407_c_e	http://example.org/stkg/time	"2026-02-05T22:43:18Z"^^<http://www.w3.org/2001/XMLSchema#dateTime>
http://example.org/stkg/id/obs_rel_T90_BTR80_20260205T224318Z_407_e_c	http://www.w3.org/1999/02/22-rdf-syntax-ns#type	http://example.org/stkg/id/SpatialRelationObservation
http://example.org/stkg/id/obs_rel_T90_BTR80_20260205T224318Z_407_e_c	http://example.org/stkg/subjectEntity	http://example.org/stkg/id/platform_T90
http://example.org/stkg/id/obs_rel_T90_BTR80_20260205T224318Z_407_e_c	http://example.org/stkg/objectEntity	http://example.org/stkg/id/platform_BTR80
http://example.org/stkg/id/obs_rel_T90_BTR80_20260205T224318Z_407_e_c	http://example.org/stkg/relationType	http://example.org/stkg/id/relation_behind_of
http://example.org/stkg/id/obs_rel_T90_BTR80_20260205T224318Z_407_e_c	http://example.org/stkg/time	"2026-02-05T22:43:18Z"^^<http://www.w3.org/2001/XMLSchema#dateTime>
http://example.org/stkg/id/obs_rel_BTR80_K2BlackPanther_20260205T224319Z_408_c_d	http://www.w3.org/1999/02/22-rdf-syntax-ns#type	http://example.org/stkg/id/SpatialRelationObservation
http://example.org/stkg/id/obs_rel_BTR80_K2BlackPanther_20260205T224319Z_408_c_d	http://example.org/stkg/subjectEntity	http://example.org/stkg/id/platform_BTR80
http://example.org/stkg/id/obs_rel_BTR80_K2BlackPanther_20260205T224319Z_408_c_d	http://example.org/stkg/objectEntity	http://example.org/stkg/id/platform_K2BlackPanther
http://example.org/stkg/id/obs_rel_BTR80_K2BlackPanther_20260205T224319Z_408_c_d	http://example.org/stkg/relationType	http://example.org/stkg/id/relation_ahead_of
http://example.org/stkg/id/obs_rel_BTR80_K2BlackPanther_20260205T224319Z_408_c_d	http://example.org/stkg/time	"2026-02-05T22:43:19Z"^^<http://www.w3.org/2001/XMLSchema#dateTime>
http://example.org/stkg/id/obs_rel_K2BlackPanther_BTR80_20260205T224319Z_408_d_c	http://www.w3.org/1999/02/22-rdf-syntax-ns#type	http://example.org/stkg/id/SpatialRelationObservation
http://example.org/stkg/id/obs_rel_K2BlackPanther_BTR80_20260205T224319Z_408_d_c	http://example.org/stkg/subjectEntity	http://example.org/stkg/id/platform_K2BlackPanther
http://example.org/stkg/id/obs_rel_K2BlackPanther_BTR80_20260205T224319Z_408_d_c	http://example.org/stkg/objectEntity	http://example.org/stkg/id/platform_BTR80
http://example.org/stkg/id/obs_rel_K2BlackPanther_BTR80_20260205T224319Z_408_d_c	http://example.org/stkg/relationType	http://example.org/stkg/id/relation_behind_of
http://example.org/stkg/id/obs_rel_K2BlackPanther_BTR80_20260205T224319Z_408_d_c	http://example.org/stkg/time	"2026-02-05T22:43:19Z"^^<http://www.w3.org/2001/XMLSchema#dateTime>
http://example.org/stkg/id/obs_rel_K2BlackPanther_T90_20260205T224319Z_408_d_e	http://www.w3.org/1999/02/22-rdf-syntax-ns#type	http://example.org/stkg/id/SpatialRelationObservation
http://example.org/stkg/id/obs_rel_K2BlackPanther_T90_20260205T224319Z_408_d_e	http://example.org/stkg/subjectEntity	http://example.org/stkg/id/platform_K2BlackPanther
http://example.org/stkg/id/obs_rel_K2BlackPanther_T90_20260205T224319Z_408_d_e	http://example.org/stkg/objectEntity	http://example.org/stkg/id/platform_T90
http://example.org/stkg/id/obs_rel_K2BlackPanther_T90_20260205T224319Z_408_d_e	http://example.org/stkg/relationType	http://example.org/stkg/id/relation_ahead_of
http://example.org/stkg/id/obs_rel_K2BlackPanther_T90_20260205T224319Z_408_d_e	http://example.org/stkg/time	"2026-02-05T22:43:19Z"^^<http://www.w3.org/2001/XMLSchema#dateTime>
http://example.org/stkg/id/obs_rel_T90_K2BlackPanther_20260205T224319Z_408_e_d	http://www.w3.org/1999/02/22-rdf-syntax-ns#type	http://example.org/stkg/id/SpatialRelationObservation
http://example.org/stkg/id/obs_rel_T90_K2BlackPanther_20260205T224319Z_408_e_d	http://example.org/stkg/subjectEntity	http://example.org/stkg/id/platform_T90
http://example.org/stkg/id/obs_rel_T90_K2BlackPanther_20260205T224319Z_408_e_d	http://example.org/stkg/objectEntity	http://example.org/stkg/id/platform_K2BlackPanther
http://example.org/stkg/id/obs_rel_T90_K2BlackPanther_20260205T224319Z_408_e_d	http://example.org/stkg/relationType	http://example.org/stkg/id/relation_behind_of
http://example.org/stkg/id/obs_rel_T90_K2BlackPanther_20260205T224319Z_408_e_d	http://example.org/stkg/time	"2026-02-05T22:43:19Z"^^<http://www.w3.org/2001/XMLSchema#dateTime>
http://example.org/stkg/id/obs_rel_BTR80_T90_20260205T224319Z_408_c_e	http://www.w3.org/1999/02/22-rdf-syntax-ns#type	http://example.org/stkg/id/SpatialRelationObservation
http://example.org/stkg/id/obs_rel_BTR80_T90_20260205T224319Z_408_c_e	http://example.org/stkg/subjectEntity	http://example.org/stkg/id/platform_BTR80
http://example.org/stkg/id/obs_rel_BTR80_T90_20260205T224319Z_408_c_e	http://example.org/stkg/objectEntity	http://example.org/stkg/id/platform_T90
http://example.org/stkg/id/obs_rel_BTR80_T90_20260205T224319Z_408_c_e	http://example.org/stkg/relationType	http://example.org/stkg/id/relation_ahead_of
http://example.org/stkg/id/obs_rel_BTR80_T90_20260205T224319Z_408_c_e	http://example.org/stkg/time	"2026-02-05T22:43:19Z"^^<http://www.w3.org/2001/XMLSchema#dateTime>
http://example.org/stkg/id/obs_rel_T90_BTR80_20260205T224319Z_408_e_c	http://www.w3.org/1999/02/22-rdf-syntax-ns#type	http://example.org/stkg/id/SpatialRelationObservation
http://example.org/stkg/id/obs_rel_T90_BTR80_20260205T224319Z_408_e_c	http://example.org/stkg/subjectEntity	http://example.org/stkg/id/platform_T90
http://example.org/stkg/id/obs_rel_T90_BTR80_20260205T224319Z_408_e_c	http://example.org/stkg/objectEntity	http://example.org/stkg/id/platform_BTR80
http://example.org/stkg/id/obs_rel_T90_BTR80_20260205T224319Z_408_e_c	http://example.org/stkg/relationType	http://example.org/stkg/id/relation_behind_of
http://example.org/stkg/id/obs_rel_T90_BTR80_20260205T224319Z_408_e_c	http://example.org/stkg/time	"2026-02-05T22:43:19Z"^^<http://www.w3.org/2001/XMLSchema#dateTime>
http://example.org/stkg/id/obs_rel_BTR80_K2BlackPanther_20260205T224320Z_409_c_d	http://www.w3.org/1999/02/22-rdf-syntax-ns#type	http://example.org/stkg/id/SpatialRelationObservation
http://example.org/stkg/id/obs_rel_BTR80_K2BlackPanther_20260205T224320Z_409_c_d	http://example.org/stkg/subjectEntity	http://example.org/stkg/id/platform_BTR80
http://example.org/stkg/id/obs_rel_BTR80_K2BlackPanther_20260205T224320Z_409_c_d	http://example.org/stkg/objectEntity	http://example.org/stkg/id/platform_K2BlackPanther
http://example.org/stkg/id/obs_rel_BTR80_K2BlackPanther_20260205T224320Z_409_c_d	http://example.org/stkg/relationType	http://example.org/stkg/id/relation_ahead_of
http://example.org/stkg/id/obs_rel_BTR80_K2BlackPanther_20260205T224320Z_409_c_d	http://example.org/stkg/time	"2026-02-05T22:43:20Z"^^<http://www.w3.org/2001/XMLSchema#dateTime>
http://example.org/stkg/id/obs_rel_K2BlackPanther_BTR80_20260205T224320Z_409_d_c	http://www.w3.org/1999/02/22-rdf-syntax-ns#type	http://example.org/stkg/id/SpatialRelationObservation
http://example.org/stkg/id/obs_rel_K2BlackPanther_BTR80_20260205T224320Z_409_d_c	http://example.org/stkg/subjectEntity	http://example.org/stkg/id/platform_K2BlackPanther
http://example.org/stkg/id/obs_rel_K2BlackPanther_BTR80_20260205T224320Z_409_d_c	http://example.org/stkg/objectEntity	http://example.org/stkg/id/platform_BTR80
http://example.org/stkg/id/obs_rel_K2BlackPanther_BTR80_20260205T224320Z_409_d_c	http://example.org/stkg/relationType	http://example.org/stkg/id/relation_behind_of
http://example.org/stkg/id/obs_rel_K2BlackPanther_BTR80_20260205T224320Z_409_d_c	http://example.org/stkg/time	"2026-02-05T22:43:20Z"^^<http://www.w3.org/2001/XMLSchema#dateTime>
http://example.org/stkg/id/obs_rel_K2BlackPanther_T90_20260205T224320Z_409_d_e	http://www.w3.org/1999/02/22-rdf-syntax-ns#type	http://example.org/stkg/id/SpatialRelationObservation
http://example.org/stkg/id/obs_rel_K2BlackPanther_T90_20260205T224320Z_409_d_e	http://example.org/stkg/subjectEntity	http://example.org/stkg/id/platform_K2BlackPanther
http://example.org/stkg/id/obs_rel_K2BlackPanther_T90_20260205T224320Z_409_d_e	http://example.org/stkg/objectEntity	http://example.org/stkg/id/platform_T90
http://example.org/stkg/id/obs_rel_K2BlackPanther_T90_20260205T224320Z_409_d_e	http://example.org/stkg/relationType	http://example.org/stkg/id/relation_ahead_of
http://example.org/stkg/id/obs_rel_K2BlackPanther_T90_20260205T224320Z_409_d_e	http://example.org/stkg/time	"2026-02-05T22:43:20Z"^^<http://www.w3.org/2001/XMLSchema#dateTime>
http://example.org/stkg/id/obs_rel_T90_K2BlackPanther_20260205T224320Z_409_e_d	http://www.w3.org/1999/02/22-rdf-syntax-ns#type	http://example.org/stkg/id/SpatialRelationObservation
http://example.org/stkg/id/obs_rel_T90_K2BlackPanther_20260205T224320Z_409_e_d	http://example.org/stkg/subjectEntity	http://example.org/stkg/id/platform_T90
http://example.org/stkg/id/obs_rel_T90_K2BlackPanther_20260205T224320Z_409_e_d	http://example.org/stkg/objectEntity	http://example.org/stkg/id/platform_K2BlackPanther
http://example.org/stkg/id/obs_rel_T90_K2BlackPanther_20260205T224320Z_409_e_d	http://example.org/stkg/relationType	http://example.org/stkg/id/relation_behind_of
http://example.org/stkg/id/obs_rel_T90_K2BlackPanther_20260205T224320Z_409_e_d	http://example.org/stkg/time	"2026-02-05T22:43:20Z"^^<http://www.w3.org/2001/XMLSchema#dateTime>
http://example.org/stkg/id/obs_rel_BTR80_T90_20260205T224320Z_409_c_e	http://www.w3.org/1999/02/22-rdf-syntax-ns#type	http://example.org/stkg/id/SpatialRelationObservation
http://example.org/stkg/id/obs_rel_BTR80_T90_20260205T224320Z_409_c_e	http://example.org/stkg/subjectEntity	http://example.org/stkg/id/platform_BTR80
http://example.org/stkg/id/obs_rel_BTR80_T90_20260205T224320Z_409_c_e	http://example.org/stkg/objectEntity	http://example.org/stkg/id/platform_T90
http://example.org/stkg/id/obs_rel_BTR80_T90_20260205T224320Z_409_c_e	http://example.org/stkg/relationType	http://example.org/stkg/id/relation_ahead_of
http://example.org/stkg/id/obs_rel_BTR80_T90_20260205T224320Z_409_c_e	http://example.org/stkg/time	"2026-02-05T22:43:20Z"^^<http://www.w3.org/2001/XMLSchema#dateTime>
http://example.org/stkg/id/obs_rel_T90_BTR80_20260205T224320Z_409_e_c	http://www.w3.org/1999/02/22-rdf-syntax-ns#type	http://example.org/stkg/id/SpatialRelationObservation
http://example.org/stkg/id/obs_rel_T90_BTR80_20260205T224320Z_409_e_c	http://example.org/stkg/subjectEntity	http://example.org/stkg/id/platform_T90
http://example.org/stkg/id/obs_rel_T90_BTR80_20260205T224320Z_409_e_c	http://example.org/stkg/objectEntity	http://example.org/stkg/id/platform_BTR80
http://example.org/stkg/id/obs_rel_T90_BTR80_20260205T224320Z_409_e_c	http://example.org/stkg/relationType	http://example.org/stkg/id/relation_behind_of
http://example.org/stkg/id/obs_rel_T90_BTR80_20260205T224320Z_409_e_c	http://example.org/stkg/time	"2026-02-05T22:43:20Z"^^<http://www.w3.org/2001/XMLSchema#dateTime>
http://example.org/stkg/id/obs_rel_BTR80_K2BlackPanther_20260205T224321Z_410_c_d	http://www.w3.org/1999/02/22-rdf-syntax-ns#type	http://example.org/stkg/id/SpatialRelationObservation
http://example.org/stkg/id/obs_rel_BTR80_K2BlackPanther_20260205T224321Z_410_c_d	http://example.org/stkg/subjectEntity	http://example.org/stkg/id/platform_BTR80
http://example.org/stkg/id/obs_rel_BTR80_K2BlackPanther_20260205T224321Z_410_c_d	http://example.org/stkg/objectEntity	http://example.org/stkg/id/platform_K2BlackPanther
http://example.org/stkg/id/obs_rel_BTR80_K2BlackPanther_20260205T224321Z_410_c_d	http://example.org/stkg/relationType	http://example.org/stkg/id/relation_ahead_of
http://example.org/stkg/id/obs_rel_BTR80_K2BlackPanther_20260205T224321Z_410_c_d	http://example.org/stkg/time	"2026-02-05T22:43:21Z"^^<http://www.w3.org/2001/XMLSchema#dateTime>
http://example.org/stkg/id/obs_rel_K2BlackPanther_BTR80_20260205T224321Z_410_d_c	http://www.w3.org/1999/02/22-rdf-syntax-ns#type	http://example.org/stkg/id/SpatialRelationObservation
http://example.org/stkg/id/obs_rel_K2BlackPanther_BTR80_20260205T224321Z_410_d_c	http://example.org/stkg/subjectEntity	http://example.org/stkg/id/platform_K2BlackPanther
http://example.org/stkg/id/obs_rel_K2BlackPanther_BTR80_20260205T224321Z_410_d_c	http://example.org/stkg/objectEntity	http://example.org/stkg/id/platform_BTR80
http://example.org/stkg/id/obs_rel_K2BlackPanther_BTR80_20260205T224321Z_410_d_c	http://example.org/stkg/relationType	http://example.org/stkg/id/relation_behind_of
http://example.org/stkg/id/obs_rel_K2BlackPanther_BTR80_20260205T224321Z_410_d_c	http://example.org/stkg/time	"2026-02-05T22:43:21Z"^^<http://www.w3.org/2001/XMLSchema#dateTime>
http://example.org/stkg/id/obs_rel_K2BlackPanther_T90_20260205T224321Z_410_d_e	http://www.w3.org/1999/02/22-rdf-syntax-ns#type	http://example.org/stkg/id/SpatialRelationObservation
http://example.org/stkg/id/obs_rel_K2BlackPanther_T90_20260205T224321Z_410_d_e	http://example.org/stkg/subjectEntity	http://example.org/stkg/id/platform_K2BlackPanther
http://example.org/stkg/id/obs_rel_K2BlackPanther_T90_20260205T224321Z_410_d_e	http://example.org/stkg/objectEntity	http://example.org/stkg/id/platform_T90
http://example.org/stkg/id/obs_rel_K2BlackPanther_T90_20260205T224321Z_410_d_e	http://example.org/stkg/relationType	http://example.org/stkg/id/relation_ahead_of
http://example.org/stkg/id/obs_rel_K2BlackPanther_T90_20260205T224321Z_410_d_e	http://example.org/stkg/time	"2026-02-05T22:43:21Z"^^<http://www.w3.org/2001/XMLSchema#dateTime>
http://example.org/stkg/id/obs_rel_T90_K2BlackPanther_20260205T224321Z_410_e_d	http://www.w3.org/1999/02/22-rdf-syntax-ns#type	http://example.org/stkg/id/SpatialRelationObservation
http://example.org/stkg/id/obs_rel_T90_K2BlackPanther_20260205T224321Z_410_e_d	http://example.org/stkg/subjectEntity	http://example.org/stkg/id/platform_T90
http://example.org/stkg/id/obs_rel_T90_K2BlackPanther_20260205T224321Z_410_e_d	http://example.org/stkg/objectEntity	http://example.org/stkg/id/platform_K2BlackPanther
http://example.org/stkg/id/obs_rel_T90_K2BlackPanther_20260205T224321Z_410_e_d	http://example.org/stkg/relationType	http://example.org/stkg/id/relation_behind_of
http://example.org/stkg/id/obs_rel_T90_K2BlackPanther_20260205T224321Z_410_e_d	http://example.org/stkg/time	"2026-02-05T22:43:21Z"^^<http://www.w3.org/2001/XMLSchema#dateTime>
http://example.org/stkg/id/obs_rel_BTR80_T90_20260205T224321Z_410_c_e	http://www.w3.org/1999/02/22-rdf-syntax-ns#type	http://example.org/stkg/id/SpatialRelationObservation
http://example.org/stkg/id/obs_rel_BTR80_T90_20260205T224321Z_410_c_e	http://example.org/stkg/subjectEntity	http://example.org/stkg/id/platform_BTR80
http://example.org/stkg/id/obs_rel_BTR80_T90_20260205T224321Z_410_c_e	http://example.org/stkg/objectEntity	http://example.org/stkg/id/platform_T90
http://example.org/stkg/id/obs_rel_BTR80_T90_20260205T224321Z_410_c_e	http://example.org/stkg/relationType	http://example.org/stkg/id/relation_ahead_of
http://example.org/stkg/id/obs_rel_BTR80_T90_20260205T224321Z_410_c_e	http://example.org/stkg/time	"2026-02-05T22:43:21Z"^^<http://www.w3.org/2001/XMLSchema#dateTime>
http://example.org/stkg/id/obs_rel_T90_BTR80_20260205T224321Z_410_e_c	http://www.w3.org/1999/02/22-rdf-syntax-ns#type	http://example.org/stkg/id/SpatialRelationObservation
http://example.org/stkg/id/obs_rel_T90_BTR80_20260205T224321Z_410_e_c	http://example.org/stkg/subjectEntity	http://example.org/stkg/id/platform_T90
http://example.org/stkg/id/obs_rel_T90_BTR80_20260205T224321Z_410_e_c	http://example.org/stkg/objectEntity	http://example.org/stkg/id/platform_BTR80
http://example.org/stkg/id/obs_rel_T90_BTR80_20260205T224321Z_410_e_c	http://example.org/stkg/relationType	http://example.org/stkg/id/relation_behind_of
http://example.org/stkg/id/obs_rel_T90_BTR80_20260205T224321Z_410_e_c	http://example.org/stkg/time	"2026-02-05T22:43:21Z"^^<http://www.w3.org/2001/XMLSchema#dateTime>
http://example.org/stkg/id/obs_rel_BTR80_K2BlackPanther_20260205T224322Z_411_c_d	http://www.w3.org/1999/02/22-rdf-syntax-ns#type	http://example.org/stkg/id/SpatialRelationObservation
http://example.org/stkg/id/obs_rel_BTR80_K2BlackPanther_20260205T224322Z_411_c_d	http://example.org/stkg/subjectEntity	http://example.org/stkg/id/platform_BTR80
http://example.org/stkg/id/obs_rel_BTR80_K2BlackPanther_20260205T224322Z_411_c_d	http://example.org/stkg/objectEntity	http://example.org/stkg/id/platform_K2BlackPanther
http://example.org/stkg/id/obs_rel_BTR80_K2BlackPanther_20260205T224322Z_411_c_d	http://example.org/stkg/relationType	http://example.org/stkg/id/relation_ahead_of
http://example.org/stkg/id/obs_rel_BTR80_K2BlackPanther_20260205T224322Z_411_c_d	http://example.org/stkg/time	"2026-02-05T22:43:22Z"^^<http://www.w3.org/2001/XMLSchema#dateTime>
http://example.org/stkg/id/obs_rel_K2BlackPanther_BTR80_20260205T224322Z_411_d_c	http://www.w3.org/1999/02/22-rdf-syntax-ns#type	http://example.org/stkg/id/SpatialRelationObservation
http://example.org/stkg/id/obs_rel_K2BlackPanther_BTR80_20260205T224322Z_411_d_c	http://example.org/stkg/subjectEntity	http://example.org/stkg/id/platform_K2BlackPanther
http://example.org/stkg/id/obs_rel_K2BlackPanther_BTR80_20260205T224322Z_411_d_c	http://example.org/stkg/objectEntity	http://example.org/stkg/id/platform_BTR80
http://example.org/stkg/id/obs_rel_K2BlackPanther_BTR80_20260205T224322Z_411_d_c	http://example.org/stkg/relationType	http://example.org/stkg/id/relation_behind_of
http://example.org/stkg/id/obs_rel_K2BlackPanther_BTR80_20260205T224322Z_411_d_c	http://example.org/stkg/time	"2026-02-05T22:43:22Z"^^<http://www.w3.org/2001/XMLSchema#dateTime>
http://example.org/stkg/id/obs_rel_K2BlackPanther_T90_20260205T224322Z_411_d_e	http://www.w3.org/1999/02/22-rdf-syntax-ns#type	http://example.org/stkg/id/SpatialRelationObservation
http://example.org/stkg/id/obs_rel_K2BlackPanther_T90_20260205T224322Z_411_d_e	http://example.org/stkg/subjectEntity	http://example.org/stkg/id/platform_K2BlackPanther
http://example.org/stkg/id/obs_rel_K2BlackPanther_T90_20260205T224322Z_411_d_e	http://example.org/stkg/objectEntity	http://example.org/stkg/id/platform_T90
http://example.org/stkg/id/obs_rel_K2BlackPanther_T90_20260205T224322Z_411_d_e	http://example.org/stkg/relationType	http://example.org/stkg/id/relation_ahead_of
http://example.org/stkg/id/obs_rel_K2BlackPanther_T90_20260205T224322Z_411_d_e	http://example.org/stkg/time	"2026-02-05T22:43:22Z"^^<http://www.w3.org/2001/XMLSchema#dateTime>
http://example.org/stkg/id/obs_rel_T90_K2BlackPanther_20260205T224322Z_411_e_d	http://www.w3.org/1999/02/22-rdf-syntax-ns#type	http://example.org/stkg/id/SpatialRelationObservation
http://example.org/stkg/id/obs_rel_T90_K2BlackPanther_20260205T224322Z_411_e_d	http://example.org/stkg/subjectEntity	http://example.org/stkg/id/platform_T90
http://example.org/stkg/id/obs_rel_T90_K2BlackPanther_20260205T224322Z_411_e_d	http://example.org/stkg/objectEntity	http://example.org/stkg/id/platform_K2BlackPanther
http://example.org/stkg/id/obs_rel_T90_K2BlackPanther_20260205T224322Z_411_e_d	http://example.org/stkg/relationType	http://example.org/stkg/id/relation_behind_of
http://example.org/stkg/id/obs_rel_T90_K2BlackPanther_20260205T224322Z_411_e_d	http://example.org/stkg/time	"2026-02-05T22:43:22Z"^^<http://www.w3.org/2001/XMLSchema#dateTime>
http://example.org/stkg/id/obs_rel_BTR80_T90_20260205T224322Z_411_c_e	http://www.w3.org/1999/02/22-rdf-syntax-ns#type	http://example.org/stkg/id/SpatialRelationObservation
http://example.org/stkg/id/obs_rel_BTR80_T90_20260205T224322Z_411_c_e	http://example.org/stkg/subjectEntity	http://example.org/stkg/id/platform_BTR80
http://example.org/stkg/id/obs_rel_BTR80_T90_20260205T224322Z_411_c_e	http://example.org/stkg/objectEntity	http://example.org/stkg/id/platform_T90
http://example.org/stkg/id/obs_rel_BTR80_T90_20260205T224322Z_411_c_e	http://example.org/stkg/relationType	http://example.org/stkg/id/relation_ahead_of
http://example.org/stkg/id/obs_rel_BTR80_T90_20260205T224322Z_411_c_e	http://example.org/stkg/time	"2026-02-05T22:43:22Z"^^<http://www.w3.org/2001/XMLSchema#dateTime>
http://example.org/stkg/id/obs_rel_T90_BTR80_20260205T224322Z_411_e_c	http://www.w3.org/1999/02/22-rdf-syntax-ns#type	http://example.org/stkg/id/SpatialRelationObservation
http://example.org/stkg/id/obs_rel_T90_BTR80_20260205T224322Z_411_e_c	http://example.org/stkg/subjectEntity	http://example.org/stkg/id/platform_T90
http://example.org/stkg/id/obs_rel_T90_BTR80_20260205T224322Z_411_e_c	http://example.org/stkg/objectEntity	http://example.org/stkg/id/platform_BTR80
http://example.org/stkg/id/obs_rel_T90_BTR80_20260205T224322Z_411_e_c	http://example.org/stkg/relationType	http://example.org/stkg/id/relation_behind_of
http://example.org/stkg/id/obs_rel_T90_BTR80_20260205T224322Z_411_e_c	http://example.org/stkg/time	"2026-02-05T22:43:22Z"^^<http://www.w3.org/2001/XMLSchema#dateTime>
http://example.org/stkg/id/obs_rel_BTR80_K2BlackPanther_20260205T224323Z_412_c_d	http://www.w3.org/1999/02/22-rdf-syntax-ns#type	http://example.org/stkg/id/SpatialRelationObservation
http://example.org/stkg/id/obs_rel_BTR80_K2BlackPanther_20260205T224323Z_412_c_d	http://example.org/stkg/subjectEntity	http://example.org/stkg/id/platform_BTR80
http://example.org/stkg/id/obs_rel_BTR80_K2BlackPanther_20260205T224323Z_412_c_d	http://example.org/stkg/objectEntity	http://example.org/stkg/id/platform_K2BlackPanther
http://example.org/stkg/id/obs_rel_BTR80_K2BlackPanther_20260205T224323Z_412_c_d	http://example.org/stkg/relationType	http://example.org/stkg/id/relation_ahead_of
http://example.org/stkg/id/obs_rel_BTR80_K2BlackPanther_20260205T224323Z_412_c_d	http://example.org/stkg/time	"2026-02-05T22:43:23Z"^^<http://www.w3.org/2001/XMLSchema#dateTime>
http://example.org/stkg/id/obs_rel_K2BlackPanther_BTR80_20260205T224323Z_412_d_c	http://www.w3.org/1999/02/22-rdf-syntax-ns#type	http://example.org/stkg/id/SpatialRelationObservation
http://example.org/stkg/id/obs_rel_K2BlackPanther_BTR80_20260205T224323Z_412_d_c	http://example.org/stkg/subjectEntity	http://example.org/stkg/id/platform_K2BlackPanther
http://example.org/stkg/id/obs_rel_K2BlackPanther_BTR80_20260205T224323Z_412_d_c	http://example.org/stkg/objectEntity	http://example.org/stkg/id/platform_BTR80
http://example.org/stkg/id/obs_rel_K2BlackPanther_BTR80_20260205T224323Z_412_d_c	http://example.org/stkg/relationType	http://example.org/stkg/id/relation_behind_of
http://example.org/stkg/id/obs_rel_K2BlackPanther_BTR80_20260205T224323Z_412_d_c	http://example.org/stkg/time	"2026-02-05T22:43:23Z"^^<http://www.w3.org/2001/XMLSchema#dateTime>
http://example.org/stkg/id/obs_rel_K2BlackPanther_T90_20260205T224323Z_412_d_e	http://www.w3.org/1999/02/22-rdf-syntax-ns#type	http://example.org/stkg/id/SpatialRelationObservation
http://example.org/stkg/id/obs_rel_K2BlackPanther_T90_20260205T224323Z_412_d_e	http://example.org/stkg/subjectEntity	http://example.org/stkg/id/platform_K2BlackPanther
http://example.org/stkg/id/obs_rel_K2BlackPanther_T90_20260205T224323Z_412_d_e	http://example.org/stkg/objectEntity	http://example.org/stkg/id/platform_T90
http://example.org/stkg/id/obs_rel_K2BlackPanther_T90_20260205T224323Z_412_d_e	http://example.org/stkg/relationType	http://example.org/stkg/id/relation_ahead_of
http://example.org/stkg/id/obs_rel_K2BlackPanther_T90_20260205T224323Z_412_d_e	http://example.org/stkg/time	"2026-02-05T22:43:23Z"^^<http://www.w3.org/2001/XMLSchema#dateTime>
http://example.org/stkg/id/obs_rel_T90_K2BlackPanther_20260205T224323Z_412_e_d	http://www.w3.org/1999/02/22-rdf-syntax-ns#type	http://example.org/stkg/id/SpatialRelationObservation
http://example.org/stkg/id/obs_rel_T90_K2BlackPanther_20260205T224323Z_412_e_d	http://example.org/stkg/subjectEntity	http://example.org/stkg/id/platform_T90
http://example.org/stkg/id/obs_rel_T90_K2BlackPanther_20260205T224323Z_412_e_d	http://example.org/stkg/objectEntity	http://example.org/stkg/id/platform_K2BlackPanther
http://example.org/stkg/id/obs_rel_T90_K2BlackPanther_20260205T224323Z_412_e_d	http://example.org/stkg/relationType	http://example.org/stkg/id/relation_behind_of
http://example.org/stkg/id/obs_rel_T90_K2BlackPanther_20260205T224323Z_412_e_d	http://example.org/stkg/time	"2026-02-05T22:43:23Z"^^<http://www.w3.org/2001/XMLSchema#dateTime>
http://example.org/stkg/id/obs_rel_BTR80_T90_20260205T224323Z_412_c_e	http://www.w3.org/1999/02/22-rdf-syntax-ns#type	http://example.org/stkg/id/SpatialRelationObservation
http://example.org/stkg/id/obs_rel_BTR80_T90_20260205T224323Z_412_c_e	http://example.org/stkg/subjectEntity	http://example.org/stkg/id/platform_BTR80
http://example.org/stkg/id/obs_rel_BTR80_T90_20260205T224323Z_412_c_e	http://example.org/stkg/objectEntity	http://example.org/stkg/id/platform_T90
http://example.org/stkg/id/obs_rel_BTR80_T90_20260205T224323Z_412_c_e	http://example.org/stkg/relationType	http://example.org/stkg/id/relation_ahead_of
http://example.org/stkg/id/obs_rel_BTR80_T90_20260205T224323Z_412_c_e	http://example.org/stkg/time	"2026-02-05T22:43:23Z"^^<http://www.w3.org/2001/XMLSchema#dateTime>
http://example.org/stkg/id/obs_rel_T90_BTR80_20260205T224323Z_412_e_c	http://www.w3.org/1999/02/22-rdf-syntax-ns#type	http://example.org/stkg/id/SpatialRelationObservation
http://example.org/stkg/id/obs_rel_T90_BTR80_20260205T224323Z_412_e_c	http://example.org/stkg/subjectEntity	http://example.org/stkg/id/platform_T90
http://example.org/stkg/id/obs_rel_T90_BTR80_20260205T224323Z_412_e_c	http://example.org/stkg/objectEntity	http://example.org/stkg/id/platform_BTR80
http://example.org/stkg/id/obs_rel_T90_BTR80_20260205T224323Z_412_e_c	http://example.org/stkg/relationType	http://example.org/stkg/id/relation_behind_of
http://example.org/stkg/id/obs_rel_T90_BTR80_20260205T224323Z_412_e_c	http://example.org/stkg/time	"2026-02-05T22:43:23Z"^^<http://www.w3.org/2001/XMLSchema#dateTime>
http://example.org/stkg/id/obs_rel_BTR80_K2BlackPanther_20260205T224324Z_413_c_d	http://www.w3.org/1999/02/22-rdf-syntax-ns#type	http://example.org/stkg/id/SpatialRelationObservation
http://example.org/stkg/id/obs_rel_BTR80_K2BlackPanther_20260205T224324Z_413_c_d	http://example.org/stkg/subjectEntity	http://example.org/stkg/id/platform_BTR80
http://example.org/stkg/id/obs_rel_BTR80_K2BlackPanther_20260205T224324Z_413_c_d	http://example.org/stkg/objectEntity	http://example.org/stkg/id/platform_K2BlackPanther
http://example.org/stkg/id/obs_rel_BTR80_K2BlackPanther_20260205T224324Z_413_c_d	http://example.org/stkg/relationType	http://example.org/stkg/id/relation_ahead_of
http://example.org/stkg/id/obs_rel_BTR80_K2BlackPanther_20260205T224324Z_413_c_d	http://example.org/stkg/time	"2026-02-05T22:43:24Z"^^<http://www.w3.org/2001/XMLSchema#dateTime>
http://example.org/stkg/id/obs_rel_K2BlackPanther_BTR80_20260205T224324Z_413_d_c	http://www.w3.org/1999/02/22-rdf-syntax-ns#type	http://example.org/stkg/id/SpatialRelationObservation
http://example.org/stkg/id/obs_rel_K2BlackPanther_BTR80_20260205T224324Z_413_d_c	http://example.org/stkg/subjectEntity	http://example.org/stkg/id/platform_K2BlackPanther
http://example.org/stkg/id/obs_rel_K2BlackPanther_BTR80_20260205T224324Z_413_d_c	http://example.org/stkg/objectEntity	http://example.org/stkg/id/platform_BTR80
http://example.org/stkg/id/obs_rel_K2BlackPanther_BTR80_20260205T224324Z_413_d_c	http://example.org/stkg/relationType	http://example.org/stkg/id/relation_behind_of
http://example.org/stkg/id/obs_rel_K2BlackPanther_BTR80_20260205T224324Z_413_d_c	http://example.org/stkg/time	"2026-02-05T22:43:24Z"^^<http://www.w3.org/2001/XMLSchema#dateTime>
http://example.org/stkg/id/obs_rel_K2BlackPanther_T90_20260205T224324Z_413_d_e	http://www.w3.org/1999/02/22-rdf-syntax-ns#type	http://example.org/stkg/id/SpatialRelationObservation
http://example.org/stkg/id/obs_rel_K2BlackPanther_T90_20260205T224324Z_413_d_e	http://example.org/stkg/subjectEntity	http://example.org/stkg/id/platform_K2BlackPanther
http://example.org/stkg/id/obs_rel_K2BlackPanther_T90_20260205T224324Z_413_d_e	http://example.org/stkg/objectEntity	http://example.org/stkg/id/platform_T90
http://example.org/stkg/id/obs_rel_K2BlackPanther_T90_20260205T224324Z_413_d_e	http://example.org/stkg/relationType	http://example.org/stkg/id/relation_ahead_of
http://example.org/stkg/id/obs_rel_K2BlackPanther_T90_20260205T224324Z_413_d_e	http://example.org/stkg/time	"2026-02-05T22:43:24Z"^^<http://www.w3.org/2001/XMLSchema#dateTime>
http://example.org/stkg/id/obs_rel_T90_K2BlackPanther_20260205T224324Z_413_e_d	http://www.w3.org/1999/02/22-rdf-syntax-ns#type	http://example.org/stkg/id/SpatialRelationObservation
http://example.org/stkg/id/obs_rel_T90_K2BlackPanther_20260205T224324Z_413_e_d	http://example.org/stkg/subjectEntity	http://example.org/stkg/id/platform_T90
http://example.org/stkg/id/obs_rel_T90_K2BlackPanther_20260205T224324Z_413_e_d	http://example.org/stkg/objectEntity	http://example.org/stkg/id/platform_K2BlackPanther
http://example.org/stkg/id/obs_rel_T90_K2BlackPanther_20260205T224324Z_413_e_d	http://example.org/stkg/relationType	http://example.org/stkg/id/relation_behind_of
http://example.org/stkg/id/obs_rel_T90_K2BlackPanther_20260205T224324Z_413_e_d	http://example.org/stkg/time	"2026-02-05T22:43:24Z"^^<http://www.w3.org/2001/XMLSchema#dateTime>
http://example.org/stkg/id/obs_rel_BTR80_T90_20260205T224324Z_413_c_e	http://www.w3.org/1999/02/22-rdf-syntax-ns#type	http://example.org/stkg/id/SpatialRelationObservation
http://example.org/stkg/id/obs_rel_BTR80_T90_20260205T224324Z_413_c_e	http://example.org/stkg/subjectEntity	http://example.org/stkg/id/platform_BTR80
http://example.org/stkg/id/obs_rel_BTR80_T90_20260205T224324Z_413_c_e	http://example.org/stkg/objectEntity	http://example.org/stkg/id/platform_T90
http://example.org/stkg/id/obs_rel_BTR80_T90_20260205T224324Z_413_c_e	http://example.org/stkg/relationType	http://example.org/stkg/id/relation_ahead_of
http://example.org/stkg/id/obs_rel_BTR80_T90_20260205T224324Z_413_c_e	http://example.org/stkg/time	"2026-02-05T22:43:24Z"^^<http://www.w3.org/2001/XMLSchema#dateTime>
http://example.org/stkg/id/obs_rel_T90_BTR80_20260205T224324Z_413_e_c	http://www.w3.org/1999/02/22-rdf-syntax-ns#type	http://example.org/stkg/id/SpatialRelationObservation
http://example.org/stkg/id/obs_rel_T90_BTR80_20260205T224324Z_413_e_c	http://example.org/stkg/subjectEntity	http://example.org/stkg/id/platform_T90
http://example.org/stkg/id/obs_rel_T90_BTR80_20260205T224324Z_413_e_c	http://example.org/stkg/objectEntity	http://example.org/stkg/id/platform_BTR80
http://example.org/stkg/id/obs_rel_T90_BTR80_20260205T224324Z_413_e_c	http://example.org/stkg/relationType	http://example.org/stkg/id/relation_behind_of
http://example.org/stkg/id/obs_rel_T90_BTR80_20260205T224324Z_413_e_c	http://example.org/stkg/time	"2026-02-05T22:43:24Z"^^<http://www.w3.org/2001/XMLSchema#dateTime>
http://example.org/stkg/id/obs_rel_BTR80_K2BlackPanther_20260205T224325Z_414_c_d	http://www.w3.org/1999/02/22-rdf-syntax-ns#type	http://example.org/stkg/id/SpatialRelationObservation
http://example.org/stkg/id/obs_rel_BTR80_K2BlackPanther_20260205T224325Z_414_c_d	http://example.org/stkg/subjectEntity	http://example.org/stkg/id/platform_BTR80
http://example.org/stkg/id/obs_rel_BTR80_K2BlackPanther_20260205T224325Z_414_c_d	http://example.org/stkg/objectEntity	http://example.org/stkg/id/platform_K2BlackPanther
http://example.org/stkg/id/obs_rel_BTR80_K2BlackPanther_20260205T224325Z_414_c_d	http://example.org/stkg/relationType	http://example.org/stkg/id/relation_ahead_of
http://example.org/stkg/id/obs_rel_BTR80_K2BlackPanther_20260205T224325Z_414_c_d	http://example.org/stkg/time	"2026-02-05T22:43:25Z"^^<http://www.w3.org/2001/XMLSchema#dateTime>
http://example.org/stkg/id/obs_rel_K2BlackPanther_BTR80_20260205T224325Z_414_d_c	http://www.w3.org/1999/02/22-rdf-syntax-ns#type	http://example.org/stkg/id/SpatialRelationObservation
http://example.org/stkg/id/obs_rel_K2BlackPanther_BTR80_20260205T224325Z_414_d_c	http://example.org/stkg/subjectEntity	http://example.org/stkg/id/platform_K2BlackPanther
http://example.org/stkg/id/obs_rel_K2BlackPanther_BTR80_20260205T224325Z_414_d_c	http://example.org/stkg/objectEntity	http://example.org/stkg/id/platform_BTR80
http://example.org/stkg/id/obs_rel_K2BlackPanther_BTR80_20260205T224325Z_414_d_c	http://example.org/stkg/relationType	http://example.org/stkg/id/relation_behind_of
http://example.org/stkg/id/obs_rel_K2BlackPanther_BTR80_20260205T224325Z_414_d_c	http://example.org/stkg/time	"2026-02-05T22:43:25Z"^^<http://www.w3.org/2001/XMLSchema#dateTime>
http://example.org/stkg/id/obs_rel_K2BlackPanther_T90_20260205T224325Z_414_d_e	http://www.w3.org/1999/02/22-rdf-syntax-ns#type	http://example.org/stkg/id/SpatialRelationObservation
http://example.org/stkg/id/obs_rel_K2BlackPanther_T90_20260205T224325Z_414_d_e	http://example.org/stkg/subjectEntity	http://example.org/stkg/id/platform_K2BlackPanther
http://example.org/stkg/id/obs_rel_K2BlackPanther_T90_20260205T224325Z_414_d_e	http://example.org/stkg/objectEntity	http://example.org/stkg/id/platform_T90
http://example.org/stkg/id/obs_rel_K2BlackPanther_T90_20260205T224325Z_414_d_e	http://example.org/stkg/relationType	http://example.org/stkg/id/relation_ahead_of
http://example.org/stkg/id/obs_rel_K2BlackPanther_T90_20260205T224325Z_414_d_e	http://example.org/stkg/time	"2026-02-05T22:43:25Z"^^<http://www.w3.org/2001/XMLSchema#dateTime>
http://example.org/stkg/id/obs_rel_T90_K2BlackPanther_20260205T224325Z_414_e_d	http://www.w3.org/1999/02/22-rdf-syntax-ns#type	http://example.org/stkg/id/SpatialRelationObservation
http://example.org/stkg/id/obs_rel_T90_K2BlackPanther_20260205T224325Z_414_e_d	http://example.org/stkg/subjectEntity	http://example.org/stkg/id/platform_T90
http://example.org/stkg/id/obs_rel_T90_K2BlackPanther_20260205T224325Z_414_e_d	http://example.org/stkg/objectEntity	http://example.org/stkg/id/platform_K2BlackPanther
http://example.org/stkg/id/obs_rel_T90_K2BlackPanther_20260205T224325Z_414_e_d	http://example.org/stkg/relationType	http://example.org/stkg/id/relation_behind_of
http://example.org/stkg/id/obs_rel_T90_K2BlackPanther_20260205T224325Z_414_e_d	http://example.org/stkg/time	"2026-02-05T22:43:25Z"^^<http://www.w3.org/2001/XMLSchema#dateTime>
http://example.org/stkg/id/obs_rel_BTR80_T90_20260205T224325Z_414_c_e	http://www.w3.org/1999/02/22-rdf-syntax-ns#type	http://example.org/stkg/id/SpatialRelationObservation
http://example.org/stkg/id/obs_rel_BTR80_T90_20260205T224325Z_414_c_e	http://example.org/stkg/subjectEntity	http://example.org/stkg/id/platform_BTR80
http://example.org/stkg/id/obs_rel_BTR80_T90_20260205T224325Z_414_c_e	http://example.org/stkg/objectEntity	http://example.org/stkg/id/platform_T90
http://example.org/stkg/id/obs_rel_BTR80_T90_20260205T224325Z_414_c_e	http://example.org/stkg/relationType	http://example.org/stkg/id/relation_ahead_of
http://example.org/stkg/id/obs_rel_BTR80_T90_20260205T224325Z_414_c_e	http://example.org/stkg/time	"2026-02-05T22:43:25Z"^^<http://www.w3.org/2001/XMLSchema#dateTime>
http://example.org/stkg/id/obs_rel_T90_BTR80_20260205T224325Z_414_e_c	http://www.w3.org/1999/02/22-rdf-syntax-ns#type	http://example.org/stkg/id/SpatialRelationObservation
http://example.org/stkg/id/obs_rel_T90_BTR80_20260205T224325Z_414_e_c	http://example.org/stkg/subjectEntity	http://example.org/stkg/id/platform_T90
http://example.org/stkg/id/obs_rel_T90_BTR80_20260205T224325Z_414_e_c	http://example.org/stkg/objectEntity	http://example.org/stkg/id/platform_BTR80
http://example.org/stkg/id/obs_rel_T90_BTR80_20260205T224325Z_414_e_c	http://example.org/stkg/relationType	http://example.org/stkg/id/relation_behind_of
http://example.org/stkg/id/obs_rel_T90_BTR80_20260205T224325Z_414_e_c	http://example.org/stkg/time	"2026-02-05T22:43:25Z"^^<http://www.w3.org/2001/XMLSchema#dateTime>
http://example.org/stkg/id/obs_rel_BTR80_K2BlackPanther_20260205T224326Z_415_c_d	http://www.w3.org/1999/02/22-rdf-syntax-ns#type	http://example.org/stkg/id/SpatialRelationObservation
http://example.org/stkg/id/obs_rel_BTR80_K2BlackPanther_20260205T224326Z_415_c_d	http://example.org/stkg/subjectEntity	http://example.org/stkg/id/platform_BTR80
http://example.org/stkg/id/obs_rel_BTR80_K2BlackPanther_20260205T224326Z_415_c_d	http://example.org/stkg/objectEntity	http://example.org/stkg/id/platform_K2BlackPanther
http://example.org/stkg/id/obs_rel_BTR80_K2BlackPanther_20260205T224326Z_415_c_d	http://example.org/stkg/relationType	http://example.org/stkg/id/relation_ahead_of
http://example.org/stkg/id/obs_rel_BTR80_K2BlackPanther_20260205T224326Z_415_c_d	http://example.org/stkg/time	"2026-02-05T22:43:26Z"^^<http://www.w3.org/2001/XMLSchema#dateTime>
http://example.org/stkg/id/obs_rel_K2BlackPanther_BTR80_20260205T224326Z_415_d_c	http://www.w3.org/1999/02/22-rdf-syntax-ns#type	http://example.org/stkg/id/SpatialRelationObservation
http://example.org/stkg/id/obs_rel_K2BlackPanther_BTR80_20260205T224326Z_415_d_c	http://example.org/stkg/subjectEntity	http://example.org/stkg/id/platform_K2BlackPanther
http://example.org/stkg/id/obs_rel_K2BlackPanther_BTR80_20260205T224326Z_415_d_c	http://example.org/stkg/objectEntity	http://example.org/stkg/id/platform_BTR80
http://example.org/stkg/id/obs_rel_K2BlackPanther_BTR80_20260205T224326Z_415_d_c	http://example.org/stkg/relationType	http://example.org/stkg/id/relation_behind_of
http://example.org/stkg/id/obs_rel_K2BlackPanther_BTR80_20260205T224326Z_415_d_c	http://example.org/stkg/time	"2026-02-05T22:43:26Z"^^<http://www.w3.org/2001/XMLSchema#dateTime>
http://example.org/stkg/id/obs_rel_K2BlackPanther_T90_20260205T224326Z_415_d_e	http://www.w3.org/1999/02/22-rdf-syntax-ns#type	http://example.org/stkg/id/SpatialRelationObservation
http://example.org/stkg/id/obs_rel_K2BlackPanther_T90_20260205T224326Z_415_d_e	http://example.org/stkg/subjectEntity	http://example.org/stkg/id/platform_K2BlackPanther
http://example.org/stkg/id/obs_rel_K2BlackPanther_T90_20260205T224326Z_415_d_e	http://example.org/stkg/objectEntity	http://example.org/stkg/id/platform_T90
http://example.org/stkg/id/obs_rel_K2BlackPanther_T90_20260205T224326Z_415_d_e	http://example.org/stkg/relationType	http://example.org/stkg/id/relation_ahead_of
http://example.org/stkg/id/obs_rel_K2BlackPanther_T90_20260205T224326Z_415_d_e	http://example.org/stkg/time	"2026-02-05T22:43:26Z"^^<http://www.w3.org/2001/XMLSchema#dateTime>
http://example.org/stkg/id/obs_rel_T90_K2BlackPanther_20260205T224326Z_415_e_d	http://www.w3.org/1999/02/22-rdf-syntax-ns#type	http://example.org/stkg/id/SpatialRelationObservation
http://example.org/stkg/id/obs_rel_T90_K2BlackPanther_20260205T224326Z_415_e_d	http://example.org/stkg/subjectEntity	http://example.org/stkg/id/platform_T90
http://example.org/stkg/id/obs_rel_T90_K2BlackPanther_20260205T224326Z_415_e_d	http://example.org/stkg/objectEntity	http://example.org/stkg/id/platform_K2BlackPanther
http://example.org/stkg/id/obs_rel_T90_K2BlackPanther_20260205T224326Z_415_e_d	http://example.org/stkg/relationType	http://example.org/stkg/id/relation_behind_of
http://example.org/stkg/id/obs_rel_T90_K2BlackPanther_20260205T224326Z_415_e_d	http://example.org/stkg/time	"2026-02-05T22:43:26Z"^^<http://www.w3.org/2001/XMLSchema#dateTime>
http://example.org/stkg/id/obs_rel_BTR80_T90_20260205T224326Z_415_c_e	http://www.w3.org/1999/02/22-rdf-syntax-ns#type	http://example.org/stkg/id/SpatialRelationObservation
http://example.org/stkg/id/obs_rel_BTR80_T90_20260205T224326Z_415_c_e	http://example.org/stkg/subjectEntity	http://example.org/stkg/id/platform_BTR80
http://example.org/stkg/id/obs_rel_BTR80_T90_20260205T224326Z_415_c_e	http://example.org/stkg/objectEntity	http://example.org/stkg/id/platform_T90
http://example.org/stkg/id/obs_rel_BTR80_T90_20260205T224326Z_415_c_e	http://example.org/stkg/relationType	http://example.org/stkg/id/relation_ahead_of
http://example.org/stkg/id/obs_rel_BTR80_T90_20260205T224326Z_415_c_e	http://example.org/stkg/time	"2026-02-05T22:43:26Z"^^<http://www.w3.org/2001/XMLSchema#dateTime>
http://example.org/stkg/id/obs_rel_T90_BTR80_20260205T224326Z_415_e_c	http://www.w3.org/1999/02/22-rdf-syntax-ns#type	http://example.org/stkg/id/SpatialRelationObservation
http://example.org/stkg/id/obs_rel_T90_BTR80_20260205T224326Z_415_e_c	http://example.org/stkg/subjectEntity	http://example.org/stkg/id/platform_T90
http://example.org/stkg/id/obs_rel_T90_BTR80_20260205T224326Z_415_e_c	http://example.org/stkg/objectEntity	http://example.org/stkg/id/platform_BTR80
http://example.org/stkg/id/obs_rel_T90_BTR80_20260205T224326Z_415_e_c	http://example.org/stkg/relationType	http://example.org/stkg/id/relation_behind_of
http://example.org/stkg/id/obs_rel_T90_BTR80_20260205T224326Z_415_e_c	http://example.org/stkg/time	"2026-02-05T22:43:26Z"^^<http://www.w3.org/2001/XMLSchema#dateTime>
http://example.org/stkg/id/obs_rel_BTR80_K2BlackPanther_20260205T224327Z_416_c_d	http://www.w3.org/1999/02/22-rdf-syntax-ns#type	http://example.org/stkg/id/SpatialRelationObservation
http://example.org/stkg/id/obs_rel_BTR80_K2BlackPanther_20260205T224327Z_416_c_d	http://example.org/stkg/subjectEntity	http://example.org/stkg/id/platform_BTR80
http://example.org/stkg/id/obs_rel_BTR80_K2BlackPanther_20260205T224327Z_416_c_d	http://example.org/stkg/objectEntity	http://example.org/stkg/id/platform_K2BlackPanther
http://example.org/stkg/id/obs_rel_BTR80_K2BlackPanther_20260205T224327Z_416_c_d	http://example.org/stkg/relationType	http://example.org/stkg/id/relation_ahead_of
http://example.org/stkg/id/obs_rel_BTR80_K2BlackPanther_20260205T224327Z_416_c_d	http://example.org/stkg/time	"2026-02-05T22:43:27Z"^^<http://www.w3.org/2001/XMLSchema#dateTime>
http://example.org/stkg/id/obs_rel_K2BlackPanther_BTR80_20260205T224327Z_416_d_c	http://www.w3.org/1999/02/22-rdf-syntax-ns#type	http://example.org/stkg/id/SpatialRelationObservation
http://example.org/stkg/id/obs_rel_K2BlackPanther_BTR80_20260205T224327Z_416_d_c	http://example.org/stkg/subjectEntity	http://example.org/stkg/id/platform_K2BlackPanther
http://example.org/stkg/id/obs_rel_K2BlackPanther_BTR80_20260205T224327Z_416_d_c	http://example.org/stkg/objectEntity	http://example.org/stkg/id/platform_BTR80
http://example.org/stkg/id/obs_rel_K2BlackPanther_BTR80_20260205T224327Z_416_d_c	http://example.org/stkg/relationType	http://example.org/stkg/id/relation_behind_of
http://example.org/stkg/id/obs_rel_K2BlackPanther_BTR80_20260205T224327Z_416_d_c	http://example.org/stkg/time	"2026-02-05T22:43:27Z"^^<http://www.w3.org/2001/XMLSchema#dateTime>
http://example.org/stkg/id/obs_rel_K2BlackPanther_T90_20260205T224327Z_416_d_e	http://www.w3.org/1999/02/22-rdf-syntax-ns#type	http://example.org/stkg/id/SpatialRelationObservation
http://example.org/stkg/id/obs_rel_K2BlackPanther_T90_20260205T224327Z_416_d_e	http://example.org/stkg/subjectEntity	http://example.org/stkg/id/platform_K2BlackPanther
http://example.org/stkg/id/obs_rel_K2BlackPanther_T90_20260205T224327Z_416_d_e	http://example.org/stkg/objectEntity	http://example.org/stkg/id/platform_T90
http://example.org/stkg/id/obs_rel_K2BlackPanther_T90_20260205T224327Z_416_d_e	http://example.org/stkg/relationType	http://example.org/stkg/id/relation_ahead_of
http://example.org/stkg/id/obs_rel_K2BlackPanther_T90_20260205T224327Z_416_d_e	http://example.org/stkg/time	"2026-02-05T22:43:27Z"^^<http://www.w3.org/2001/XMLSchema#dateTime>
http://example.org/stkg/id/obs_rel_T90_K2BlackPanther_20260205T224327Z_416_e_d	http://www.w3.org/1999/02/22-rdf-syntax-ns#type	http://example.org/stkg/id/SpatialRelationObservation
http://example.org/stkg/id/obs_rel_T90_K2BlackPanther_20260205T224327Z_416_e_d	http://example.org/stkg/subjectEntity	http://example.org/stkg/id/platform_T90
http://example.org/stkg/id/obs_rel_T90_K2BlackPanther_20260205T224327Z_416_e_d	http://example.org/stkg/objectEntity	http://example.org/stkg/id/platform_K2BlackPanther
http://example.org/stkg/id/obs_rel_T90_K2BlackPanther_20260205T224327Z_416_e_d	http://example.org/stkg/relationType	http://example.org/stkg/id/relation_behind_of
http://example.org/stkg/id/obs_rel_T90_K2BlackPanther_20260205T224327Z_416_e_d	http://example.org/stkg/time	"2026-02-05T22:43:27Z"^^<http://www.w3.org/2001/XMLSchema#dateTime>
http://example.org/stkg/id/obs_rel_BTR80_T90_20260205T224327Z_416_c_e	http://www.w3.org/1999/02/22-rdf-syntax-ns#type	http://example.org/stkg/id/SpatialRelationObservation
http://example.org/stkg/id/obs_rel_BTR80_T90_20260205T224327Z_416_c_e	http://example.org/stkg/subjectEntity	http://example.org/stkg/id/platform_BTR80
http://example.org/stkg/id/obs_rel_BTR80_T90_20260205T224327Z_416_c_e	http://example.org/stkg/objectEntity	http://example.org/stkg/id/platform_T90
http://example.org/stkg/id/obs_rel_BTR80_T90_20260205T224327Z_416_c_e	http://example.org/stkg/relationType	http://example.org/stkg/id/relation_ahead_of
http://example.org/stkg/id/obs_rel_BTR80_T90_20260205T224327Z_416_c_e	http://example.org/stkg/time	"2026-02-05T22:43:27Z"^^<http://www.w3.org/2001/XMLSchema#dateTime>
http://example.org/stkg/id/obs_rel_T90_BTR80_20260205T224327Z_416_e_c	http://www.w3.org/1999/02/22-rdf-syntax-ns#type	http://example.org/stkg/id/SpatialRelationObservation
http://example.org/stkg/id/obs_rel_T90_BTR80_20260205T224327Z_416_e_c	http://example.org/stkg/subjectEntity	http://example.org/stkg/id/platform_T90
http://example.org/stkg/id/obs_rel_T90_BTR80_20260205T224327Z_416_e_c	http://example.org/stkg/objectEntity	http://example.org/stkg/id/platform_BTR80
http://example.org/stkg/id/obs_rel_T90_BTR80_20260205T224327Z_416_e_c	http://example.org/stkg/relationType	http://example.org/stkg/id/relation_behind_of
http://example.org/stkg/id/obs_rel_T90_BTR80_20260205T224327Z_416_e_c	http://example.org/stkg/time	"2026-02-05T22:43:27Z"^^<http://www.w3.org/2001/XMLSchema#dateTime>
http://example.org/stkg/id/obs_rel_BTR80_K2BlackPanther_20260205T224328Z_417_c_d	http://www.w3.org/1999/02/22-rdf-syntax-ns#type	http://example.org/stkg/id/SpatialRelationObservation
http://example.org/stkg/id/obs_rel_BTR80_K2BlackPanther_20260205T224328Z_417_c_d	http://example.org/stkg/subjectEntity	http://example.org/stkg/id/platform_BTR80
http://example.org/stkg/id/obs_rel_BTR80_K2BlackPanther_20260205T224328Z_417_c_d	http://example.org/stkg/objectEntity	http://example.org/stkg/id/platform_K2BlackPanther
http://example.org/stkg/id/obs_rel_BTR80_K2BlackPanther_20260205T224328Z_417_c_d	http://example.org/stkg/relationType	http://example.org/stkg/id/relation_ahead_of
http://example.org/stkg/id/obs_rel_BTR80_K2BlackPanther_20260205T224328Z_417_c_d	http://example.org/stkg/time	"2026-02-05T22:43:28Z"^^<http://www.w3.org/2001/XMLSchema#dateTime>
http://example.org/stkg/id/obs_rel_K2BlackPanther_BTR80_20260205T224328Z_417_d_c	http://www.w3.org/1999/02/22-rdf-syntax-ns#type	http://example.org/stkg/id/SpatialRelationObservation
http://example.org/stkg/id/obs_rel_K2BlackPanther_BTR80_20260205T224328Z_417_d_c	http://example.org/stkg/subjectEntity	http://example.org/stkg/id/platform_K2BlackPanther
http://example.org/stkg/id/obs_rel_K2BlackPanther_BTR80_20260205T224328Z_417_d_c	http://example.org/stkg/objectEntity	http://example.org/stkg/id/platform_BTR80
http://example.org/stkg/id/obs_rel_K2BlackPanther_BTR80_20260205T224328Z_417_d_c	http://example.org/stkg/relationType	http://example.org/stkg/id/relation_behind_of
http://example.org/stkg/id/obs_rel_K2BlackPanther_BTR80_20260205T224328Z_417_d_c	http://example.org/stkg/time	"2026-02-05T22:43:28Z"^^<http://www.w3.org/2001/XMLSchema#dateTime>
http://example.org/stkg/id/obs_rel_K2BlackPanther_T90_20260205T224328Z_417_d_e	http://www.w3.org/1999/02/22-rdf-syntax-ns#type	http://example.org/stkg/id/SpatialRelationObservation
http://example.org/stkg/id/obs_rel_K2BlackPanther_T90_20260205T224328Z_417_d_e	http://example.org/stkg/subjectEntity	http://example.org/stkg/id/platform_K2BlackPanther
http://example.org/stkg/id/obs_rel_K2BlackPanther_T90_20260205T224328Z_417_d_e	http://example.org/stkg/objectEntity	http://example.org/stkg/id/platform_T90
http://example.org/stkg/id/obs_rel_K2BlackPanther_T90_20260205T224328Z_417_d_e	http://example.org/stkg/relationType	http://example.org/stkg/id/relation_ahead_of
http://example.org/stkg/id/obs_rel_K2BlackPanther_T90_20260205T224328Z_417_d_e	http://example.org/stkg/time	"2026-02-05T22:43:28Z"^^<http://www.w3.org/2001/XMLSchema#dateTime>
http://example.org/stkg/id/obs_rel_T90_K2BlackPanther_20260205T224328Z_417_e_d	http://www.w3.org/1999/02/22-rdf-syntax-ns#type	http://example.org/stkg/id/SpatialRelationObservation
http://example.org/stkg/id/obs_rel_T90_K2BlackPanther_20260205T224328Z_417_e_d	http://example.org/stkg/subjectEntity	http://example.org/stkg/id/platform_T90
http://example.org/stkg/id/obs_rel_T90_K2BlackPanther_20260205T224328Z_417_e_d	http://example.org/stkg/objectEntity	http://example.org/stkg/id/platform_K2BlackPanther
http://example.org/stkg/id/obs_rel_T90_K2BlackPanther_20260205T224328Z_417_e_d	http://example.org/stkg/relationType	http://example.org/stkg/id/relation_behind_of
http://example.org/stkg/id/obs_rel_T90_K2BlackPanther_20260205T224328Z_417_e_d	http://example.org/stkg/time	"2026-02-05T22:43:28Z"^^<http://www.w3.org/2001/XMLSchema#dateTime>
http://example.org/stkg/id/obs_rel_BTR80_T90_20260205T224328Z_417_c_e	http://www.w3.org/1999/02/22-rdf-syntax-ns#type	http://example.org/stkg/id/SpatialRelationObservation
http://example.org/stkg/id/obs_rel_BTR80_T90_20260205T224328Z_417_c_e	http://example.org/stkg/subjectEntity	http://example.org/stkg/id/platform_BTR80
http://example.org/stkg/id/obs_rel_BTR80_T90_20260205T224328Z_417_c_e	http://example.org/stkg/objectEntity	http://example.org/stkg/id/platform_T90
http://example.org/stkg/id/obs_rel_BTR80_T90_20260205T224328Z_417_c_e	http://example.org/stkg/relationType	http://example.org/stkg/id/relation_ahead_of
http://example.org/stkg/id/obs_rel_BTR80_T90_20260205T224328Z_417_c_e	http://example.org/stkg/time	"2026-02-05T22:43:28Z"^^<http://www.w3.org/2001/XMLSchema#dateTime>
http://example.org/stkg/id/obs_rel_T90_BTR80_20260205T224328Z_417_e_c	http://www.w3.org/1999/02/22-rdf-syntax-ns#type	http://example.org/stkg/id/SpatialRelationObservation
http://example.org/stkg/id/obs_rel_T90_BTR80_20260205T224328Z_417_e_c	http://example.org/stkg/subjectEntity	http://example.org/stkg/id/platform_T90
http://example.org/stkg/id/obs_rel_T90_BTR80_20260205T224328Z_417_e_c	http://example.org/stkg/objectEntity	http://example.org/stkg/id/platform_BTR80
http://example.org/stkg/id/obs_rel_T90_BTR80_20260205T224328Z_417_e_c	http://example.org/stkg/relationType	http://example.org/stkg/id/relation_behind_of
http://example.org/stkg/id/obs_rel_T90_BTR80_20260205T224328Z_417_e_c	http://example.org/stkg/time	"2026-02-05T22:43:28Z"^^<http://www.w3.org/2001/XMLSchema#dateTime>
http://example.org/stkg/id/obs_rel_BTR80_K2BlackPanther_20260205T224329Z_418_c_d	http://www.w3.org/1999/02/22-rdf-syntax-ns#type	http://example.org/stkg/id/SpatialRelationObservation
http://example.org/stkg/id/obs_rel_BTR80_K2BlackPanther_20260205T224329Z_418_c_d	http://example.org/stkg/subjectEntity	http://example.org/stkg/id/platform_BTR80
http://example.org/stkg/id/obs_rel_BTR80_K2BlackPanther_20260205T224329Z_418_c_d	http://example.org/stkg/objectEntity	http://example.org/stkg/id/platform_K2BlackPanther
http://example.org/stkg/id/obs_rel_BTR80_K2BlackPanther_20260205T224329Z_418_c_d	http://example.org/stkg/relationType	http://example.org/stkg/id/relation_ahead_of
http://example.org/stkg/id/obs_rel_BTR80_K2BlackPanther_20260205T224329Z_418_c_d	http://example.org/stkg/time	"2026-02-05T22:43:29Z"^^<http://www.w3.org/2001/XMLSchema#dateTime>
http://example.org/stkg/id/obs_rel_K2BlackPanther_BTR80_20260205T224329Z_418_d_c	http://www.w3.org/1999/02/22-rdf-syntax-ns#type	http://example.org/stkg/id/SpatialRelationObservation
http://example.org/stkg/id/obs_rel_K2BlackPanther_BTR80_20260205T224329Z_418_d_c	http://example.org/stkg/subjectEntity	http://example.org/stkg/id/platform_K2BlackPanther
http://example.org/stkg/id/obs_rel_K2BlackPanther_BTR80_20260205T224329Z_418_d_c	http://example.org/stkg/objectEntity	http://example.org/stkg/id/platform_BTR80
http://example.org/stkg/id/obs_rel_K2BlackPanther_BTR80_20260205T224329Z_418_d_c	http://example.org/stkg/relationType	http://example.org/stkg/id/relation_behind_of
http://example.org/stkg/id/obs_rel_K2BlackPanther_BTR80_20260205T224329Z_418_d_c	http://example.org/stkg/time	"2026-02-05T22:43:29Z"^^<http://www.w3.org/2001/XMLSchema#dateTime>
http://example.org/stkg/id/obs_rel_K2BlackPanther_T90_20260205T224329Z_418_d_e	http://www.w3.org/1999/02/22-rdf-syntax-ns#type	http://example.org/stkg/id/SpatialRelationObservation
http://example.org/stkg/id/obs_rel_K2BlackPanther_T90_20260205T224329Z_418_d_e	http://example.org/stkg/subjectEntity	http://example.org/stkg/id/platform_K2BlackPanther
http://example.org/stkg/id/obs_rel_K2BlackPanther_T90_20260205T224329Z_418_d_e	http://example.org/stkg/objectEntity	http://example.org/stkg/id/platform_T90
http://example.org/stkg/id/obs_rel_K2BlackPanther_T90_20260205T224329Z_418_d_e	http://example.org/stkg/relationType	http://example.org/stkg/id/relation_ahead_of
http://example.org/stkg/id/obs_rel_K2BlackPanther_T90_20260205T224329Z_418_d_e	http://example.org/stkg/time	"2026-02-05T22:43:29Z"^^<http://www.w3.org/2001/XMLSchema#dateTime>
http://example.org/stkg/id/obs_rel_T90_K2BlackPanther_20260205T224329Z_418_e_d	http://www.w3.org/1999/02/22-rdf-syntax-ns#type	http://example.org/stkg/id/SpatialRelationObservation
http://example.org/stkg/id/obs_rel_T90_K2BlackPanther_20260205T224329Z_418_e_d	http://example.org/stkg/subjectEntity	http://example.org/stkg/id/platform_T90
http://example.org/stkg/id/obs_rel_T90_K2BlackPanther_20260205T224329Z_418_e_d	http://example.org/stkg/objectEntity	http://example.org/stkg/id/platform_K2BlackPanther
http://example.org/stkg/id/obs_rel_T90_K2BlackPanther_20260205T224329Z_418_e_d	http://example.org/stkg/relationType	http://example.org/stkg/id/relation_behind_of
http://example.org/stkg/id/obs_rel_T90_K2BlackPanther_20260205T224329Z_418_e_d	http://example.org/stkg/time	"2026-02-05T22:43:29Z"^^<http://www.w3.org/2001/XMLSchema#dateTime>
http://example.org/stkg/id/obs_rel_BTR80_T90_20260205T224329Z_418_c_e	http://www.w3.org/1999/02/22-rdf-syntax-ns#type	http://example.org/stkg/id/SpatialRelationObservation
http://example.org/stkg/id/obs_rel_BTR80_T90_20260205T224329Z_418_c_e	http://example.org/stkg/subjectEntity	http://example.org/stkg/id/platform_BTR80
http://example.org/stkg/id/obs_rel_BTR80_T90_20260205T224329Z_418_c_e	http://example.org/stkg/objectEntity	http://example.org/stkg/id/platform_T90
http://example.org/stkg/id/obs_rel_BTR80_T90_20260205T224329Z_418_c_e	http://example.org/stkg/relationType	http://example.org/stkg/id/relation_ahead_of
http://example.org/stkg/id/obs_rel_BTR80_T90_20260205T224329Z_418_c_e	http://example.org/stkg/time	"2026-02-05T22:43:29Z"^^<http://www.w3.org/2001/XMLSchema#dateTime>
http://example.org/stkg/id/obs_rel_T90_BTR80_20260205T224329Z_418_e_c	http://www.w3.org/1999/02/22-rdf-syntax-ns#type	http://example.org/stkg/id/SpatialRelationObservation
http://example.org/stkg/id/obs_rel_T90_BTR80_20260205T224329Z_418_e_c	http://example.org/stkg/subjectEntity	http://example.org/stkg/id/platform_T90
http://example.org/stkg/id/obs_rel_T90_BTR80_20260205T224329Z_418_e_c	http://example.org/stkg/objectEntity	http://example.org/stkg/id/platform_BTR80
http://example.org/stkg/id/obs_rel_T90_BTR80_20260205T224329Z_418_e_c	http://example.org/stkg/relationType	http://example.org/stkg/id/relation_behind_of
http://example.org/stkg/id/obs_rel_T90_BTR80_20260205T224329Z_418_e_c	http://example.org/stkg/time	"2026-02-05T22:43:29Z"^^<http://www.w3.org/2001/XMLSchema#dateTime>
http://example.org/stkg/id/obs_rel_BTR80_K2BlackPanther_20260205T224330Z_419_c_d	http://www.w3.org/1999/02/22-rdf-syntax-ns#type	http://example.org/stkg/id/SpatialRelationObservation
http://example.org/stkg/id/obs_rel_BTR80_K2BlackPanther_20260205T224330Z_419_c_d	http://example.org/stkg/subjectEntity	http://example.org/stkg/id/platform_BTR80
http://example.org/stkg/id/obs_rel_BTR80_K2BlackPanther_20260205T224330Z_419_c_d	http://example.org/stkg/objectEntity	http://example.org/stkg/id/platform_K2BlackPanther
http://example.org/stkg/id/obs_rel_BTR80_K2BlackPanther_20260205T224330Z_419_c_d	http://example.org/stkg/relationType	http://example.org/stkg/id/relation_ahead_of
http://example.org/stkg/id/obs_rel_BTR80_K2BlackPanther_20260205T224330Z_419_c_d	http://example.org/stkg/time	"2026-02-05T22:43:30Z"^^<http://www.w3.org/2001/XMLSchema#dateTime>
http://example.org/stkg/id/obs_rel_K2BlackPanther_BTR80_20260205T224330Z_419_d_c	http://www.w3.org/1999/02/22-rdf-syntax-ns#type	http://example.org/stkg/id/SpatialRelationObservation
http://example.org/stkg/id/obs_rel_K2BlackPanther_BTR80_20260205T224330Z_419_d_c	http://example.org/stkg/subjectEntity	http://example.org/stkg/id/platform_K2BlackPanther
http://example.org/stkg/id/obs_rel_K2BlackPanther_BTR80_20260205T224330Z_419_d_c	http://example.org/stkg/objectEntity	http://example.org/stkg/id/platform_BTR80
http://example.org/stkg/id/obs_rel_K2BlackPanther_BTR80_20260205T224330Z_419_d_c	http://example.org/stkg/relationType	http://example.org/stkg/id/relation_behind_of
http://example.org/stkg/id/obs_rel_K2BlackPanther_BTR80_20260205T224330Z_419_d_c	http://example.org/stkg/time	"2026-02-05T22:43:30Z"^^<http://www.w3.org/2001/XMLSchema#dateTime>
http://example.org/stkg/id/obs_rel_K2BlackPanther_T90_20260205T224330Z_419_d_e	http://www.w3.org/1999/02/22-rdf-syntax-ns#type	http://example.org/stkg/id/SpatialRelationObservation
http://example.org/stkg/id/obs_rel_K2BlackPanther_T90_20260205T224330Z_419_d_e	http://example.org/stkg/subjectEntity	http://example.org/stkg/id/platform_K2BlackPanther
http://example.org/stkg/id/obs_rel_K2BlackPanther_T90_20260205T224330Z_419_d_e	http://example.org/stkg/objectEntity	http://example.org/stkg/id/platform_T90
http://example.org/stkg/id/obs_rel_K2BlackPanther_T90_20260205T224330Z_419_d_e	http://example.org/stkg/relationType	http://example.org/stkg/id/relation_ahead_of
http://example.org/stkg/id/obs_rel_K2BlackPanther_T90_20260205T224330Z_419_d_e	http://example.org/stkg/time	"2026-02-05T22:43:30Z"^^<http://www.w3.org/2001/XMLSchema#dateTime>
http://example.org/stkg/id/obs_rel_T90_K2BlackPanther_20260205T224330Z_419_e_d	http://www.w3.org/1999/02/22-rdf-syntax-ns#type	http://example.org/stkg/id/SpatialRelationObservation
http://example.org/stkg/id/obs_rel_T90_K2BlackPanther_20260205T224330Z_419_e_d	http://example.org/stkg/subjectEntity	http://example.org/stkg/id/platform_T90
http://example.org/stkg/id/obs_rel_T90_K2BlackPanther_20260205T224330Z_419_e_d	http://example.org/stkg/objectEntity	http://example.org/stkg/id/platform_K2BlackPanther
http://example.org/stkg/id/obs_rel_T90_K2BlackPanther_20260205T224330Z_419_e_d	http://example.org/stkg/relationType	http://example.org/stkg/id/relation_behind_of
http://example.org/stkg/id/obs_rel_T90_K2BlackPanther_20260205T224330Z_419_e_d	http://example.org/stkg/time	"2026-02-05T22:43:30Z"^^<http://www.w3.org/2001/XMLSchema#dateTime>
http://example.org/stkg/id/obs_rel_BTR80_T90_20260205T224330Z_419_c_e	http://www.w3.org/1999/02/22-rdf-syntax-ns#type	http://example.org/stkg/id/SpatialRelationObservation
http://example.org/stkg/id/obs_rel_BTR80_T90_20260205T224330Z_419_c_e	http://example.org/stkg/subjectEntity	http://example.org/stkg/id/platform_BTR80
http://example.org/stkg/id/obs_rel_BTR80_T90_20260205T224330Z_419_c_e	http://example.org/stkg/objectEntity	http://example.org/stkg/id/platform_T90
http://example.org/stkg/id/obs_rel_BTR80_T90_20260205T224330Z_419_c_e	http://example.org/stkg/relationType	http://example.org/stkg/id/relation_ahead_of
http://example.org/stkg/id/obs_rel_BTR80_T90_20260205T224330Z_419_c_e	http://example.org/stkg/time	"2026-02-05T22:43:30Z"^^<http://www.w3.org/2001/XMLSchema#dateTime>
http://example.org/stkg/id/obs_rel_T90_BTR80_20260205T224330Z_419_e_c	http://www.w3.org/1999/02/22-rdf-syntax-ns#type	http://example.org/stkg/id/SpatialRelationObservation
http://example.org/stkg/id/obs_rel_T90_BTR80_20260205T224330Z_419_e_c	http://example.org/stkg/subjectEntity	http://example.org/stkg/id/platform_T90
http://example.org/stkg/id/obs_rel_T90_BTR80_20260205T224330Z_419_e_c	http://example.org/stkg/objectEntity	http://example.org/stkg/id/platform_BTR80
http://example.org/stkg/id/obs_rel_T90_BTR80_20260205T224330Z_419_e_c	http://example.org/stkg/relationType	http://example.org/stkg/id/relation_behind_of
http://example.org/stkg/id/obs_rel_T90_BTR80_20260205T224330Z_419_e_c	http://example.org/stkg/time	"2026-02-05T22:43:30Z"^^<http://www.w3.org/2001/XMLSchema#dateTime>
http://example.org/stkg/id/obs_rel_BTR80_K2BlackPanther_20260205T224331Z_420_c_d	http://www.w3.org/1999/02/22-rdf-syntax-ns#type	http://example.org/stkg/id/SpatialRelationObservation
http://example.org/stkg/id/obs_rel_BTR80_K2BlackPanther_20260205T224331Z_420_c_d	http://example.org/stkg/subjectEntity	http://example.org/stkg/id/platform_BTR80
http://example.org/stkg/id/obs_rel_BTR80_K2BlackPanther_20260205T224331Z_420_c_d	http://example.org/stkg/objectEntity	http://example.org/stkg/id/platform_K2BlackPanther
http://example.org/stkg/id/obs_rel_BTR80_K2BlackPanther_20260205T224331Z_420_c_d	http://example.org/stkg/relationType	http://example.org/stkg/id/relation_ahead_of
http://example.org/stkg/id/obs_rel_BTR80_K2BlackPanther_20260205T224331Z_420_c_d	http://example.org/stkg/time	"2026-02-05T22:43:31Z"^^<http://www.w3.org/2001/XMLSchema#dateTime>
http://example.org/stkg/id/obs_rel_K2BlackPanther_BTR80_20260205T224331Z_420_d_c	http://www.w3.org/1999/02/22-rdf-syntax-ns#type	http://example.org/stkg/id/SpatialRelationObservation
http://example.org/stkg/id/obs_rel_K2BlackPanther_BTR80_20260205T224331Z_420_d_c	http://example.org/stkg/subjectEntity	http://example.org/stkg/id/platform_K2BlackPanther
http://example.org/stkg/id/obs_rel_K2BlackPanther_BTR80_20260205T224331Z_420_d_c	http://example.org/stkg/objectEntity	http://example.org/stkg/id/platform_BTR80
http://example.org/stkg/id/obs_rel_K2BlackPanther_BTR80_20260205T224331Z_420_d_c	http://example.org/stkg/relationType	http://example.org/stkg/id/relation_behind_of
http://example.org/stkg/id/obs_rel_K2BlackPanther_BTR80_20260205T224331Z_420_d_c	http://example.org/stkg/time	"2026-02-05T22:43:31Z"^^<http://www.w3.org/2001/XMLSchema#dateTime>
http://example.org/stkg/id/obs_rel_K2BlackPanther_T90_20260205T224331Z_420_d_e	http://www.w3.org/1999/02/22-rdf-syntax-ns#type	http://example.org/stkg/id/SpatialRelationObservation
http://example.org/stkg/id/obs_rel_K2BlackPanther_T90_20260205T224331Z_420_d_e	http://example.org/stkg/subjectEntity	http://example.org/stkg/id/platform_K2BlackPanther
http://example.org/stkg/id/obs_rel_K2BlackPanther_T90_20260205T224331Z_420_d_e	http://example.org/stkg/objectEntity	http://example.org/stkg/id/platform_T90
http://example.org/stkg/id/obs_rel_K2BlackPanther_T90_20260205T224331Z_420_d_e	http://example.org/stkg/relationType	http://example.org/stkg/id/relation_ahead_of
http://example.org/stkg/id/obs_rel_K2BlackPanther_T90_20260205T224331Z_420_d_e	http://example.org/stkg/time	"2026-02-05T22:43:31Z"^^<http://www.w3.org/2001/XMLSchema#dateTime>
http://example.org/stkg/id/obs_rel_T90_K2BlackPanther_20260205T224331Z_420_e_d	http://www.w3.org/1999/02/22-rdf-syntax-ns#type	http://example.org/stkg/id/SpatialRelationObservation
http://example.org/stkg/id/obs_rel_T90_K2BlackPanther_20260205T224331Z_420_e_d	http://example.org/stkg/subjectEntity	http://example.org/stkg/id/platform_T90
http://example.org/stkg/id/obs_rel_T90_K2BlackPanther_20260205T224331Z_420_e_d	http://example.org/stkg/objectEntity	http://example.org/stkg/id/platform_K2BlackPanther
http://example.org/stkg/id/obs_rel_T90_K2BlackPanther_20260205T224331Z_420_e_d	http://example.org/stkg/relationType	http://example.org/stkg/id/relation_behind_of
http://example.org/stkg/id/obs_rel_T90_K2BlackPanther_20260205T224331Z_420_e_d	http://example.org/stkg/time	"2026-02-05T22:43:31Z"^^<http://www.w3.org/2001/XMLSchema#dateTime>
http://example.org/stkg/id/obs_rel_BTR80_T90_20260205T224331Z_420_c_e	http://www.w3.org/1999/02/22-rdf-syntax-ns#type	http://example.org/stkg/id/SpatialRelationObservation
http://example.org/stkg/id/obs_rel_BTR80_T90_20260205T224331Z_420_c_e	http://example.org/stkg/subjectEntity	http://example.org/stkg/id/platform_BTR80
http://example.org/stkg/id/obs_rel_BTR80_T90_20260205T224331Z_420_c_e	http://example.org/stkg/objectEntity	http://example.org/stkg/id/platform_T90
http://example.org/stkg/id/obs_rel_BTR80_T90_20260205T224331Z_420_c_e	http://example.org/stkg/relationType	http://example.org/stkg/id/relation_ahead_of
http://example.org/stkg/id/obs_rel_BTR80_T90_20260205T224331Z_420_c_e	http://example.org/stkg/time	"2026-02-05T22:43:31Z"^^<http://www.w3.org/2001/XMLSchema#dateTime>
http://example.org/stkg/id/obs_rel_T90_BTR80_20260205T224331Z_420_e_c	http://www.w3.org/1999/02/22-rdf-syntax-ns#type	http://example.org/stkg/id/SpatialRelationObservation
http://example.org/stkg/id/obs_rel_T90_BTR80_20260205T224331Z_420_e_c	http://example.org/stkg/subjectEntity	http://example.org/stkg/id/platform_T90
http://example.org/stkg/id/obs_rel_T90_BTR80_20260205T224331Z_420_e_c	http://example.org/stkg/objectEntity	http://example.org/stkg/id/platform_BTR80
http://example.org/stkg/id/obs_rel_T90_BTR80_20260205T224331Z_420_e_c	http://example.org/stkg/relationType	http://example.org/stkg/id/relation_behind_of
http://example.org/stkg/id/obs_rel_T90_BTR80_20260205T224331Z_420_e_c	http://example.org/stkg/time	"2026-02-05T22:43:31Z"^^<http://www.w3.org/2001/XMLSchema#dateTime>
http://example.org/stkg/id/obs_rel_BTR80_K2BlackPanther_20260205T224332Z_421_c_d	http://www.w3.org/1999/02/22-rdf-syntax-ns#type	http://example.org/stkg/id/SpatialRelationObservation
http://example.org/stkg/id/obs_rel_BTR80_K2BlackPanther_20260205T224332Z_421_c_d	http://example.org/stkg/subjectEntity	http://example.org/stkg/id/platform_BTR80
http://example.org/stkg/id/obs_rel_BTR80_K2BlackPanther_20260205T224332Z_421_c_d	http://example.org/stkg/objectEntity	http://example.org/stkg/id/platform_K2BlackPanther
http://example.org/stkg/id/obs_rel_BTR80_K2BlackPanther_20260205T224332Z_421_c_d	http://example.org/stkg/relationType	http://example.org/stkg/id/relation_ahead_of
http://example.org/stkg/id/obs_rel_BTR80_K2BlackPanther_20260205T224332Z_421_c_d	http://example.org/stkg/time	"2026-02-05T22:43:32Z"^^<http://www.w3.org/2001/XMLSchema#dateTime>
http://example.org/stkg/id/obs_rel_K2BlackPanther_BTR80_20260205T224332Z_421_d_c	http://www.w3.org/1999/02/22-rdf-syntax-ns#type	http://example.org/stkg/id/SpatialRelationObservation
http://example.org/stkg/id/obs_rel_K2BlackPanther_BTR80_20260205T224332Z_421_d_c	http://example.org/stkg/subjectEntity	http://example.org/stkg/id/platform_K2BlackPanther
http://example.org/stkg/id/obs_rel_K2BlackPanther_BTR80_20260205T224332Z_421_d_c	http://example.org/stkg/objectEntity	http://example.org/stkg/id/platform_BTR80
http://example.org/stkg/id/obs_rel_K2BlackPanther_BTR80_20260205T224332Z_421_d_c	http://example.org/stkg/relationType	http://example.org/stkg/id/relation_behind_of
http://example.org/stkg/id/obs_rel_K2BlackPanther_BTR80_20260205T224332Z_421_d_c	http://example.org/stkg/time	"2026-02-05T22:43:32Z"^^<http://www.w3.org/2001/XMLSchema#dateTime>
http://example.org/stkg/id/obs_rel_K2BlackPanther_T90_20260205T224332Z_421_d_e	http://www.w3.org/1999/02/22-rdf-syntax-ns#type	http://example.org/stkg/id/SpatialRelationObservation
http://example.org/stkg/id/obs_rel_K2BlackPanther_T90_20260205T224332Z_421_d_e	http://example.org/stkg/subjectEntity	http://example.org/stkg/id/platform_K2BlackPanther
http://example.org/stkg/id/obs_rel_K2BlackPanther_T90_20260205T224332Z_421_d_e	http://example.org/stkg/objectEntity	http://example.org/stkg/id/platform_T90
http://example.org/stkg/id/obs_rel_K2BlackPanther_T90_20260205T224332Z_421_d_e	http://example.org/stkg/relationType	http://example.org/stkg/id/relation_ahead_of
http://example.org/stkg/id/obs_rel_K2BlackPanther_T90_20260205T224332Z_421_d_e	http://example.org/stkg/time	"2026-02-05T22:43:32Z"^^<http://www.w3.org/2001/XMLSchema#dateTime>
http://example.org/stkg/id/obs_rel_T90_K2BlackPanther_20260205T224332Z_421_e_d	http://www.w3.org/1999/02/22-rdf-syntax-ns#type	http://example.org/stkg/id/SpatialRelationObservation
http://example.org/stkg/id/obs_rel_T90_K2BlackPanther_20260205T224332Z_421_e_d	http://example.org/stkg/subjectEntity	http://example.org/stkg/id/platform_T90
http://example.org/stkg/id/obs_rel_T90_K2BlackPanther_20260205T224332Z_421_e_d	http://example.org/stkg/objectEntity	http://example.org/stkg/id/platform_K2BlackPanther
http://example.org/stkg/id/obs_rel_T90_K2BlackPanther_20260205T224332Z_421_e_d	http://example.org/stkg/relationType	http://example.org/stkg/id/relation_behind_of
http://example.org/stkg/id/obs_rel_T90_K2BlackPanther_20260205T224332Z_421_e_d	http://example.org/stkg/time	"2026-02-05T22:43:32Z"^^<http://www.w3.org/2001/XMLSchema#dateTime>
http://example.org/stkg/id/obs_rel_BTR80_T90_20260205T224332Z_421_c_e	http://www.w3.org/1999/02/22-rdf-syntax-ns#type	http://example.org/stkg/id/SpatialRelationObservation
http://example.org/stkg/id/obs_rel_BTR80_T90_20260205T224332Z_421_c_e	http://example.org/stkg/subjectEntity	http://example.org/stkg/id/platform_BTR80
http://example.org/stkg/id/obs_rel_BTR80_T90_20260205T224332Z_421_c_e	http://example.org/stkg/objectEntity	http://example.org/stkg/id/platform_T90
http://example.org/stkg/id/obs_rel_BTR80_T90_20260205T224332Z_421_c_e	http://example.org/stkg/relationType	http://example.org/stkg/id/relation_ahead_of
http://example.org/stkg/id/obs_rel_BTR80_T90_20260205T224332Z_421_c_e	http://example.org/stkg/time	"2026-02-05T22:43:32Z"^^<http://www.w3.org/2001/XMLSchema#dateTime>
http://example.org/stkg/id/obs_rel_T90_BTR80_20260205T224332Z_421_e_c	http://www.w3.org/1999/02/22-rdf-syntax-ns#type	http://example.org/stkg/id/SpatialRelationObservation
http://example.org/stkg/id/obs_rel_T90_BTR80_20260205T224332Z_421_e_c	http://example.org/stkg/subjectEntity	http://example.org/stkg/id/platform_T90
http://example.org/stkg/id/obs_rel_T90_BTR80_20260205T224332Z_421_e_c	http://example.org/stkg/objectEntity	http://example.org/stkg/id/platform_BTR80
http://example.org/stkg/id/obs_rel_T90_BTR80_20260205T224332Z_421_e_c	http://example.org/stkg/relationType	http://example.org/stkg/id/relation_behind_of
http://example.org/stkg/id/obs_rel_T90_BTR80_20260205T224332Z_421_e_c	http://example.org/stkg/time	"2026-02-05T22:43:32Z"^^<http://www.w3.org/2001/XMLSchema#dateTime>
http://example.org/stkg/id/obs_rel_BTR80_K2BlackPanther_20260205T224333Z_422_c_d	http://www.w3.org/1999/02/22-rdf-syntax-ns#type	http://example.org/stkg/id/SpatialRelationObservation
http://example.org/stkg/id/obs_rel_BTR80_K2BlackPanther_20260205T224333Z_422_c_d	http://example.org/stkg/subjectEntity	http://example.org/stkg/id/platform_BTR80
http://example.org/stkg/id/obs_rel_BTR80_K2BlackPanther_20260205T224333Z_422_c_d	http://example.org/stkg/objectEntity	http://example.org/stkg/id/platform_K2BlackPanther
http://example.org/stkg/id/obs_rel_BTR80_K2BlackPanther_20260205T224333Z_422_c_d	http://example.org/stkg/relationType	http://example.org/stkg/id/relation_ahead_of
http://example.org/stkg/id/obs_rel_BTR80_K2BlackPanther_20260205T224333Z_422_c_d	http://example.org/stkg/time	"2026-02-05T22:43:33Z"^^<http://www.w3.org/2001/XMLSchema#dateTime>
http://example.org/stkg/id/obs_rel_K2BlackPanther_BTR80_20260205T224333Z_422_d_c	http://www.w3.org/1999/02/22-rdf-syntax-ns#type	http://example.org/stkg/id/SpatialRelationObservation
http://example.org/stkg/id/obs_rel_K2BlackPanther_BTR80_20260205T224333Z_422_d_c	http://example.org/stkg/subjectEntity	http://example.org/stkg/id/platform_K2BlackPanther
http://example.org/stkg/id/obs_rel_K2BlackPanther_BTR80_20260205T224333Z_422_d_c	http://example.org/stkg/objectEntity	http://example.org/stkg/id/platform_BTR80
http://example.org/stkg/id/obs_rel_K2BlackPanther_BTR80_20260205T224333Z_422_d_c	http://example.org/stkg/relationType	http://example.org/stkg/id/relation_behind_of
http://example.org/stkg/id/obs_rel_K2BlackPanther_BTR80_20260205T224333Z_422_d_c	http://example.org/stkg/time	"2026-02-05T22:43:33Z"^^<http://www.w3.org/2001/XMLSchema#dateTime>
http://example.org/stkg/id/obs_rel_K2BlackPanther_T90_20260205T224333Z_422_d_e	http://www.w3.org/1999/02/22-rdf-syntax-ns#type	http://example.org/stkg/id/SpatialRelationObservation
http://example.org/stkg/id/obs_rel_K2BlackPanther_T90_20260205T224333Z_422_d_e	http://example.org/stkg/subjectEntity	http://example.org/stkg/id/platform_K2BlackPanther
http://example.org/stkg/id/obs_rel_K2BlackPanther_T90_20260205T224333Z_422_d_e	http://example.org/stkg/objectEntity	http://example.org/stkg/id/platform_T90
http://example.org/stkg/id/obs_rel_K2BlackPanther_T90_20260205T224333Z_422_d_e	http://example.org/stkg/relationType	http://example.org/stkg/id/relation_ahead_of
http://example.org/stkg/id/obs_rel_K2BlackPanther_T90_20260205T224333Z_422_d_e	http://example.org/stkg/time	"2026-02-05T22:43:33Z"^^<http://www.w3.org/2001/XMLSchema#dateTime>
http://example.org/stkg/id/obs_rel_T90_K2BlackPanther_20260205T224333Z_422_e_d	http://www.w3.org/1999/02/22-rdf-syntax-ns#type	http://example.org/stkg/id/SpatialRelationObservation
http://example.org/stkg/id/obs_rel_T90_K2BlackPanther_20260205T224333Z_422_e_d	http://example.org/stkg/subjectEntity	http://example.org/stkg/id/platform_T90
http://example.org/stkg/id/obs_rel_T90_K2BlackPanther_20260205T224333Z_422_e_d	http://example.org/stkg/objectEntity	http://example.org/stkg/id/platform_K2BlackPanther
http://example.org/stkg/id/obs_rel_T90_K2BlackPanther_20260205T224333Z_422_e_d	http://example.org/stkg/relationType	http://example.org/stkg/id/relation_behind_of
http://example.org/stkg/id/obs_rel_T90_K2BlackPanther_20260205T224333Z_422_e_d	http://example.org/stkg/time	"2026-02-05T22:43:33Z"^^<http://www.w3.org/2001/XMLSchema#dateTime>
http://example.org/stkg/id/obs_rel_BTR80_T90_20260205T224333Z_422_c_e	http://www.w3.org/1999/02/22-rdf-syntax-ns#type	http://example.org/stkg/id/SpatialRelationObservation
http://example.org/stkg/id/obs_rel_BTR80_T90_20260205T224333Z_422_c_e	http://example.org/stkg/subjectEntity	http://example.org/stkg/id/platform_BTR80
http://example.org/stkg/id/obs_rel_BTR80_T90_20260205T224333Z_422_c_e	http://example.org/stkg/objectEntity	http://example.org/stkg/id/platform_T90
http://example.org/stkg/id/obs_rel_BTR80_T90_20260205T224333Z_422_c_e	http://example.org/stkg/relationType	http://example.org/stkg/id/relation_ahead_of
http://example.org/stkg/id/obs_rel_BTR80_T90_20260205T224333Z_422_c_e	http://example.org/stkg/time	"2026-02-05T22:43:33Z"^^<http://www.w3.org/2001/XMLSchema#dateTime>
http://example.org/stkg/id/obs_rel_T90_BTR80_20260205T224333Z_422_e_c	http://www.w3.org/1999/02/22-rdf-syntax-ns#type	http://example.org/stkg/id/SpatialRelationObservation
http://example.org/stkg/id/obs_rel_T90_BTR80_20260205T224333Z_422_e_c	http://example.org/stkg/subjectEntity	http://example.org/stkg/id/platform_T90
http://example.org/stkg/id/obs_rel_T90_BTR80_20260205T224333Z_422_e_c	http://example.org/stkg/objectEntity	http://example.org/stkg/id/platform_BTR80
http://example.org/stkg/id/obs_rel_T90_BTR80_20260205T224333Z_422_e_c	http://example.org/stkg/relationType	http://example.org/stkg/id/relation_behind_of
http://example.org/stkg/id/obs_rel_T90_BTR80_20260205T224333Z_422_e_c	http://example.org/stkg/time	"2026-02-05T22:43:33Z"^^<http://www.w3.org/2001/XMLSchema#dateTime>
http://example.org/stkg/id/obs_rel_BTR80_K2BlackPanther_20260205T224334Z_423_c_d	http://www.w3.org/1999/02/22-rdf-syntax-ns#type	http://example.org/stkg/id/SpatialRelationObservation
http://example.org/stkg/id/obs_rel_BTR80_K2BlackPanther_20260205T224334Z_423_c_d	http://example.org/stkg/subjectEntity	http://example.org/stkg/id/platform_BTR80
http://example.org/stkg/id/obs_rel_BTR80_K2BlackPanther_20260205T224334Z_423_c_d	http://example.org/stkg/objectEntity	http://example.org/stkg/id/platform_K2BlackPanther
http://example.org/stkg/id/obs_rel_BTR80_K2BlackPanther_20260205T224334Z_423_c_d	http://example.org/stkg/relationType	http://example.org/stkg/id/relation_ahead_of
http://example.org/stkg/id/obs_rel_BTR80_K2BlackPanther_20260205T224334Z_423_c_d	http://example.org/stkg/time	"2026-02-05T22:43:34Z"^^<http://www.w3.org/2001/XMLSchema#dateTime>
http://example.org/stkg/id/obs_rel_K2BlackPanther_BTR80_20260205T224334Z_423_d_c	http://www.w3.org/1999/02/22-rdf-syntax-ns#type	http://example.org/stkg/id/SpatialRelationObservation
http://example.org/stkg/id/obs_rel_K2BlackPanther_BTR80_20260205T224334Z_423_d_c	http://example.org/stkg/subjectEntity	http://example.org/stkg/id/platform_K2BlackPanther
http://example.org/stkg/id/obs_rel_K2BlackPanther_BTR80_20260205T224334Z_423_d_c	http://example.org/stkg/objectEntity	http://example.org/stkg/id/platform_BTR80
http://example.org/stkg/id/obs_rel_K2BlackPanther_BTR80_20260205T224334Z_423_d_c	http://example.org/stkg/relationType	http://example.org/stkg/id/relation_behind_of
http://example.org/stkg/id/obs_rel_K2BlackPanther_BTR80_20260205T224334Z_423_d_c	http://example.org/stkg/time	"2026-02-05T22:43:34Z"^^<http://www.w3.org/2001/XMLSchema#dateTime>
http://example.org/stkg/id/obs_rel_K2BlackPanther_T90_20260205T224334Z_423_d_e	http://www.w3.org/1999/02/22-rdf-syntax-ns#type	http://example.org/stkg/id/SpatialRelationObservation
http://example.org/stkg/id/obs_rel_K2BlackPanther_T90_20260205T224334Z_423_d_e	http://example.org/stkg/subjectEntity	http://example.org/stkg/id/platform_K2BlackPanther
http://example.org/stkg/id/obs_rel_K2BlackPanther_T90_20260205T224334Z_423_d_e	http://example.org/stkg/objectEntity	http://example.org/stkg/id/platform_T90
http://example.org/stkg/id/obs_rel_K2BlackPanther_T90_20260205T224334Z_423_d_e	http://example.org/stkg/relationType	http://example.org/stkg/id/relation_ahead_of
http://example.org/stkg/id/obs_rel_K2BlackPanther_T90_20260205T224334Z_423_d_e	http://example.org/stkg/time	"2026-02-05T22:43:34Z"^^<http://www.w3.org/2001/XMLSchema#dateTime>
http://example.org/stkg/id/obs_rel_T90_K2BlackPanther_20260205T224334Z_423_e_d	http://www.w3.org/1999/02/22-rdf-syntax-ns#type	http://example.org/stkg/id/SpatialRelationObservation
http://example.org/stkg/id/obs_rel_T90_K2BlackPanther_20260205T224334Z_423_e_d	http://example.org/stkg/subjectEntity	http://example.org/stkg/id/platform_T90
http://example.org/stkg/id/obs_rel_T90_K2BlackPanther_20260205T224334Z_423_e_d	http://example.org/stkg/objectEntity	http://example.org/stkg/id/platform_K2BlackPanther
http://example.org/stkg/id/obs_rel_T90_K2BlackPanther_20260205T224334Z_423_e_d	http://example.org/stkg/relationType	http://example.org/stkg/id/relation_behind_of
http://example.org/stkg/id/obs_rel_T90_K2BlackPanther_20260205T224334Z_423_e_d	http://example.org/stkg/time	"2026-02-05T22:43:34Z"^^<http://www.w3.org/2001/XMLSchema#dateTime>
http://example.org/stkg/id/obs_rel_BTR80_T90_20260205T224334Z_423_c_e	http://www.w3.org/1999/02/22-rdf-syntax-ns#type	http://example.org/stkg/id/SpatialRelationObservation
http://example.org/stkg/id/obs_rel_BTR80_T90_20260205T224334Z_423_c_e	http://example.org/stkg/subjectEntity	http://example.org/stkg/id/platform_BTR80
http://example.org/stkg/id/obs_rel_BTR80_T90_20260205T224334Z_423_c_e	http://example.org/stkg/objectEntity	http://example.org/stkg/id/platform_T90
http://example.org/stkg/id/obs_rel_BTR80_T90_20260205T224334Z_423_c_e	http://example.org/stkg/relationType	http://example.org/stkg/id/relation_ahead_of
http://example.org/stkg/id/obs_rel_BTR80_T90_20260205T224334Z_423_c_e	http://example.org/stkg/time	"2026-02-05T22:43:34Z"^^<http://www.w3.org/2001/XMLSchema#dateTime>
http://example.org/stkg/id/obs_rel_T90_BTR80_20260205T224334Z_423_e_c	http://www.w3.org/1999/02/22-rdf-syntax-ns#type	http://example.org/stkg/id/SpatialRelationObservation
http://example.org/stkg/id/obs_rel_T90_BTR80_20260205T224334Z_423_e_c	http://example.org/stkg/subjectEntity	http://example.org/stkg/id/platform_T90
http://example.org/stkg/id/obs_rel_T90_BTR80_20260205T224334Z_423_e_c	http://example.org/stkg/objectEntity	http://example.org/stkg/id/platform_BTR80
http://example.org/stkg/id/obs_rel_T90_BTR80_20260205T224334Z_423_e_c	http://example.org/stkg/relationType	http://example.org/stkg/id/relation_behind_of
http://example.org/stkg/id/obs_rel_T90_BTR80_20260205T224334Z_423_e_c	http://example.org/stkg/time	"2026-02-05T22:43:34Z"^^<http://www.w3.org/2001/XMLSchema#dateTime>
http://example.org/stkg/id/obs_rel_BTR80_K2BlackPanther_20260205T224335Z_424_c_d	http://www.w3.org/1999/02/22-rdf-syntax-ns#type	http://example.org/stkg/id/SpatialRelationObservation
http://example.org/stkg/id/obs_rel_BTR80_K2BlackPanther_20260205T224335Z_424_c_d	http://example.org/stkg/subjectEntity	http://example.org/stkg/id/platform_BTR80
http://example.org/stkg/id/obs_rel_BTR80_K2BlackPanther_20260205T224335Z_424_c_d	http://example.org/stkg/objectEntity	http://example.org/stkg/id/platform_K2BlackPanther
http://example.org/stkg/id/obs_rel_BTR80_K2BlackPanther_20260205T224335Z_424_c_d	http://example.org/stkg/relationType	http://example.org/stkg/id/relation_ahead_of
http://example.org/stkg/id/obs_rel_BTR80_K2BlackPanther_20260205T224335Z_424_c_d	http://example.org/stkg/time	"2026-02-05T22:43:35Z"^^<http://www.w3.org/2001/XMLSchema#dateTime>
http://example.org/stkg/id/obs_rel_K2BlackPanther_BTR80_20260205T224335Z_424_d_c	http://www.w3.org/1999/02/22-rdf-syntax-ns#type	http://example.org/stkg/id/SpatialRelationObservation
http://example.org/stkg/id/obs_rel_K2BlackPanther_BTR80_20260205T224335Z_424_d_c	http://example.org/stkg/subjectEntity	http://example.org/stkg/id/platform_K2BlackPanther
http://example.org/stkg/id/obs_rel_K2BlackPanther_BTR80_20260205T224335Z_424_d_c	http://example.org/stkg/objectEntity	http://example.org/stkg/id/platform_BTR80
http://example.org/stkg/id/obs_rel_K2BlackPanther_BTR80_20260205T224335Z_424_d_c	http://example.org/stkg/relationType	http://example.org/stkg/id/relation_behind_of
http://example.org/stkg/id/obs_rel_K2BlackPanther_BTR80_20260205T224335Z_424_d_c	http://example.org/stkg/time	"2026-02-05T22:43:35Z"^^<http://www.w3.org/2001/XMLSchema#dateTime>
http://example.org/stkg/id/obs_rel_K2BlackPanther_T90_20260205T224335Z_424_d_e	http://www.w3.org/1999/02/22-rdf-syntax-ns#type	http://example.org/stkg/id/SpatialRelationObservation
http://example.org/stkg/id/obs_rel_K2BlackPanther_T90_20260205T224335Z_424_d_e	http://example.org/stkg/subjectEntity	http://example.org/stkg/id/platform_K2BlackPanther
http://example.org/stkg/id/obs_rel_K2BlackPanther_T90_20260205T224335Z_424_d_e	http://example.org/stkg/objectEntity	http://example.org/stkg/id/platform_T90
http://example.org/stkg/id/obs_rel_K2BlackPanther_T90_20260205T224335Z_424_d_e	http://example.org/stkg/relationType	http://example.org/stkg/id/relation_ahead_of
http://example.org/stkg/id/obs_rel_K2BlackPanther_T90_20260205T224335Z_424_d_e	http://example.org/stkg/time	"2026-02-05T22:43:35Z"^^<http://www.w3.org/2001/XMLSchema#dateTime>
http://example.org/stkg/id/obs_rel_T90_K2BlackPanther_20260205T224335Z_424_e_d	http://www.w3.org/1999/02/22-rdf-syntax-ns#type	http://example.org/stkg/id/SpatialRelationObservation
http://example.org/stkg/id/obs_rel_T90_K2BlackPanther_20260205T224335Z_424_e_d	http://example.org/stkg/subjectEntity	http://example.org/stkg/id/platform_T90
http://example.org/stkg/id/obs_rel_T90_K2BlackPanther_20260205T224335Z_424_e_d	http://example.org/stkg/objectEntity	http://example.org/stkg/id/platform_K2BlackPanther
http://example.org/stkg/id/obs_rel_T90_K2BlackPanther_20260205T224335Z_424_e_d	http://example.org/stkg/relationType	http://example.org/stkg/id/relation_behind_of
http://example.org/stkg/id/obs_rel_T90_K2BlackPanther_20260205T224335Z_424_e_d	http://example.org/stkg/time	"2026-02-05T22:43:35Z"^^<http://www.w3.org/2001/XMLSchema#dateTime>
http://example.org/stkg/id/obs_rel_BTR80_T90_20260205T224335Z_424_c_e	http://www.w3.org/1999/02/22-rdf-syntax-ns#type	http://example.org/stkg/id/SpatialRelationObservation
http://example.org/stkg/id/obs_rel_BTR80_T90_20260205T224335Z_424_c_e	http://example.org/stkg/subjectEntity	http://example.org/stkg/id/platform_BTR80
http://example.org/stkg/id/obs_rel_BTR80_T90_20260205T224335Z_424_c_e	http://example.org/stkg/objectEntity	http://example.org/stkg/id/platform_T90
http://example.org/stkg/id/obs_rel_BTR80_T90_20260205T224335Z_424_c_e	http://example.org/stkg/relationType	http://example.org/stkg/id/relation_ahead_of
http://example.org/stkg/id/obs_rel_BTR80_T90_20260205T224335Z_424_c_e	http://example.org/stkg/time	"2026-02-05T22:43:35Z"^^<http://www.w3.org/2001/XMLSchema#dateTime>
http://example.org/stkg/id/obs_rel_T90_BTR80_20260205T224335Z_424_e_c	http://www.w3.org/1999/02/22-rdf-syntax-ns#type	http://example.org/stkg/id/SpatialRelationObservation
http://example.org/stkg/id/obs_rel_T90_BTR80_20260205T224335Z_424_e_c	http://example.org/stkg/subjectEntity	http://example.org/stkg/id/platform_T90
http://example.org/stkg/id/obs_rel_T90_BTR80_20260205T224335Z_424_e_c	http://example.org/stkg/objectEntity	http://example.org/stkg/id/platform_BTR80
http://example.org/stkg/id/obs_rel_T90_BTR80_20260205T224335Z_424_e_c	http://example.org/stkg/relationType	http://example.org/stkg/id/relation_behind_of
http://example.org/stkg/id/obs_rel_T90_BTR80_20260205T224335Z_424_e_c	http://example.org/stkg/time	"2026-02-05T22:43:35Z"^^<http://www.w3.org/2001/XMLSchema#dateTime>
http://example.org/stkg/id/obs_rel_BTR80_K2BlackPanther_20260205T224336Z_425_c_d	http://www.w3.org/1999/02/22-rdf-syntax-ns#type	http://example.org/stkg/id/SpatialRelationObservation
http://example.org/stkg/id/obs_rel_BTR80_K2BlackPanther_20260205T224336Z_425_c_d	http://example.org/stkg/subjectEntity	http://example.org/stkg/id/platform_BTR80
http://example.org/stkg/id/obs_rel_BTR80_K2BlackPanther_20260205T224336Z_425_c_d	http://example.org/stkg/objectEntity	http://example.org/stkg/id/platform_K2BlackPanther
http://example.org/stkg/id/obs_rel_BTR80_K2BlackPanther_20260205T224336Z_425_c_d	http://example.org/stkg/relationType	http://example.org/stkg/id/relation_ahead_of
http://example.org/stkg/id/obs_rel_BTR80_K2BlackPanther_20260205T224336Z_425_c_d	http://example.org/stkg/time	"2026-02-05T22:43:36Z"^^<http://www.w3.org/2001/XMLSchema#dateTime>
http://example.org/stkg/id/obs_rel_K2BlackPanther_BTR80_20260205T224336Z_425_d_c	http://www.w3.org/1999/02/22-rdf-syntax-ns#type	http://example.org/stkg/id/SpatialRelationObservation
http://example.org/stkg/id/obs_rel_K2BlackPanther_BTR80_20260205T224336Z_425_d_c	http://example.org/stkg/subjectEntity	http://example.org/stkg/id/platform_K2BlackPanther
http://example.org/stkg/id/obs_rel_K2BlackPanther_BTR80_20260205T224336Z_425_d_c	http://example.org/stkg/objectEntity	http://example.org/stkg/id/platform_BTR80
http://example.org/stkg/id/obs_rel_K2BlackPanther_BTR80_20260205T224336Z_425_d_c	http://example.org/stkg/relationType	http://example.org/stkg/id/relation_behind_of
http://example.org/stkg/id/obs_rel_K2BlackPanther_BTR80_20260205T224336Z_425_d_c	http://example.org/stkg/time	"2026-02-05T22:43:36Z"^^<http://www.w3.org/2001/XMLSchema#dateTime>
http://example.org/stkg/id/obs_rel_K2BlackPanther_T90_20260205T224336Z_425_d_e	http://www.w3.org/1999/02/22-rdf-syntax-ns#type	http://example.org/stkg/id/SpatialRelationObservation
http://example.org/stkg/id/obs_rel_K2BlackPanther_T90_20260205T224336Z_425_d_e	http://example.org/stkg/subjectEntity	http://example.org/stkg/id/platform_K2BlackPanther
http://example.org/stkg/id/obs_rel_K2BlackPanther_T90_20260205T224336Z_425_d_e	http://example.org/stkg/objectEntity	http://example.org/stkg/id/platform_T90
http://example.org/stkg/id/obs_rel_K2BlackPanther_T90_20260205T224336Z_425_d_e	http://example.org/stkg/relationType	http://example.org/stkg/id/relation_ahead_of
http://example.org/stkg/id/obs_rel_K2BlackPanther_T90_20260205T224336Z_425_d_e	http://example.org/stkg/time	"2026-02-05T22:43:36Z"^^<http://www.w3.org/2001/XMLSchema#dateTime>
http://example.org/stkg/id/obs_rel_T90_K2BlackPanther_20260205T224336Z_425_e_d	http://www.w3.org/1999/02/22-rdf-syntax-ns#type	http://example.org/stkg/id/SpatialRelationObservation
http://example.org/stkg/id/obs_rel_T90_K2BlackPanther_20260205T224336Z_425_e_d	http://example.org/stkg/subjectEntity	http://example.org/stkg/id/platform_T90
http://example.org/stkg/id/obs_rel_T90_K2BlackPanther_20260205T224336Z_425_e_d	http://example.org/stkg/objectEntity	http://example.org/stkg/id/platform_K2BlackPanther
http://example.org/stkg/id/obs_rel_T90_K2BlackPanther_20260205T224336Z_425_e_d	http://example.org/stkg/relationType	http://example.org/stkg/id/relation_behind_of
http://example.org/stkg/id/obs_rel_T90_K2BlackPanther_20260205T224336Z_425_e_d	http://example.org/stkg/time	"2026-02-05T22:43:36Z"^^<http://www.w3.org/2001/XMLSchema#dateTime>
http://example.org/stkg/id/obs_rel_BTR80_T90_20260205T224336Z_425_c_e	http://www.w3.org/1999/02/22-rdf-syntax-ns#type	http://example.org/stkg/id/SpatialRelationObservation
http://example.org/stkg/id/obs_rel_BTR80_T90_20260205T224336Z_425_c_e	http://example.org/stkg/subjectEntity	http://example.org/stkg/id/platform_BTR80
http://example.org/stkg/id/obs_rel_BTR80_T90_20260205T224336Z_425_c_e	http://example.org/stkg/objectEntity	http://example.org/stkg/id/platform_T90
http://example.org/stkg/id/obs_rel_BTR80_T90_20260205T224336Z_425_c_e	http://example.org/stkg/relationType	http://example.org/stkg/id/relation_ahead_of
http://example.org/stkg/id/obs_rel_BTR80_T90_20260205T224336Z_425_c_e	http://example.org/stkg/time	"2026-02-05T22:43:36Z"^^<http://www.w3.org/2001/XMLSchema#dateTime>
http://example.org/stkg/id/obs_rel_T90_BTR80_20260205T224336Z_425_e_c	http://www.w3.org/1999/02/22-rdf-syntax-ns#type	http://example.org/stkg/id/SpatialRelationObservation
http://example.org/stkg/id/obs_rel_T90_BTR80_20260205T224336Z_425_e_c	http://example.org/stkg/subjectEntity	http://example.org/stkg/id/platform_T90
http://example.org/stkg/id/obs_rel_T90_BTR80_20260205T224336Z_425_e_c	http://example.org/stkg/objectEntity	http://example.org/stkg/id/platform_BTR80
http://example.org/stkg/id/obs_rel_T90_BTR80_20260205T224336Z_425_e_c	http://example.org/stkg/relationType	http://example.org/stkg/id/relation_behind_of
http://example.org/stkg/id/obs_rel_T90_BTR80_20260205T224336Z_425_e_c	http://example.org/stkg/time	"2026-02-05T22:43:36Z"^^<http://www.w3.org/2001/XMLSchema#dateTime>
http://example.org/stkg/id/obs_rel_BTR80_K2BlackPanther_20260205T224337Z_426_c_d	http://www.w3.org/1999/02/22-rdf-syntax-ns#type	http://example.org/stkg/id/SpatialRelationObservation
http://example.org/stkg/id/obs_rel_BTR80_K2BlackPanther_20260205T224337Z_426_c_d	http://example.org/stkg/subjectEntity	http://example.org/stkg/id/platform_BTR80
http://example.org/stkg/id/obs_rel_BTR80_K2BlackPanther_20260205T224337Z_426_c_d	http://example.org/stkg/objectEntity	http://example.org/stkg/id/platform_K2BlackPanther
http://example.org/stkg/id/obs_rel_BTR80_K2BlackPanther_20260205T224337Z_426_c_d	http://example.org/stkg/relationType	http://example.org/stkg/id/relation_ahead_of
http://example.org/stkg/id/obs_rel_BTR80_K2BlackPanther_20260205T224337Z_426_c_d	http://example.org/stkg/time	"2026-02-05T22:43:37Z"^^<http://www.w3.org/2001/XMLSchema#dateTime>
http://example.org/stkg/id/obs_rel_K2BlackPanther_BTR80_20260205T224337Z_426_d_c	http://www.w3.org/1999/02/22-rdf-syntax-ns#type	http://example.org/stkg/id/SpatialRelationObservation
http://example.org/stkg/id/obs_rel_K2BlackPanther_BTR80_20260205T224337Z_426_d_c	http://example.org/stkg/subjectEntity	http://example.org/stkg/id/platform_K2BlackPanther
http://example.org/stkg/id/obs_rel_K2BlackPanther_BTR80_20260205T224337Z_426_d_c	http://example.org/stkg/objectEntity	http://example.org/stkg/id/platform_BTR80
http://example.org/stkg/id/obs_rel_K2BlackPanther_BTR80_20260205T224337Z_426_d_c	http://example.org/stkg/relationType	http://example.org/stkg/id/relation_behind_of
http://example.org/stkg/id/obs_rel_K2BlackPanther_BTR80_20260205T224337Z_426_d_c	http://example.org/stkg/time	"2026-02-05T22:43:37Z"^^<http://www.w3.org/2001/XMLSchema#dateTime>
http://example.org/stkg/id/obs_rel_K2BlackPanther_T90_20260205T224337Z_426_d_e	http://www.w3.org/1999/02/22-rdf-syntax-ns#type	http://example.org/stkg/id/SpatialRelationObservation
http://example.org/stkg/id/obs_rel_K2BlackPanther_T90_20260205T224337Z_426_d_e	http://example.org/stkg/subjectEntity	http://example.org/stkg/id/platform_K2BlackPanther
http://example.org/stkg/id/obs_rel_K2BlackPanther_T90_20260205T224337Z_426_d_e	http://example.org/stkg/objectEntity	http://example.org/stkg/id/platform_T90
http://example.org/stkg/id/obs_rel_K2BlackPanther_T90_20260205T224337Z_426_d_e	http://example.org/stkg/relationType	http://example.org/stkg/id/relation_ahead_of
http://example.org/stkg/id/obs_rel_K2BlackPanther_T90_20260205T224337Z_426_d_e	http://example.org/stkg/time	"2026-02-05T22:43:37Z"^^<http://www.w3.org/2001/XMLSchema#dateTime>
http://example.org/stkg/id/obs_rel_T90_K2BlackPanther_20260205T224337Z_426_e_d	http://www.w3.org/1999/02/22-rdf-syntax-ns#type	http://example.org/stkg/id/SpatialRelationObservation
http://example.org/stkg/id/obs_rel_T90_K2BlackPanther_20260205T224337Z_426_e_d	http://example.org/stkg/subjectEntity	http://example.org/stkg/id/platform_T90
http://example.org/stkg/id/obs_rel_T90_K2BlackPanther_20260205T224337Z_426_e_d	http://example.org/stkg/objectEntity	http://example.org/stkg/id/platform_K2BlackPanther
http://example.org/stkg/id/obs_rel_T90_K2BlackPanther_20260205T224337Z_426_e_d	http://example.org/stkg/relationType	http://example.org/stkg/id/relation_behind_of
http://example.org/stkg/id/obs_rel_T90_K2BlackPanther_20260205T224337Z_426_e_d	http://example.org/stkg/time	"2026-02-05T22:43:37Z"^^<http://www.w3.org/2001/XMLSchema#dateTime>
http://example.org/stkg/id/obs_rel_BTR80_T90_20260205T224337Z_426_c_e	http://www.w3.org/1999/02/22-rdf-syntax-ns#type	http://example.org/stkg/id/SpatialRelationObservation
http://example.org/stkg/id/obs_rel_BTR80_T90_20260205T224337Z_426_c_e	http://example.org/stkg/subjectEntity	http://example.org/stkg/id/platform_BTR80
http://example.org/stkg/id/obs_rel_BTR80_T90_20260205T224337Z_426_c_e	http://example.org/stkg/objectEntity	http://example.org/stkg/id/platform_T90
http://example.org/stkg/id/obs_rel_BTR80_T90_20260205T224337Z_426_c_e	http://example.org/stkg/relationType	http://example.org/stkg/id/relation_ahead_of
http://example.org/stkg/id/obs_rel_BTR80_T90_20260205T224337Z_426_c_e	http://example.org/stkg/time	"2026-02-05T22:43:37Z"^^<http://www.w3.org/2001/XMLSchema#dateTime>
http://example.org/stkg/id/obs_rel_T90_BTR80_20260205T224337Z_426_e_c	http://www.w3.org/1999/02/22-rdf-syntax-ns#type	http://example.org/stkg/id/SpatialRelationObservation
http://example.org/stkg/id/obs_rel_T90_BTR80_20260205T224337Z_426_e_c	http://example.org/stkg/subjectEntity	http://example.org/stkg/id/platform_T90
http://example.org/stkg/id/obs_rel_T90_BTR80_20260205T224337Z_426_e_c	http://example.org/stkg/objectEntity	http://example.org/stkg/id/platform_BTR80
http://example.org/stkg/id/obs_rel_T90_BTR80_20260205T224337Z_426_e_c	http://example.org/stkg/relationType	http://example.org/stkg/id/relation_behind_of
http://example.org/stkg/id/obs_rel_T90_BTR80_20260205T224337Z_426_e_c	http://example.org/stkg/time	"2026-02-05T22:43:37Z"^^<http://www.w3.org/2001/XMLSchema#dateTime>
http://example.org/stkg/id/obs_rel_BTR80_K2BlackPanther_20260205T224338Z_427_c_d	http://www.w3.org/1999/02/22-rdf-syntax-ns#type	http://example.org/stkg/id/SpatialRelationObservation
http://example.org/stkg/id/obs_rel_BTR80_K2BlackPanther_20260205T224338Z_427_c_d	http://example.org/stkg/subjectEntity	http://example.org/stkg/id/platform_BTR80
http://example.org/stkg/id/obs_rel_BTR80_K2BlackPanther_20260205T224338Z_427_c_d	http://example.org/stkg/objectEntity	http://example.org/stkg/id/platform_K2BlackPanther
http://example.org/stkg/id/obs_rel_BTR80_K2BlackPanther_20260205T224338Z_427_c_d	http://example.org/stkg/relationType	http://example.org/stkg/id/relation_ahead_of
http://example.org/stkg/id/obs_rel_BTR80_K2BlackPanther_20260205T224338Z_427_c_d	http://example.org/stkg/time	"2026-02-05T22:43:38Z"^^<http://www.w3.org/2001/XMLSchema#dateTime>
http://example.org/stkg/id/obs_rel_K2BlackPanther_BTR80_20260205T224338Z_427_d_c	http://www.w3.org/1999/02/22-rdf-syntax-ns#type	http://example.org/stkg/id/SpatialRelationObservation
http://example.org/stkg/id/obs_rel_K2BlackPanther_BTR80_20260205T224338Z_427_d_c	http://example.org/stkg/subjectEntity	http://example.org/stkg/id/platform_K2BlackPanther
http://example.org/stkg/id/obs_rel_K2BlackPanther_BTR80_20260205T224338Z_427_d_c	http://example.org/stkg/objectEntity	http://example.org/stkg/id/platform_BTR80
http://example.org/stkg/id/obs_rel_K2BlackPanther_BTR80_20260205T224338Z_427_d_c	http://example.org/stkg/relationType	http://example.org/stkg/id/relation_behind_of
http://example.org/stkg/id/obs_rel_K2BlackPanther_BTR80_20260205T224338Z_427_d_c	http://example.org/stkg/time	"2026-02-05T22:43:38Z"^^<http://www.w3.org/2001/XMLSchema#dateTime>
http://example.org/stkg/id/obs_rel_K2BlackPanther_T90_20260205T224338Z_427_d_e	http://www.w3.org/1999/02/22-rdf-syntax-ns#type	http://example.org/stkg/id/SpatialRelationObservation
http://example.org/stkg/id/obs_rel_K2BlackPanther_T90_20260205T224338Z_427_d_e	http://example.org/stkg/subjectEntity	http://example.org/stkg/id/platform_K2BlackPanther
http://example.org/stkg/id/obs_rel_K2BlackPanther_T90_20260205T224338Z_427_d_e	http://example.org/stkg/objectEntity	http://example.org/stkg/id/platform_T90
http://example.org/stkg/id/obs_rel_K2BlackPanther_T90_20260205T224338Z_427_d_e	http://example.org/stkg/relationType	http://example.org/stkg/id/relation_ahead_of
http://example.org/stkg/id/obs_rel_K2BlackPanther_T90_20260205T224338Z_427_d_e	http://example.org/stkg/time	"2026-02-05T22:43:38Z"^^<http://www.w3.org/2001/XMLSchema#dateTime>
http://example.org/stkg/id/obs_rel_T90_K2BlackPanther_20260205T224338Z_427_e_d	http://www.w3.org/1999/02/22-rdf-syntax-ns#type	http://example.org/stkg/id/SpatialRelationObservation
http://example.org/stkg/id/obs_rel_T90_K2BlackPanther_20260205T224338Z_427_e_d	http://example.org/stkg/subjectEntity	http://example.org/stkg/id/platform_T90
http://example.org/stkg/id/obs_rel_T90_K2BlackPanther_20260205T224338Z_427_e_d	http://example.org/stkg/objectEntity	http://example.org/stkg/id/platform_K2BlackPanther
http://example.org/stkg/id/obs_rel_T90_K2BlackPanther_20260205T224338Z_427_e_d	http://example.org/stkg/relationType	http://example.org/stkg/id/relation_behind_of
http://example.org/stkg/id/obs_rel_T90_K2BlackPanther_20260205T224338Z_427_e_d	http://example.org/stkg/time	"2026-02-05T22:43:38Z"^^<http://www.w3.org/2001/XMLSchema#dateTime>
http://example.org/stkg/id/obs_rel_BTR80_T90_20260205T224338Z_427_c_e	http://www.w3.org/1999/02/22-rdf-syntax-ns#type	http://example.org/stkg/id/SpatialRelationObservation
http://example.org/stkg/id/obs_rel_BTR80_T90_20260205T224338Z_427_c_e	http://example.org/stkg/subjectEntity	http://example.org/stkg/id/platform_BTR80
http://example.org/stkg/id/obs_rel_BTR80_T90_20260205T224338Z_427_c_e	http://example.org/stkg/objectEntity	http://example.org/stkg/id/platform_T90
http://example.org/stkg/id/obs_rel_BTR80_T90_20260205T224338Z_427_c_e	http://example.org/stkg/relationType	http://example.org/stkg/id/relation_ahead_of
http://example.org/stkg/id/obs_rel_BTR80_T90_20260205T224338Z_427_c_e	http://example.org/stkg/time	"2026-02-05T22:43:38Z"^^<http://www.w3.org/2001/XMLSchema#dateTime>
http://example.org/stkg/id/obs_rel_T90_BTR80_20260205T224338Z_427_e_c	http://www.w3.org/1999/02/22-rdf-syntax-ns#type	http://example.org/stkg/id/SpatialRelationObservation
http://example.org/stkg/id/obs_rel_T90_BTR80_20260205T224338Z_427_e_c	http://example.org/stkg/subjectEntity	http://example.org/stkg/id/platform_T90
http://example.org/stkg/id/obs_rel_T90_BTR80_20260205T224338Z_427_e_c	http://example.org/stkg/objectEntity	http://example.org/stkg/id/platform_BTR80
http://example.org/stkg/id/obs_rel_T90_BTR80_20260205T224338Z_427_e_c	http://example.org/stkg/relationType	http://example.org/stkg/id/relation_behind_of
http://example.org/stkg/id/obs_rel_T90_BTR80_20260205T224338Z_427_e_c	http://example.org/stkg/time	"2026-02-05T22:43:38Z"^^<http://www.w3.org/2001/XMLSchema#dateTime>
http://example.org/stkg/id/obs_rel_BTR80_K2BlackPanther_20260205T224339Z_428_c_d	http://www.w3.org/1999/02/22-rdf-syntax-ns#type	http://example.org/stkg/id/SpatialRelationObservation
http://example.org/stkg/id/obs_rel_BTR80_K2BlackPanther_20260205T224339Z_428_c_d	http://example.org/stkg/subjectEntity	http://example.org/stkg/id/platform_BTR80
http://example.org/stkg/id/obs_rel_BTR80_K2BlackPanther_20260205T224339Z_428_c_d	http://example.org/stkg/objectEntity	http://example.org/stkg/id/platform_K2BlackPanther
http://example.org/stkg/id/obs_rel_BTR80_K2BlackPanther_20260205T224339Z_428_c_d	http://example.org/stkg/relationType	http://example.org/stkg/id/relation_ahead_of
http://example.org/stkg/id/obs_rel_BTR80_K2BlackPanther_20260205T224339Z_428_c_d	http://example.org/stkg/time	"2026-02-05T22:43:39Z"^^<http://www.w3.org/2001/XMLSchema#dateTime>
http://example.org/stkg/id/obs_rel_K2BlackPanther_BTR80_20260205T224339Z_428_d_c	http://www.w3.org/1999/02/22-rdf-syntax-ns#type	http://example.org/stkg/id/SpatialRelationObservation
http://example.org/stkg/id/obs_rel_K2BlackPanther_BTR80_20260205T224339Z_428_d_c	http://example.org/stkg/subjectEntity	http://example.org/stkg/id/platform_K2BlackPanther
http://example.org/stkg/id/obs_rel_K2BlackPanther_BTR80_20260205T224339Z_428_d_c	http://example.org/stkg/objectEntity	http://example.org/stkg/id/platform_BTR80
http://example.org/stkg/id/obs_rel_K2BlackPanther_BTR80_20260205T224339Z_428_d_c	http://example.org/stkg/relationType	http://example.org/stkg/id/relation_behind_of
http://example.org/stkg/id/obs_rel_K2BlackPanther_BTR80_20260205T224339Z_428_d_c	http://example.org/stkg/time	"2026-02-05T22:43:39Z"^^<http://www.w3.org/2001/XMLSchema#dateTime>
http://example.org/stkg/id/obs_rel_K2BlackPanther_T90_20260205T224339Z_428_d_e	http://www.w3.org/1999/02/22-rdf-syntax-ns#type	http://example.org/stkg/id/SpatialRelationObservation
http://example.org/stkg/id/obs_rel_K2BlackPanther_T90_20260205T224339Z_428_d_e	http://example.org/stkg/subjectEntity	http://example.org/stkg/id/platform_K2BlackPanther
http://example.org/stkg/id/obs_rel_K2BlackPanther_T90_20260205T224339Z_428_d_e	http://example.org/stkg/objectEntity	http://example.org/stkg/id/platform_T90
http://example.org/stkg/id/obs_rel_K2BlackPanther_T90_20260205T224339Z_428_d_e	http://example.org/stkg/relationType	http://example.org/stkg/id/relation_ahead_of
http://example.org/stkg/id/obs_rel_K2BlackPanther_T90_20260205T224339Z_428_d_e	http://example.org/stkg/time	"2026-02-05T22:43:39Z"^^<http://www.w3.org/2001/XMLSchema#dateTime>
http://example.org/stkg/id/obs_rel_T90_K2BlackPanther_20260205T224339Z_428_e_d	http://www.w3.org/1999/02/22-rdf-syntax-ns#type	http://example.org/stkg/id/SpatialRelationObservation
http://example.org/stkg/id/obs_rel_T90_K2BlackPanther_20260205T224339Z_428_e_d	http://example.org/stkg/subjectEntity	http://example.org/stkg/id/platform_T90
http://example.org/stkg/id/obs_rel_T90_K2BlackPanther_20260205T224339Z_428_e_d	http://example.org/stkg/objectEntity	http://example.org/stkg/id/platform_K2BlackPanther
http://example.org/stkg/id/obs_rel_T90_K2BlackPanther_20260205T224339Z_428_e_d	http://example.org/stkg/relationType	http://example.org/stkg/id/relation_behind_of
http://example.org/stkg/id/obs_rel_T90_K2BlackPanther_20260205T224339Z_428_e_d	http://example.org/stkg/time	"2026-02-05T22:43:39Z"^^<http://www.w3.org/2001/XMLSchema#dateTime>
http://example.org/stkg/id/obs_rel_BTR80_T90_20260205T224339Z_428_c_e	http://www.w3.org/1999/02/22-rdf-syntax-ns#type	http://example.org/stkg/id/SpatialRelationObservation
http://example.org/stkg/id/obs_rel_BTR80_T90_20260205T224339Z_428_c_e	http://example.org/stkg/subjectEntity	http://example.org/stkg/id/platform_BTR80
http://example.org/stkg/id/obs_rel_BTR80_T90_20260205T224339Z_428_c_e	http://example.org/stkg/objectEntity	http://example.org/stkg/id/platform_T90
http://example.org/stkg/id/obs_rel_BTR80_T90_20260205T224339Z_428_c_e	http://example.org/stkg/relationType	http://example.org/stkg/id/relation_ahead_of
http://example.org/stkg/id/obs_rel_BTR80_T90_20260205T224339Z_428_c_e	http://example.org/stkg/time	"2026-02-05T22:43:39Z"^^<http://www.w3.org/2001/XMLSchema#dateTime>
http://example.org/stkg/id/obs_rel_T90_BTR80_20260205T224339Z_428_e_c	http://www.w3.org/1999/02/22-rdf-syntax-ns#type	http://example.org/stkg/id/SpatialRelationObservation
http://example.org/stkg/id/obs_rel_T90_BTR80_20260205T224339Z_428_e_c	http://example.org/stkg/subjectEntity	http://example.org/stkg/id/platform_T90
http://example.org/stkg/id/obs_rel_T90_BTR80_20260205T224339Z_428_e_c	http://example.org/stkg/objectEntity	http://example.org/stkg/id/platform_BTR80
http://example.org/stkg/id/obs_rel_T90_BTR80_20260205T224339Z_428_e_c	http://example.org/stkg/relationType	http://example.org/stkg/id/relation_behind_of
http://example.org/stkg/id/obs_rel_T90_BTR80_20260205T224339Z_428_e_c	http://example.org/stkg/time	"2026-02-05T22:43:39Z"^^<http://www.w3.org/2001/XMLSchema#dateTime>
http://example.org/stkg/id/obs_rel_BTR80_K2BlackPanther_20260205T224340Z_429_c_d	http://www.w3.org/1999/02/22-rdf-syntax-ns#type	http://example.org/stkg/id/SpatialRelationObservation
http://example.org/stkg/id/obs_rel_BTR80_K2BlackPanther_20260205T224340Z_429_c_d	http://example.org/stkg/subjectEntity	http://example.org/stkg/id/platform_BTR80
http://example.org/stkg/id/obs_rel_BTR80_K2BlackPanther_20260205T224340Z_429_c_d	http://example.org/stkg/objectEntity	http://example.org/stkg/id/platform_K2BlackPanther
http://example.org/stkg/id/obs_rel_BTR80_K2BlackPanther_20260205T224340Z_429_c_d	http://example.org/stkg/relationType	http://example.org/stkg/id/relation_ahead_of
http://example.org/stkg/id/obs_rel_BTR80_K2BlackPanther_20260205T224340Z_429_c_d	http://example.org/stkg/time	"2026-02-05T22:43:40Z"^^<http://www.w3.org/2001/XMLSchema#dateTime>
http://example.org/stkg/id/obs_rel_K2BlackPanther_BTR80_20260205T224340Z_429_d_c	http://www.w3.org/1999/02/22-rdf-syntax-ns#type	http://example.org/stkg/id/SpatialRelationObservation
http://example.org/stkg/id/obs_rel_K2BlackPanther_BTR80_20260205T224340Z_429_d_c	http://example.org/stkg/subjectEntity	http://example.org/stkg/id/platform_K2BlackPanther
http://example.org/stkg/id/obs_rel_K2BlackPanther_BTR80_20260205T224340Z_429_d_c	http://example.org/stkg/objectEntity	http://example.org/stkg/id/platform_BTR80
http://example.org/stkg/id/obs_rel_K2BlackPanther_BTR80_20260205T224340Z_429_d_c	http://example.org/stkg/relationType	http://example.org/stkg/id/relation_behind_of
http://example.org/stkg/id/obs_rel_K2BlackPanther_BTR80_20260205T224340Z_429_d_c	http://example.org/stkg/time	"2026-02-05T22:43:40Z"^^<http://www.w3.org/2001/XMLSchema#dateTime>
http://example.org/stkg/id/obs_rel_K2BlackPanther_T90_20260205T224340Z_429_d_e	http://www.w3.org/1999/02/22-rdf-syntax-ns#type	http://example.org/stkg/id/SpatialRelationObservation
http://example.org/stkg/id/obs_rel_K2BlackPanther_T90_20260205T224340Z_429_d_e	http://example.org/stkg/subjectEntity	http://example.org/stkg/id/platform_K2BlackPanther
http://example.org/stkg/id/obs_rel_K2BlackPanther_T90_20260205T224340Z_429_d_e	http://example.org/stkg/objectEntity	http://example.org/stkg/id/platform_T90
http://example.org/stkg/id/obs_rel_K2BlackPanther_T90_20260205T224340Z_429_d_e	http://example.org/stkg/relationType	http://example.org/stkg/id/relation_ahead_of
http://example.org/stkg/id/obs_rel_K2BlackPanther_T90_20260205T224340Z_429_d_e	http://example.org/stkg/time	"2026-02-05T22:43:40Z"^^<http://www.w3.org/2001/XMLSchema#dateTime>
http://example.org/stkg/id/obs_rel_T90_K2BlackPanther_20260205T224340Z_429_e_d	http://www.w3.org/1999/02/22-rdf-syntax-ns#type	http://example.org/stkg/id/SpatialRelationObservation
http://example.org/stkg/id/obs_rel_T90_K2BlackPanther_20260205T224340Z_429_e_d	http://example.org/stkg/subjectEntity	http://example.org/stkg/id/platform_T90
http://example.org/stkg/id/obs_rel_T90_K2BlackPanther_20260205T224340Z_429_e_d	http://example.org/stkg/objectEntity	http://example.org/stkg/id/platform_K2BlackPanther
http://example.org/stkg/id/obs_rel_T90_K2BlackPanther_20260205T224340Z_429_e_d	http://example.org/stkg/relationType	http://example.org/stkg/id/relation_behind_of
http://example.org/stkg/id/obs_rel_T90_K2BlackPanther_20260205T224340Z_429_e_d	http://example.org/stkg/time	"2026-02-05T22:43:40Z"^^<http://www.w3.org/2001/XMLSchema#dateTime>
http://example.org/stkg/id/obs_rel_BTR80_T90_20260205T224340Z_429_c_e	http://www.w3.org/1999/02/22-rdf-syntax-ns#type	http://example.org/stkg/id/SpatialRelationObservation
http://example.org/stkg/id/obs_rel_BTR80_T90_20260205T224340Z_429_c_e	http://example.org/stkg/subjectEntity	http://example.org/stkg/id/platform_BTR80
http://example.org/stkg/id/obs_rel_BTR80_T90_20260205T224340Z_429_c_e	http://example.org/stkg/objectEntity	http://example.org/stkg/id/platform_T90
http://example.org/stkg/id/obs_rel_BTR80_T90_20260205T224340Z_429_c_e	http://example.org/stkg/relationType	http://example.org/stkg/id/relation_ahead_of
http://example.org/stkg/id/obs_rel_BTR80_T90_20260205T224340Z_429_c_e	http://example.org/stkg/time	"2026-02-05T22:43:40Z"^^<http://www.w3.org/2001/XMLSchema#dateTime>
http://example.org/stkg/id/obs_rel_T90_BTR80_20260205T224340Z_429_e_c	http://www.w3.org/1999/02/22-rdf-syntax-ns#type	http://example.org/stkg/id/SpatialRelationObservation
http://example.org/stkg/id/obs_rel_T90_BTR80_20260205T224340Z_429_e_c	http://example.org/stkg/subjectEntity	http://example.org/stkg/id/platform_T90
http://example.org/stkg/id/obs_rel_T90_BTR80_20260205T224340Z_429_e_c	http://example.org/stkg/objectEntity	http://example.org/stkg/id/platform_BTR80
http://example.org/stkg/id/obs_rel_T90_BTR80_20260205T224340Z_429_e_c	http://example.org/stkg/relationType	http://example.org/stkg/id/relation_behind_of
http://example.org/stkg/id/obs_rel_T90_BTR80_20260205T224340Z_429_e_c	http://example.org/stkg/time	"2026-02-05T22:43:40Z"^^<http://www.w3.org/2001/XMLSchema#dateTime>
http://example.org/stkg/id/obs_rel_BTR80_K2BlackPanther_20260205T224341Z_430_c_d	http://www.w3.org/1999/02/22-rdf-syntax-ns#type	http://example.org/stkg/id/SpatialRelationObservation
http://example.org/stkg/id/obs_rel_BTR80_K2BlackPanther_20260205T224341Z_430_c_d	http://example.org/stkg/subjectEntity	http://example.org/stkg/id/platform_BTR80
http://example.org/stkg/id/obs_rel_BTR80_K2BlackPanther_20260205T224341Z_430_c_d	http://example.org/stkg/objectEntity	http://example.org/stkg/id/platform_K2BlackPanther
http://example.org/stkg/id/obs_rel_BTR80_K2BlackPanther_20260205T224341Z_430_c_d	http://example.org/stkg/relationType	http://example.org/stkg/id/relation_ahead_of
http://example.org/stkg/id/obs_rel_BTR80_K2BlackPanther_20260205T224341Z_430_c_d	http://example.org/stkg/time	"2026-02-05T22:43:41Z"^^<http://www.w3.org/2001/XMLSchema#dateTime>
http://example.org/stkg/id/obs_rel_K2BlackPanther_BTR80_20260205T224341Z_430_d_c	http://www.w3.org/1999/02/22-rdf-syntax-ns#type	http://example.org/stkg/id/SpatialRelationObservation
http://example.org/stkg/id/obs_rel_K2BlackPanther_BTR80_20260205T224341Z_430_d_c	http://example.org/stkg/subjectEntity	http://example.org/stkg/id/platform_K2BlackPanther
http://example.org/stkg/id/obs_rel_K2BlackPanther_BTR80_20260205T224341Z_430_d_c	http://example.org/stkg/objectEntity	http://example.org/stkg/id/platform_BTR80
http://example.org/stkg/id/obs_rel_K2BlackPanther_BTR80_20260205T224341Z_430_d_c	http://example.org/stkg/relationType	http://example.org/stkg/id/relation_behind_of
http://example.org/stkg/id/obs_rel_K2BlackPanther_BTR80_20260205T224341Z_430_d_c	http://example.org/stkg/time	"2026-02-05T22:43:41Z"^^<http://www.w3.org/2001/XMLSchema#dateTime>
http://example.org/stkg/id/obs_rel_K2BlackPanther_T90_20260205T224341Z_430_d_e	http://www.w3.org/1999/02/22-rdf-syntax-ns#type	http://example.org/stkg/id/SpatialRelationObservation
http://example.org/stkg/id/obs_rel_K2BlackPanther_T90_20260205T224341Z_430_d_e	http://example.org/stkg/subjectEntity	http://example.org/stkg/id/platform_K2BlackPanther
http://example.org/stkg/id/obs_rel_K2BlackPanther_T90_20260205T224341Z_430_d_e	http://example.org/stkg/objectEntity	http://example.org/stkg/id/platform_T90
http://example.org/stkg/id/obs_rel_K2BlackPanther_T90_20260205T224341Z_430_d_e	http://example.org/stkg/relationType	http://example.org/stkg/id/relation_ahead_of
http://example.org/stkg/id/obs_rel_K2BlackPanther_T90_20260205T224341Z_430_d_e	http://example.org/stkg/time	"2026-02-05T22:43:41Z"^^<http://www.w3.org/2001/XMLSchema#dateTime>
http://example.org/stkg/id/obs_rel_T90_K2BlackPanther_20260205T224341Z_430_e_d	http://www.w3.org/1999/02/22-rdf-syntax-ns#type	http://example.org/stkg/id/SpatialRelationObservation
http://example.org/stkg/id/obs_rel_T90_K2BlackPanther_20260205T224341Z_430_e_d	http://example.org/stkg/subjectEntity	http://example.org/stkg/id/platform_T90
http://example.org/stkg/id/obs_rel_T90_K2BlackPanther_20260205T224341Z_430_e_d	http://example.org/stkg/objectEntity	http://example.org/stkg/id/platform_K2BlackPanther
http://example.org/stkg/id/obs_rel_T90_K2BlackPanther_20260205T224341Z_430_e_d	http://example.org/stkg/relationType	http://example.org/stkg/id/relation_behind_of
http://example.org/stkg/id/obs_rel_T90_K2BlackPanther_20260205T224341Z_430_e_d	http://example.org/stkg/time	"2026-02-05T22:43:41Z"^^<http://www.w3.org/2001/XMLSchema#dateTime>
http://example.org/stkg/id/obs_rel_BTR80_T90_20260205T224341Z_430_c_e	http://www.w3.org/1999/02/22-rdf-syntax-ns#type	http://example.org/stkg/id/SpatialRelationObservation
http://example.org/stkg/id/obs_rel_BTR80_T90_20260205T224341Z_430_c_e	http://example.org/stkg/subjectEntity	http://example.org/stkg/id/platform_BTR80
http://example.org/stkg/id/obs_rel_BTR80_T90_20260205T224341Z_430_c_e	http://example.org/stkg/objectEntity	http://example.org/stkg/id/platform_T90
http://example.org/stkg/id/obs_rel_BTR80_T90_20260205T224341Z_430_c_e	http://example.org/stkg/relationType	http://example.org/stkg/id/relation_ahead_of
http://example.org/stkg/id/obs_rel_BTR80_T90_20260205T224341Z_430_c_e	http://example.org/stkg/time	"2026-02-05T22:43:41Z"^^<http://www.w3.org/2001/XMLSchema#dateTime>
http://example.org/stkg/id/obs_rel_T90_BTR80_20260205T224341Z_430_e_c	http://www.w3.org/1999/02/22-rdf-syntax-ns#type	http://example.org/stkg/id/SpatialRelationObservation
http://example.org/stkg/id/obs_rel_T90_BTR80_20260205T224341Z_430_e_c	http://example.org/stkg/subjectEntity	http://example.org/stkg/id/platform_T90
http://example.org/stkg/id/obs_rel_T90_BTR80_20260205T224341Z_430_e_c	http://example.org/stkg/objectEntity	http://example.org/stkg/id/platform_BTR80
http://example.org/stkg/id/obs_rel_T90_BTR80_20260205T224341Z_430_e_c	http://example.org/stkg/relationType	http://example.org/stkg/id/relation_behind_of
http://example.org/stkg/id/obs_rel_T90_BTR80_20260205T224341Z_430_e_c	http://example.org/stkg/time	"2026-02-05T22:43:41Z"^^<http://www.w3.org/2001/XMLSchema#dateTime>
http://example.org/stkg/id/obs_rel_BTR80_K2BlackPanther_20260205T224342Z_431_c_d	http://www.w3.org/1999/02/22-rdf-syntax-ns#type	http://example.org/stkg/id/SpatialRelationObservation
http://example.org/stkg/id/obs_rel_BTR80_K2BlackPanther_20260205T224342Z_431_c_d	http://example.org/stkg/subjectEntity	http://example.org/stkg/id/platform_BTR80
http://example.org/stkg/id/obs_rel_BTR80_K2BlackPanther_20260205T224342Z_431_c_d	http://example.org/stkg/objectEntity	http://example.org/stkg/id/platform_K2BlackPanther
http://example.org/stkg/id/obs_rel_BTR80_K2BlackPanther_20260205T224342Z_431_c_d	http://example.org/stkg/relationType	http://example.org/stkg/id/relation_ahead_of
http://example.org/stkg/id/obs_rel_BTR80_K2BlackPanther_20260205T224342Z_431_c_d	http://example.org/stkg/time	"2026-02-05T22:43:42Z"^^<http://www.w3.org/2001/XMLSchema#dateTime>
http://example.org/stkg/id/obs_rel_K2BlackPanther_BTR80_20260205T224342Z_431_d_c	http://www.w3.org/1999/02/22-rdf-syntax-ns#type	http://example.org/stkg/id/SpatialRelationObservation
http://example.org/stkg/id/obs_rel_K2BlackPanther_BTR80_20260205T224342Z_431_d_c	http://example.org/stkg/subjectEntity	http://example.org/stkg/id/platform_K2BlackPanther
http://example.org/stkg/id/obs_rel_K2BlackPanther_BTR80_20260205T224342Z_431_d_c	http://example.org/stkg/objectEntity	http://example.org/stkg/id/platform_BTR80
http://example.org/stkg/id/obs_rel_K2BlackPanther_BTR80_20260205T224342Z_431_d_c	http://example.org/stkg/relationType	http://example.org/stkg/id/relation_behind_of
http://example.org/stkg/id/obs_rel_K2BlackPanther_BTR80_20260205T224342Z_431_d_c	http://example.org/stkg/time	"2026-02-05T22:43:42Z"^^<http://www.w3.org/2001/XMLSchema#dateTime>
http://example.org/stkg/id/obs_rel_K2BlackPanther_T90_20260205T224342Z_431_d_e	http://www.w3.org/1999/02/22-rdf-syntax-ns#type	http://example.org/stkg/id/SpatialRelationObservation
http://example.org/stkg/id/obs_rel_K2BlackPanther_T90_20260205T224342Z_431_d_e	http://example.org/stkg/subjectEntity	http://example.org/stkg/id/platform_K2BlackPanther
http://example.org/stkg/id/obs_rel_K2BlackPanther_T90_20260205T224342Z_431_d_e	http://example.org/stkg/objectEntity	http://example.org/stkg/id/platform_T90
http://example.org/stkg/id/obs_rel_K2BlackPanther_T90_20260205T224342Z_431_d_e	http://example.org/stkg/relationType	http://example.org/stkg/id/relation_ahead_of
http://example.org/stkg/id/obs_rel_K2BlackPanther_T90_20260205T224342Z_431_d_e	http://example.org/stkg/time	"2026-02-05T22:43:42Z"^^<http://www.w3.org/2001/XMLSchema#dateTime>
http://example.org/stkg/id/obs_rel_T90_K2BlackPanther_20260205T224342Z_431_e_d	http://www.w3.org/1999/02/22-rdf-syntax-ns#type	http://example.org/stkg/id/SpatialRelationObservation
http://example.org/stkg/id/obs_rel_T90_K2BlackPanther_20260205T224342Z_431_e_d	http://example.org/stkg/subjectEntity	http://example.org/stkg/id/platform_T90
http://example.org/stkg/id/obs_rel_T90_K2BlackPanther_20260205T224342Z_431_e_d	http://example.org/stkg/objectEntity	http://example.org/stkg/id/platform_K2BlackPanther
http://example.org/stkg/id/obs_rel_T90_K2BlackPanther_20260205T224342Z_431_e_d	http://example.org/stkg/relationType	http://example.org/stkg/id/relation_behind_of
http://example.org/stkg/id/obs_rel_T90_K2BlackPanther_20260205T224342Z_431_e_d	http://example.org/stkg/time	"2026-02-05T22:43:42Z"^^<http://www.w3.org/2001/XMLSchema#dateTime>
http://example.org/stkg/id/obs_rel_BTR80_T90_20260205T224342Z_431_c_e	http://www.w3.org/1999/02/22-rdf-syntax-ns#type	http://example.org/stkg/id/SpatialRelationObservation
http://example.org/stkg/id/obs_rel_BTR80_T90_20260205T224342Z_431_c_e	http://example.org/stkg/subjectEntity	http://example.org/stkg/id/platform_BTR80
http://example.org/stkg/id/obs_rel_BTR80_T90_20260205T224342Z_431_c_e	http://example.org/stkg/objectEntity	http://example.org/stkg/id/platform_T90
http://example.org/stkg/id/obs_rel_BTR80_T90_20260205T224342Z_431_c_e	http://example.org/stkg/relationType	http://example.org/stkg/id/relation_ahead_of
http://example.org/stkg/id/obs_rel_BTR80_T90_20260205T224342Z_431_c_e	http://example.org/stkg/time	"2026-02-05T22:43:42Z"^^<http://www.w3.org/2001/XMLSchema#dateTime>
http://example.org/stkg/id/obs_rel_T90_BTR80_20260205T224342Z_431_e_c	http://www.w3.org/1999/02/22-rdf-syntax-ns#type	http://example.org/stkg/id/SpatialRelationObservation
http://example.org/stkg/id/obs_rel_T90_BTR80_20260205T224342Z_431_e_c	http://example.org/stkg/subjectEntity	http://example.org/stkg/id/platform_T90
http://example.org/stkg/id/obs_rel_T90_BTR80_20260205T224342Z_431_e_c	http://example.org/stkg/objectEntity	http://example.org/stkg/id/platform_BTR80
http://example.org/stkg/id/obs_rel_T90_BTR80_20260205T224342Z_431_e_c	http://example.org/stkg/relationType	http://example.org/stkg/id/relation_behind_of
http://example.org/stkg/id/obs_rel_T90_BTR80_20260205T224342Z_431_e_c	http://example.org/stkg/time	"2026-02-05T22:43:42Z"^^<http://www.w3.org/2001/XMLSchema#dateTime>
http://example.org/stkg/id/obs_rel_BTR80_K2BlackPanther_20260205T224343Z_432_c_d	http://www.w3.org/1999/02/22-rdf-syntax-ns#type	http://example.org/stkg/id/SpatialRelationObservation
http://example.org/stkg/id/obs_rel_BTR80_K2BlackPanther_20260205T224343Z_432_c_d	http://example.org/stkg/subjectEntity	http://example.org/stkg/id/platform_BTR80
http://example.org/stkg/id/obs_rel_BTR80_K2BlackPanther_20260205T224343Z_432_c_d	http://example.org/stkg/objectEntity	http://example.org/stkg/id/platform_K2BlackPanther
http://example.org/stkg/id/obs_rel_BTR80_K2BlackPanther_20260205T224343Z_432_c_d	http://example.org/stkg/relationType	http://example.org/stkg/id/relation_ahead_of
http://example.org/stkg/id/obs_rel_BTR80_K2BlackPanther_20260205T224343Z_432_c_d	http://example.org/stkg/time	"2026-02-05T22:43:43Z"^^<http://www.w3.org/2001/XMLSchema#dateTime>
http://example.org/stkg/id/obs_rel_K2BlackPanther_BTR80_20260205T224343Z_432_d_c	http://www.w3.org/1999/02/22-rdf-syntax-ns#type	http://example.org/stkg/id/SpatialRelationObservation
http://example.org/stkg/id/obs_rel_K2BlackPanther_BTR80_20260205T224343Z_432_d_c	http://example.org/stkg/subjectEntity	http://example.org/stkg/id/platform_K2BlackPanther
http://example.org/stkg/id/obs_rel_K2BlackPanther_BTR80_20260205T224343Z_432_d_c	http://example.org/stkg/objectEntity	http://example.org/stkg/id/platform_BTR80
http://example.org/stkg/id/obs_rel_K2BlackPanther_BTR80_20260205T224343Z_432_d_c	http://example.org/stkg/relationType	http://example.org/stkg/id/relation_behind_of
http://example.org/stkg/id/obs_rel_K2BlackPanther_BTR80_20260205T224343Z_432_d_c	http://example.org/stkg/time	"2026-02-05T22:43:43Z"^^<http://www.w3.org/2001/XMLSchema#dateTime>
http://example.org/stkg/id/obs_rel_K2BlackPanther_T90_20260205T224343Z_432_d_e	http://www.w3.org/1999/02/22-rdf-syntax-ns#type	http://example.org/stkg/id/SpatialRelationObservation
http://example.org/stkg/id/obs_rel_K2BlackPanther_T90_20260205T224343Z_432_d_e	http://example.org/stkg/subjectEntity	http://example.org/stkg/id/platform_K2BlackPanther
http://example.org/stkg/id/obs_rel_K2BlackPanther_T90_20260205T224343Z_432_d_e	http://example.org/stkg/objectEntity	http://example.org/stkg/id/platform_T90
http://example.org/stkg/id/obs_rel_K2BlackPanther_T90_20260205T224343Z_432_d_e	http://example.org/stkg/relationType	http://example.org/stkg/id/relation_ahead_of
http://example.org/stkg/id/obs_rel_K2BlackPanther_T90_20260205T224343Z_432_d_e	http://example.org/stkg/time	"2026-02-05T22:43:43Z"^^<http://www.w3.org/2001/XMLSchema#dateTime>
http://example.org/stkg/id/obs_rel_T90_K2BlackPanther_20260205T224343Z_432_e_d	http://www.w3.org/1999/02/22-rdf-syntax-ns#type	http://example.org/stkg/id/SpatialRelationObservation
http://example.org/stkg/id/obs_rel_T90_K2BlackPanther_20260205T224343Z_432_e_d	http://example.org/stkg/subjectEntity	http://example.org/stkg/id/platform_T90
http://example.org/stkg/id/obs_rel_T90_K2BlackPanther_20260205T224343Z_432_e_d	http://example.org/stkg/objectEntity	http://example.org/stkg/id/platform_K2BlackPanther
http://example.org/stkg/id/obs_rel_T90_K2BlackPanther_20260205T224343Z_432_e_d	http://example.org/stkg/relationType	http://example.org/stkg/id/relation_behind_of
http://example.org/stkg/id/obs_rel_T90_K2BlackPanther_20260205T224343Z_432_e_d	http://example.org/stkg/time	"2026-02-05T22:43:43Z"^^<http://www.w3.org/2001/XMLSchema#dateTime>
http://example.org/stkg/id/obs_rel_BTR80_T90_20260205T224343Z_432_c_e	http://www.w3.org/1999/02/22-rdf-syntax-ns#type	http://example.org/stkg/id/SpatialRelationObservation
http://example.org/stkg/id/obs_rel_BTR80_T90_20260205T224343Z_432_c_e	http://example.org/stkg/subjectEntity	http://example.org/stkg/id/platform_BTR80
http://example.org/stkg/id/obs_rel_BTR80_T90_20260205T224343Z_432_c_e	http://example.org/stkg/objectEntity	http://example.org/stkg/id/platform_T90
http://example.org/stkg/id/obs_rel_BTR80_T90_20260205T224343Z_432_c_e	http://example.org/stkg/relationType	http://example.org/stkg/id/relation_ahead_of
http://example.org/stkg/id/obs_rel_BTR80_T90_20260205T224343Z_432_c_e	http://example.org/stkg/time	"2026-02-05T22:43:43Z"^^<http://www.w3.org/2001/XMLSchema#dateTime>
http://example.org/stkg/id/obs_rel_T90_BTR80_20260205T224343Z_432_e_c	http://www.w3.org/1999/02/22-rdf-syntax-ns#type	http://example.org/stkg/id/SpatialRelationObservation
http://example.org/stkg/id/obs_rel_T90_BTR80_20260205T224343Z_432_e_c	http://example.org/stkg/subjectEntity	http://example.org/stkg/id/platform_T90
http://example.org/stkg/id/obs_rel_T90_BTR80_20260205T224343Z_432_e_c	http://example.org/stkg/objectEntity	http://example.org/stkg/id/platform_BTR80
http://example.org/stkg/id/obs_rel_T90_BTR80_20260205T224343Z_432_e_c	http://example.org/stkg/relationType	http://example.org/stkg/id/relation_behind_of
http://example.org/stkg/id/obs_rel_T90_BTR80_20260205T224343Z_432_e_c	http://example.org/stkg/time	"2026-02-05T22:43:43Z"^^<http://www.w3.org/2001/XMLSchema#dateTime>
http://example.org/stkg/id/obs_rel_BTR80_K2BlackPanther_20260205T224344Z_433_c_d	http://www.w3.org/1999/02/22-rdf-syntax-ns#type	http://example.org/stkg/id/SpatialRelationObservation
http://example.org/stkg/id/obs_rel_BTR80_K2BlackPanther_20260205T224344Z_433_c_d	http://example.org/stkg/subjectEntity	http://example.org/stkg/id/platform_BTR80
http://example.org/stkg/id/obs_rel_BTR80_K2BlackPanther_20260205T224344Z_433_c_d	http://example.org/stkg/objectEntity	http://example.org/stkg/id/platform_K2BlackPanther
http://example.org/stkg/id/obs_rel_BTR80_K2BlackPanther_20260205T224344Z_433_c_d	http://example.org/stkg/relationType	http://example.org/stkg/id/relation_ahead_of
http://example.org/stkg/id/obs_rel_BTR80_K2BlackPanther_20260205T224344Z_433_c_d	http://example.org/stkg/time	"2026-02-05T22:43:44Z"^^<http://www.w3.org/2001/XMLSchema#dateTime>
http://example.org/stkg/id/obs_rel_K2BlackPanther_BTR80_20260205T224344Z_433_d_c	http://www.w3.org/1999/02/22-rdf-syntax-ns#type	http://example.org/stkg/id/SpatialRelationObservation
http://example.org/stkg/id/obs_rel_K2BlackPanther_BTR80_20260205T224344Z_433_d_c	http://example.org/stkg/subjectEntity	http://example.org/stkg/id/platform_K2BlackPanther
http://example.org/stkg/id/obs_rel_K2BlackPanther_BTR80_20260205T224344Z_433_d_c	http://example.org/stkg/objectEntity	http://example.org/stkg/id/platform_BTR80
http://example.org/stkg/id/obs_rel_K2BlackPanther_BTR80_20260205T224344Z_433_d_c	http://example.org/stkg/relationType	http://example.org/stkg/id/relation_behind_of
http://example.org/stkg/id/obs_rel_K2BlackPanther_BTR80_20260205T224344Z_433_d_c	http://example.org/stkg/time	"2026-02-05T22:43:44Z"^^<http://www.w3.org/2001/XMLSchema#dateTime>
http://example.org/stkg/id/obs_rel_K2BlackPanther_T90_20260205T224344Z_433_d_e	http://www.w3.org/1999/02/22-rdf-syntax-ns#type	http://example.org/stkg/id/SpatialRelationObservation
http://example.org/stkg/id/obs_rel_K2BlackPanther_T90_20260205T224344Z_433_d_e	http://example.org/stkg/subjectEntity	http://example.org/stkg/id/platform_K2BlackPanther
http://example.org/stkg/id/obs_rel_K2BlackPanther_T90_20260205T224344Z_433_d_e	http://example.org/stkg/objectEntity	http://example.org/stkg/id/platform_T90
http://example.org/stkg/id/obs_rel_K2BlackPanther_T90_20260205T224344Z_433_d_e	http://example.org/stkg/relationType	http://example.org/stkg/id/relation_ahead_of
http://example.org/stkg/id/obs_rel_K2BlackPanther_T90_20260205T224344Z_433_d_e	http://example.org/stkg/time	"2026-02-05T22:43:44Z"^^<http://www.w3.org/2001/XMLSchema#dateTime>
http://example.org/stkg/id/obs_rel_T90_K2BlackPanther_20260205T224344Z_433_e_d	http://www.w3.org/1999/02/22-rdf-syntax-ns#type	http://example.org/stkg/id/SpatialRelationObservation
http://example.org/stkg/id/obs_rel_T90_K2BlackPanther_20260205T224344Z_433_e_d	http://example.org/stkg/subjectEntity	http://example.org/stkg/id/platform_T90
http://example.org/stkg/id/obs_rel_T90_K2BlackPanther_20260205T224344Z_433_e_d	http://example.org/stkg/objectEntity	http://example.org/stkg/id/platform_K2BlackPanther
http://example.org/stkg/id/obs_rel_T90_K2BlackPanther_20260205T224344Z_433_e_d	http://example.org/stkg/relationType	http://example.org/stkg/id/relation_behind_of
http://example.org/stkg/id/obs_rel_T90_K2BlackPanther_20260205T224344Z_433_e_d	http://example.org/stkg/time	"2026-02-05T22:43:44Z"^^<http://www.w3.org/2001/XMLSchema#dateTime>
http://example.org/stkg/id/obs_rel_BTR80_T90_20260205T224344Z_433_c_e	http://www.w3.org/1999/02/22-rdf-syntax-ns#type	http://example.org/stkg/id/SpatialRelationObservation
http://example.org/stkg/id/obs_rel_BTR80_T90_20260205T224344Z_433_c_e	http://example.org/stkg/subjectEntity	http://example.org/stkg/id/platform_BTR80
http://example.org/stkg/id/obs_rel_BTR80_T90_20260205T224344Z_433_c_e	http://example.org/stkg/objectEntity	http://example.org/stkg/id/platform_T90
http://example.org/stkg/id/obs_rel_BTR80_T90_20260205T224344Z_433_c_e	http://example.org/stkg/relationType	http://example.org/stkg/id/relation_ahead_of
http://example.org/stkg/id/obs_rel_BTR80_T90_20260205T224344Z_433_c_e	http://example.org/stkg/time	"2026-02-05T22:43:44Z"^^<http://www.w3.org/2001/XMLSchema#dateTime>
http://example.org/stkg/id/obs_rel_T90_BTR80_20260205T224344Z_433_e_c	http://www.w3.org/1999/02/22-rdf-syntax-ns#type	http://example.org/stkg/id/SpatialRelationObservation
http://example.org/stkg/id/obs_rel_T90_BTR80_20260205T224344Z_433_e_c	http://example.org/stkg/subjectEntity	http://example.org/stkg/id/platform_T90
http://example.org/stkg/id/obs_rel_T90_BTR80_20260205T224344Z_433_e_c	http://example.org/stkg/objectEntity	http://example.org/stkg/id/platform_BTR80
http://example.org/stkg/id/obs_rel_T90_BTR80_20260205T224344Z_433_e_c	http://example.org/stkg/relationType	http://example.org/stkg/id/relation_behind_of
http://example.org/stkg/id/obs_rel_T90_BTR80_20260205T224344Z_433_e_c	http://example.org/stkg/time	"2026-02-05T22:43:44Z"^^<http://www.w3.org/2001/XMLSchema#dateTime>
http://example.org/stkg/id/obs_rel_BTR80_K2BlackPanther_20260205T224345Z_434_c_d	http://www.w3.org/1999/02/22-rdf-syntax-ns#type	http://example.org/stkg/id/SpatialRelationObservation
http://example.org/stkg/id/obs_rel_BTR80_K2BlackPanther_20260205T224345Z_434_c_d	http://example.org/stkg/subjectEntity	http://example.org/stkg/id/platform_BTR80
http://example.org/stkg/id/obs_rel_BTR80_K2BlackPanther_20260205T224345Z_434_c_d	http://example.org/stkg/objectEntity	http://example.org/stkg/id/platform_K2BlackPanther
http://example.org/stkg/id/obs_rel_BTR80_K2BlackPanther_20260205T224345Z_434_c_d	http://example.org/stkg/relationType	http://example.org/stkg/id/relation_ahead_of
http://example.org/stkg/id/obs_rel_BTR80_K2BlackPanther_20260205T224345Z_434_c_d	http://example.org/stkg/time	"2026-02-05T22:43:45Z"^^<http://www.w3.org/2001/XMLSchema#dateTime>
http://example.org/stkg/id/obs_rel_K2BlackPanther_BTR80_20260205T224345Z_434_d_c	http://www.w3.org/1999/02/22-rdf-syntax-ns#type	http://example.org/stkg/id/SpatialRelationObservation
http://example.org/stkg/id/obs_rel_K2BlackPanther_BTR80_20260205T224345Z_434_d_c	http://example.org/stkg/subjectEntity	http://example.org/stkg/id/platform_K2BlackPanther
http://example.org/stkg/id/obs_rel_K2BlackPanther_BTR80_20260205T224345Z_434_d_c	http://example.org/stkg/objectEntity	http://example.org/stkg/id/platform_BTR80
http://example.org/stkg/id/obs_rel_K2BlackPanther_BTR80_20260205T224345Z_434_d_c	http://example.org/stkg/relationType	http://example.org/stkg/id/relation_behind_of
http://example.org/stkg/id/obs_rel_K2BlackPanther_BTR80_20260205T224345Z_434_d_c	http://example.org/stkg/time	"2026-02-05T22:43:45Z"^^<http://www.w3.org/2001/XMLSchema#dateTime>
http://example.org/stkg/id/obs_rel_K2BlackPanther_T90_20260205T224345Z_434_d_e	http://www.w3.org/1999/02/22-rdf-syntax-ns#type	http://example.org/stkg/id/SpatialRelationObservation
http://example.org/stkg/id/obs_rel_K2BlackPanther_T90_20260205T224345Z_434_d_e	http://example.org/stkg/subjectEntity	http://example.org/stkg/id/platform_K2BlackPanther
http://example.org/stkg/id/obs_rel_K2BlackPanther_T90_20260205T224345Z_434_d_e	http://example.org/stkg/objectEntity	http://example.org/stkg/id/platform_T90
http://example.org/stkg/id/obs_rel_K2BlackPanther_T90_20260205T224345Z_434_d_e	http://example.org/stkg/relationType	http://example.org/stkg/id/relation_ahead_of
http://example.org/stkg/id/obs_rel_K2BlackPanther_T90_20260205T224345Z_434_d_e	http://example.org/stkg/time	"2026-02-05T22:43:45Z"^^<http://www.w3.org/2001/XMLSchema#dateTime>
http://example.org/stkg/id/obs_rel_T90_K2BlackPanther_20260205T224345Z_434_e_d	http://www.w3.org/1999/02/22-rdf-syntax-ns#type	http://example.org/stkg/id/SpatialRelationObservation
http://example.org/stkg/id/obs_rel_T90_K2BlackPanther_20260205T224345Z_434_e_d	http://example.org/stkg/subjectEntity	http://example.org/stkg/id/platform_T90
http://example.org/stkg/id/obs_rel_T90_K2BlackPanther_20260205T224345Z_434_e_d	http://example.org/stkg/objectEntity	http://example.org/stkg/id/platform_K2BlackPanther
http://example.org/stkg/id/obs_rel_T90_K2BlackPanther_20260205T224345Z_434_e_d	http://example.org/stkg/relationType	http://example.org/stkg/id/relation_behind_of
http://example.org/stkg/id/obs_rel_T90_K2BlackPanther_20260205T224345Z_434_e_d	http://example.org/stkg/time	"2026-02-05T22:43:45Z"^^<http://www.w3.org/2001/XMLSchema#dateTime>
http://example.org/stkg/id/obs_rel_BTR80_T90_20260205T224345Z_434_c_e	http://www.w3.org/1999/02/22-rdf-syntax-ns#type	http://example.org/stkg/id/SpatialRelationObservation
http://example.org/stkg/id/obs_rel_BTR80_T90_20260205T224345Z_434_c_e	http://example.org/stkg/subjectEntity	http://example.org/stkg/id/platform_BTR80
http://example.org/stkg/id/obs_rel_BTR80_T90_20260205T224345Z_434_c_e	http://example.org/stkg/objectEntity	http://example.org/stkg/id/platform_T90
http://example.org/stkg/id/obs_rel_BTR80_T90_20260205T224345Z_434_c_e	http://example.org/stkg/relationType	http://example.org/stkg/id/relation_ahead_of
http://example.org/stkg/id/obs_rel_BTR80_T90_20260205T224345Z_434_c_e	http://example.org/stkg/time	"2026-02-05T22:43:45Z"^^<http://www.w3.org/2001/XMLSchema#dateTime>
http://example.org/stkg/id/obs_rel_T90_BTR80_20260205T224345Z_434_e_c	http://www.w3.org/1999/02/22-rdf-syntax-ns#type	http://example.org/stkg/id/SpatialRelationObservation
http://example.org/stkg/id/obs_rel_T90_BTR80_20260205T224345Z_434_e_c	http://example.org/stkg/subjectEntity	http://example.org/stkg/id/platform_T90
http://example.org/stkg/id/obs_rel_T90_BTR80_20260205T224345Z_434_e_c	http://example.org/stkg/objectEntity	http://example.org/stkg/id/platform_BTR80
http://example.org/stkg/id/obs_rel_T90_BTR80_20260205T224345Z_434_e_c	http://example.org/stkg/relationType	http://example.org/stkg/id/relation_behind_of
http://example.org/stkg/id/obs_rel_T90_BTR80_20260205T224345Z_434_e_c	http://example.org/stkg/time	"2026-02-05T22:43:45Z"^^<http://www.w3.org/2001/XMLSchema#dateTime>
http://example.org/stkg/id/obs_rel_BTR80_K2BlackPanther_20260205T224346Z_435_c_d	http://www.w3.org/1999/02/22-rdf-syntax-ns#type	http://example.org/stkg/id/SpatialRelationObservation
http://example.org/stkg/id/obs_rel_BTR80_K2BlackPanther_20260205T224346Z_435_c_d	http://example.org/stkg/subjectEntity	http://example.org/stkg/id/platform_BTR80
http://example.org/stkg/id/obs_rel_BTR80_K2BlackPanther_20260205T224346Z_435_c_d	http://example.org/stkg/objectEntity	http://example.org/stkg/id/platform_K2BlackPanther
http://example.org/stkg/id/obs_rel_BTR80_K2BlackPanther_20260205T224346Z_435_c_d	http://example.org/stkg/relationType	http://example.org/stkg/id/relation_ahead_of
http://example.org/stkg/id/obs_rel_BTR80_K2BlackPanther_20260205T224346Z_435_c_d	http://example.org/stkg/time	"2026-02-05T22:43:46Z"^^<http://www.w3.org/2001/XMLSchema#dateTime>
http://example.org/stkg/id/obs_rel_K2BlackPanther_BTR80_20260205T224346Z_435_d_c	http://www.w3.org/1999/02/22-rdf-syntax-ns#type	http://example.org/stkg/id/SpatialRelationObservation
http://example.org/stkg/id/obs_rel_K2BlackPanther_BTR80_20260205T224346Z_435_d_c	http://example.org/stkg/subjectEntity	http://example.org/stkg/id/platform_K2BlackPanther
http://example.org/stkg/id/obs_rel_K2BlackPanther_BTR80_20260205T224346Z_435_d_c	http://example.org/stkg/objectEntity	http://example.org/stkg/id/platform_BTR80
http://example.org/stkg/id/obs_rel_K2BlackPanther_BTR80_20260205T224346Z_435_d_c	http://example.org/stkg/relationType	http://example.org/stkg/id/relation_behind_of
http://example.org/stkg/id/obs_rel_K2BlackPanther_BTR80_20260205T224346Z_435_d_c	http://example.org/stkg/time	"2026-02-05T22:43:46Z"^^<http://www.w3.org/2001/XMLSchema#dateTime>
http://example.org/stkg/id/obs_rel_K2BlackPanther_T90_20260205T224346Z_435_d_e	http://www.w3.org/1999/02/22-rdf-syntax-ns#type	http://example.org/stkg/id/SpatialRelationObservation
http://example.org/stkg/id/obs_rel_K2BlackPanther_T90_20260205T224346Z_435_d_e	http://example.org/stkg/subjectEntity	http://example.org/stkg/id/platform_K2BlackPanther
http://example.org/stkg/id/obs_rel_K2BlackPanther_T90_20260205T224346Z_435_d_e	http://example.org/stkg/objectEntity	http://example.org/stkg/id/platform_T90
http://example.org/stkg/id/obs_rel_K2BlackPanther_T90_20260205T224346Z_435_d_e	http://example.org/stkg/relationType	http://example.org/stkg/id/relation_ahead_of
http://example.org/stkg/id/obs_rel_K2BlackPanther_T90_20260205T224346Z_435_d_e	http://example.org/stkg/time	"2026-02-05T22:43:46Z"^^<http://www.w3.org/2001/XMLSchema#dateTime>
http://example.org/stkg/id/obs_rel_T90_K2BlackPanther_20260205T224346Z_435_e_d	http://www.w3.org/1999/02/22-rdf-syntax-ns#type	http://example.org/stkg/id/SpatialRelationObservation
http://example.org/stkg/id/obs_rel_T90_K2BlackPanther_20260205T224346Z_435_e_d	http://example.org/stkg/subjectEntity	http://example.org/stkg/id/platform_T90
http://example.org/stkg/id/obs_rel_T90_K2BlackPanther_20260205T224346Z_435_e_d	http://example.org/stkg/objectEntity	http://example.org/stkg/id/platform_K2BlackPanther
http://example.org/stkg/id/obs_rel_T90_K2BlackPanther_20260205T224346Z_435_e_d	http://example.org/stkg/relationType	http://example.org/stkg/id/relation_behind_of
http://example.org/stkg/id/obs_rel_T90_K2BlackPanther_20260205T224346Z_435_e_d	http://example.org/stkg/time	"2026-02-05T22:43:46Z"^^<http://www.w3.org/2001/XMLSchema#dateTime>
http://example.org/stkg/id/obs_rel_BTR80_T90_20260205T224346Z_435_c_e	http://www.w3.org/1999/02/22-rdf-syntax-ns#type	http://example.org/stkg/id/SpatialRelationObservation
http://example.org/stkg/id/obs_rel_BTR80_T90_20260205T224346Z_435_c_e	http://example.org/stkg/subjectEntity	http://example.org/stkg/id/platform_BTR80
http://example.org/stkg/id/obs_rel_BTR80_T90_20260205T224346Z_435_c_e	http://example.org/stkg/objectEntity	http://example.org/stkg/id/platform_T90
http://example.org/stkg/id/obs_rel_BTR80_T90_20260205T224346Z_435_c_e	http://example.org/stkg/relationType	http://example.org/stkg/id/relation_ahead_of
http://example.org/stkg/id/obs_rel_BTR80_T90_20260205T224346Z_435_c_e	http://example.org/stkg/time	"2026-02-05T22:43:46Z"^^<http://www.w3.org/2001/XMLSchema#dateTime>
http://example.org/stkg/id/obs_rel_T90_BTR80_20260205T224346Z_435_e_c	http://www.w3.org/1999/02/22-rdf-syntax-ns#type	http://example.org/stkg/id/SpatialRelationObservation
http://example.org/stkg/id/obs_rel_T90_BTR80_20260205T224346Z_435_e_c	http://example.org/stkg/subjectEntity	http://example.org/stkg/id/platform_T90
http://example.org/stkg/id/obs_rel_T90_BTR80_20260205T224346Z_435_e_c	http://example.org/stkg/objectEntity	http://example.org/stkg/id/platform_BTR80
http://example.org/stkg/id/obs_rel_T90_BTR80_20260205T224346Z_435_e_c	http://example.org/stkg/relationType	http://example.org/stkg/id/relation_behind_of
http://example.org/stkg/id/obs_rel_T90_BTR80_20260205T224346Z_435_e_c	http://example.org/stkg/time	"2026-02-05T22:43:46Z"^^<http://www.w3.org/2001/XMLSchema#dateTime>
http://example.org/stkg/id/obs_rel_BTR80_K2BlackPanther_20260205T224347Z_436_c_d	http://www.w3.org/1999/02/22-rdf-syntax-ns#type	http://example.org/stkg/id/SpatialRelationObservation
http://example.org/stkg/id/obs_rel_BTR80_K2BlackPanther_20260205T224347Z_436_c_d	http://example.org/stkg/subjectEntity	http://example.org/stkg/id/platform_BTR80
http://example.org/stkg/id/obs_rel_BTR80_K2BlackPanther_20260205T224347Z_436_c_d	http://example.org/stkg/objectEntity	http://example.org/stkg/id/platform_K2BlackPanther
http://example.org/stkg/id/obs_rel_BTR80_K2BlackPanther_20260205T224347Z_436_c_d	http://example.org/stkg/relationType	http://example.org/stkg/id/relation_ahead_of
http://example.org/stkg/id/obs_rel_BTR80_K2BlackPanther_20260205T224347Z_436_c_d	http://example.org/stkg/time	"2026-02-05T22:43:47Z"^^<http://www.w3.org/2001/XMLSchema#dateTime>
http://example.org/stkg/id/obs_rel_K2BlackPanther_BTR80_20260205T224347Z_436_d_c	http://www.w3.org/1999/02/22-rdf-syntax-ns#type	http://example.org/stkg/id/SpatialRelationObservation
http://example.org/stkg/id/obs_rel_K2BlackPanther_BTR80_20260205T224347Z_436_d_c	http://example.org/stkg/subjectEntity	http://example.org/stkg/id/platform_K2BlackPanther
http://example.org/stkg/id/obs_rel_K2BlackPanther_BTR80_20260205T224347Z_436_d_c	http://example.org/stkg/objectEntity	http://example.org/stkg/id/platform_BTR80
http://example.org/stkg/id/obs_rel_K2BlackPanther_BTR80_20260205T224347Z_436_d_c	http://example.org/stkg/relationType	http://example.org/stkg/id/relation_behind_of
http://example.org/stkg/id/obs_rel_K2BlackPanther_BTR80_20260205T224347Z_436_d_c	http://example.org/stkg/time	"2026-02-05T22:43:47Z"^^<http://www.w3.org/2001/XMLSchema#dateTime>
http://example.org/stkg/id/obs_rel_K2BlackPanther_T90_20260205T224347Z_436_d_e	http://www.w3.org/1999/02/22-rdf-syntax-ns#type	http://example.org/stkg/id/SpatialRelationObservation
http://example.org/stkg/id/obs_rel_K2BlackPanther_T90_20260205T224347Z_436_d_e	http://example.org/stkg/subjectEntity	http://example.org/stkg/id/platform_K2BlackPanther
http://example.org/stkg/id/obs_rel_K2BlackPanther_T90_20260205T224347Z_436_d_e	http://example.org/stkg/objectEntity	http://example.org/stkg/id/platform_T90
http://example.org/stkg/id/obs_rel_K2BlackPanther_T90_20260205T224347Z_436_d_e	http://example.org/stkg/relationType	http://example.org/stkg/id/relation_ahead_of
http://example.org/stkg/id/obs_rel_K2BlackPanther_T90_20260205T224347Z_436_d_e	http://example.org/stkg/time	"2026-02-05T22:43:47Z"^^<http://www.w3.org/2001/XMLSchema#dateTime>
http://example.org/stkg/id/obs_rel_T90_K2BlackPanther_20260205T224347Z_436_e_d	http://www.w3.org/1999/02/22-rdf-syntax-ns#type	http://example.org/stkg/id/SpatialRelationObservation
http://example.org/stkg/id/obs_rel_T90_K2BlackPanther_20260205T224347Z_436_e_d	http://example.org/stkg/subjectEntity	http://example.org/stkg/id/platform_T90
http://example.org/stkg/id/obs_rel_T90_K2BlackPanther_20260205T224347Z_436_e_d	http://example.org/stkg/objectEntity	http://example.org/stkg/id/platform_K2BlackPanther
http://example.org/stkg/id/obs_rel_T90_K2BlackPanther_20260205T224347Z_436_e_d	http://example.org/stkg/relationType	http://example.org/stkg/id/relation_behind_of
http://example.org/stkg/id/obs_rel_T90_K2BlackPanther_20260205T224347Z_436_e_d	http://example.org/stkg/time	"2026-02-05T22:43:47Z"^^<http://www.w3.org/2001/XMLSchema#dateTime>
http://example.org/stkg/id/obs_rel_BTR80_T90_20260205T224347Z_436_c_e	http://www.w3.org/1999/02/22-rdf-syntax-ns#type	http://example.org/stkg/id/SpatialRelationObservation
http://example.org/stkg/id/obs_rel_BTR80_T90_20260205T224347Z_436_c_e	http://example.org/stkg/subjectEntity	http://example.org/stkg/id/platform_BTR80
http://example.org/stkg/id/obs_rel_BTR80_T90_20260205T224347Z_436_c_e	http://example.org/stkg/objectEntity	http://example.org/stkg/id/platform_T90
http://example.org/stkg/id/obs_rel_BTR80_T90_20260205T224347Z_436_c_e	http://example.org/stkg/relationType	http://example.org/stkg/id/relation_ahead_of
http://example.org/stkg/id/obs_rel_BTR80_T90_20260205T224347Z_436_c_e	http://example.org/stkg/time	"2026-02-05T22:43:47Z"^^<http://www.w3.org/2001/XMLSchema#dateTime>
http://example.org/stkg/id/obs_rel_T90_BTR80_20260205T224347Z_436_e_c	http://www.w3.org/1999/02/22-rdf-syntax-ns#type	http://example.org/stkg/id/SpatialRelationObservation
http://example.org/stkg/id/obs_rel_T90_BTR80_20260205T224347Z_436_e_c	http://example.org/stkg/subjectEntity	http://example.org/stkg/id/platform_T90
http://example.org/stkg/id/obs_rel_T90_BTR80_20260205T224347Z_436_e_c	http://example.org/stkg/objectEntity	http://example.org/stkg/id/platform_BTR80
http://example.org/stkg/id/obs_rel_T90_BTR80_20260205T224347Z_436_e_c	http://example.org/stkg/relationType	http://example.org/stkg/id/relation_behind_of
http://example.org/stkg/id/obs_rel_T90_BTR80_20260205T224347Z_436_e_c	http://example.org/stkg/time	"2026-02-05T22:43:47Z"^^<http://www.w3.org/2001/XMLSchema#dateTime>
http://example.org/stkg/id/obs_rel_BTR80_K2BlackPanther_20260205T224348Z_437_c_d	http://www.w3.org/1999/02/22-rdf-syntax-ns#type	http://example.org/stkg/id/SpatialRelationObservation
http://example.org/stkg/id/obs_rel_BTR80_K2BlackPanther_20260205T224348Z_437_c_d	http://example.org/stkg/subjectEntity	http://example.org/stkg/id/platform_BTR80
http://example.org/stkg/id/obs_rel_BTR80_K2BlackPanther_20260205T224348Z_437_c_d	http://example.org/stkg/objectEntity	http://example.org/stkg/id/platform_K2BlackPanther
http://example.org/stkg/id/obs_rel_BTR80_K2BlackPanther_20260205T224348Z_437_c_d	http://example.org/stkg/relationType	http://example.org/stkg/id/relation_ahead_of
http://example.org/stkg/id/obs_rel_BTR80_K2BlackPanther_20260205T224348Z_437_c_d	http://example.org/stkg/time	"2026-02-05T22:43:48Z"^^<http://www.w3.org/2001/XMLSchema#dateTime>
http://example.org/stkg/id/obs_rel_K2BlackPanther_BTR80_20260205T224348Z_437_d_c	http://www.w3.org/1999/02/22-rdf-syntax-ns#type	http://example.org/stkg/id/SpatialRelationObservation
http://example.org/stkg/id/obs_rel_K2BlackPanther_BTR80_20260205T224348Z_437_d_c	http://example.org/stkg/subjectEntity	http://example.org/stkg/id/platform_K2BlackPanther
http://example.org/stkg/id/obs_rel_K2BlackPanther_BTR80_20260205T224348Z_437_d_c	http://example.org/stkg/objectEntity	http://example.org/stkg/id/platform_BTR80
http://example.org/stkg/id/obs_rel_K2BlackPanther_BTR80_20260205T224348Z_437_d_c	http://example.org/stkg/relationType	http://example.org/stkg/id/relation_behind_of
http://example.org/stkg/id/obs_rel_K2BlackPanther_BTR80_20260205T224348Z_437_d_c	http://example.org/stkg/time	"2026-02-05T22:43:48Z"^^<http://www.w3.org/2001/XMLSchema#dateTime>
http://example.org/stkg/id/obs_rel_K2BlackPanther_T90_20260205T224348Z_437_d_e	http://www.w3.org/1999/02/22-rdf-syntax-ns#type	http://example.org/stkg/id/SpatialRelationObservation
http://example.org/stkg/id/obs_rel_K2BlackPanther_T90_20260205T224348Z_437_d_e	http://example.org/stkg/subjectEntity	http://example.org/stkg/id/platform_K2BlackPanther
http://example.org/stkg/id/obs_rel_K2BlackPanther_T90_20260205T224348Z_437_d_e	http://example.org/stkg/objectEntity	http://example.org/stkg/id/platform_T90
http://example.org/stkg/id/obs_rel_K2BlackPanther_T90_20260205T224348Z_437_d_e	http://example.org/stkg/relationType	http://example.org/stkg/id/relation_ahead_of
http://example.org/stkg/id/obs_rel_K2BlackPanther_T90_20260205T224348Z_437_d_e	http://example.org/stkg/time	"2026-02-05T22:43:48Z"^^<http://www.w3.org/2001/XMLSchema#dateTime>
http://example.org/stkg/id/obs_rel_T90_K2BlackPanther_20260205T224348Z_437_e_d	http://www.w3.org/1999/02/22-rdf-syntax-ns#type	http://example.org/stkg/id/SpatialRelationObservation
http://example.org/stkg/id/obs_rel_T90_K2BlackPanther_20260205T224348Z_437_e_d	http://example.org/stkg/subjectEntity	http://example.org/stkg/id/platform_T90
http://example.org/stkg/id/obs_rel_T90_K2BlackPanther_20260205T224348Z_437_e_d	http://example.org/stkg/objectEntity	http://example.org/stkg/id/platform_K2BlackPanther
http://example.org/stkg/id/obs_rel_T90_K2BlackPanther_20260205T224348Z_437_e_d	http://example.org/stkg/relationType	http://example.org/stkg/id/relation_behind_of
http://example.org/stkg/id/obs_rel_T90_K2BlackPanther_20260205T224348Z_437_e_d	http://example.org/stkg/time	"2026-02-05T22:43:48Z"^^<http://www.w3.org/2001/XMLSchema#dateTime>
http://example.org/stkg/id/obs_rel_BTR80_T90_20260205T224348Z_437_c_e	http://www.w3.org/1999/02/22-rdf-syntax-ns#type	http://example.org/stkg/id/SpatialRelationObservation
http://example.org/stkg/id/obs_rel_BTR80_T90_20260205T224348Z_437_c_e	http://example.org/stkg/subjectEntity	http://example.org/stkg/id/platform_BTR80
http://example.org/stkg/id/obs_rel_BTR80_T90_20260205T224348Z_437_c_e	http://example.org/stkg/objectEntity	http://example.org/stkg/id/platform_T90
http://example.org/stkg/id/obs_rel_BTR80_T90_20260205T224348Z_437_c_e	http://example.org/stkg/relationType	http://example.org/stkg/id/relation_ahead_of
http://example.org/stkg/id/obs_rel_BTR80_T90_20260205T224348Z_437_c_e	http://example.org/stkg/time	"2026-02-05T22:43:48Z"^^<http://www.w3.org/2001/XMLSchema#dateTime>
http://example.org/stkg/id/obs_rel_T90_BTR80_20260205T224348Z_437_e_c	http://www.w3.org/1999/02/22-rdf-syntax-ns#type	http://example.org/stkg/id/SpatialRelationObservation
http://example.org/stkg/id/obs_rel_T90_BTR80_20260205T224348Z_437_e_c	http://example.org/stkg/subjectEntity	http://example.org/stkg/id/platform_T90
http://example.org/stkg/id/obs_rel_T90_BTR80_20260205T224348Z_437_e_c	http://example.org/stkg/objectEntity	http://example.org/stkg/id/platform_BTR80
http://example.org/stkg/id/obs_rel_T90_BTR80_20260205T224348Z_437_e_c	http://example.org/stkg/relationType	http://example.org/stkg/id/relation_behind_of
http://example.org/stkg/id/obs_rel_T90_BTR80_20260205T224348Z_437_e_c	http://example.org/stkg/time	"2026-02-05T22:43:48Z"^^<http://www.w3.org/2001/XMLSchema#dateTime>
http://example.org/stkg/id/obs_rel_BTR80_K2BlackPanther_20260205T224349Z_438_c_d	http://www.w3.org/1999/02/22-rdf-syntax-ns#type	http://example.org/stkg/id/SpatialRelationObservation
http://example.org/stkg/id/obs_rel_BTR80_K2BlackPanther_20260205T224349Z_438_c_d	http://example.org/stkg/subjectEntity	http://example.org/stkg/id/platform_BTR80
http://example.org/stkg/id/obs_rel_BTR80_K2BlackPanther_20260205T224349Z_438_c_d	http://example.org/stkg/objectEntity	http://example.org/stkg/id/platform_K2BlackPanther
http://example.org/stkg/id/obs_rel_BTR80_K2BlackPanther_20260205T224349Z_438_c_d	http://example.org/stkg/relationType	http://example.org/stkg/id/relation_ahead_of
http://example.org/stkg/id/obs_rel_BTR80_K2BlackPanther_20260205T224349Z_438_c_d	http://example.org/stkg/time	"2026-02-05T22:43:49Z"^^<http://www.w3.org/2001/XMLSchema#dateTime>
http://example.org/stkg/id/obs_rel_K2BlackPanther_BTR80_20260205T224349Z_438_d_c	http://www.w3.org/1999/02/22-rdf-syntax-ns#type	http://example.org/stkg/id/SpatialRelationObservation
http://example.org/stkg/id/obs_rel_K2BlackPanther_BTR80_20260205T224349Z_438_d_c	http://example.org/stkg/subjectEntity	http://example.org/stkg/id/platform_K2BlackPanther
http://example.org/stkg/id/obs_rel_K2BlackPanther_BTR80_20260205T224349Z_438_d_c	http://example.org/stkg/objectEntity	http://example.org/stkg/id/platform_BTR80
http://example.org/stkg/id/obs_rel_K2BlackPanther_BTR80_20260205T224349Z_438_d_c	http://example.org/stkg/relationType	http://example.org/stkg/id/relation_behind_of
http://example.org/stkg/id/obs_rel_K2BlackPanther_BTR80_20260205T224349Z_438_d_c	http://example.org/stkg/time	"2026-02-05T22:43:49Z"^^<http://www.w3.org/2001/XMLSchema#dateTime>
http://example.org/stkg/id/obs_rel_K2BlackPanther_T90_20260205T224349Z_438_d_e	http://www.w3.org/1999/02/22-rdf-syntax-ns#type	http://example.org/stkg/id/SpatialRelationObservation
http://example.org/stkg/id/obs_rel_K2BlackPanther_T90_20260205T224349Z_438_d_e	http://example.org/stkg/subjectEntity	http://example.org/stkg/id/platform_K2BlackPanther
http://example.org/stkg/id/obs_rel_K2BlackPanther_T90_20260205T224349Z_438_d_e	http://example.org/stkg/objectEntity	http://example.org/stkg/id/platform_T90
http://example.org/stkg/id/obs_rel_K2BlackPanther_T90_20260205T224349Z_438_d_e	http://example.org/stkg/relationType	http://example.org/stkg/id/relation_ahead_of
http://example.org/stkg/id/obs_rel_K2BlackPanther_T90_20260205T224349Z_438_d_e	http://example.org/stkg/time	"2026-02-05T22:43:49Z"^^<http://www.w3.org/2001/XMLSchema#dateTime>
http://example.org/stkg/id/obs_rel_T90_K2BlackPanther_20260205T224349Z_438_e_d	http://www.w3.org/1999/02/22-rdf-syntax-ns#type	http://example.org/stkg/id/SpatialRelationObservation
http://example.org/stkg/id/obs_rel_T90_K2BlackPanther_20260205T224349Z_438_e_d	http://example.org/stkg/subjectEntity	http://example.org/stkg/id/platform_T90
http://example.org/stkg/id/obs_rel_T90_K2BlackPanther_20260205T224349Z_438_e_d	http://example.org/stkg/objectEntity	http://example.org/stkg/id/platform_K2BlackPanther
http://example.org/stkg/id/obs_rel_T90_K2BlackPanther_20260205T224349Z_438_e_d	http://example.org/stkg/relationType	http://example.org/stkg/id/relation_behind_of
http://example.org/stkg/id/obs_rel_T90_K2BlackPanther_20260205T224349Z_438_e_d	http://example.org/stkg/time	"2026-02-05T22:43:49Z"^^<http://www.w3.org/2001/XMLSchema#dateTime>
http://example.org/stkg/id/obs_rel_BTR80_T90_20260205T224349Z_438_c_e	http://www.w3.org/1999/02/22-rdf-syntax-ns#type	http://example.org/stkg/id/SpatialRelationObservation
http://example.org/stkg/id/obs_rel_BTR80_T90_20260205T224349Z_438_c_e	http://example.org/stkg/subjectEntity	http://example.org/stkg/id/platform_BTR80
http://example.org/stkg/id/obs_rel_BTR80_T90_20260205T224349Z_438_c_e	http://example.org/stkg/objectEntity	http://example.org/stkg/id/platform_T90
http://example.org/stkg/id/obs_rel_BTR80_T90_20260205T224349Z_438_c_e	http://example.org/stkg/relationType	http://example.org/stkg/id/relation_ahead_of
http://example.org/stkg/id/obs_rel_BTR80_T90_20260205T224349Z_438_c_e	http://example.org/stkg/time	"2026-02-05T22:43:49Z"^^<http://www.w3.org/2001/XMLSchema#dateTime>
http://example.org/stkg/id/obs_rel_T90_BTR80_20260205T224349Z_438_e_c	http://www.w3.org/1999/02/22-rdf-syntax-ns#type	http://example.org/stkg/id/SpatialRelationObservation
http://example.org/stkg/id/obs_rel_T90_BTR80_20260205T224349Z_438_e_c	http://example.org/stkg/subjectEntity	http://example.org/stkg/id/platform_T90
http://example.org/stkg/id/obs_rel_T90_BTR80_20260205T224349Z_438_e_c	http://example.org/stkg/objectEntity	http://example.org/stkg/id/platform_BTR80
http://example.org/stkg/id/obs_rel_T90_BTR80_20260205T224349Z_438_e_c	http://example.org/stkg/relationType	http://example.org/stkg/id/relation_behind_of
http://example.org/stkg/id/obs_rel_T90_BTR80_20260205T224349Z_438_e_c	http://example.org/stkg/time	"2026-02-05T22:43:49Z"^^<http://www.w3.org/2001/XMLSchema#dateTime>
http://example.org/stkg/id/obs_rel_BTR80_K2BlackPanther_20260205T224350Z_439_c_d	http://www.w3.org/1999/02/22-rdf-syntax-ns#type	http://example.org/stkg/id/SpatialRelationObservation
http://example.org/stkg/id/obs_rel_BTR80_K2BlackPanther_20260205T224350Z_439_c_d	http://example.org/stkg/subjectEntity	http://example.org/stkg/id/platform_BTR80
http://example.org/stkg/id/obs_rel_BTR80_K2BlackPanther_20260205T224350Z_439_c_d	http://example.org/stkg/objectEntity	http://example.org/stkg/id/platform_K2BlackPanther
http://example.org/stkg/id/obs_rel_BTR80_K2BlackPanther_20260205T224350Z_439_c_d	http://example.org/stkg/relationType	http://example.org/stkg/id/relation_ahead_of
http://example.org/stkg/id/obs_rel_BTR80_K2BlackPanther_20260205T224350Z_439_c_d	http://example.org/stkg/time	"2026-02-05T22:43:50Z"^^<http://www.w3.org/2001/XMLSchema#dateTime>
http://example.org/stkg/id/obs_rel_K2BlackPanther_BTR80_20260205T224350Z_439_d_c	http://www.w3.org/1999/02/22-rdf-syntax-ns#type	http://example.org/stkg/id/SpatialRelationObservation
http://example.org/stkg/id/obs_rel_K2BlackPanther_BTR80_20260205T224350Z_439_d_c	http://example.org/stkg/subjectEntity	http://example.org/stkg/id/platform_K2BlackPanther
http://example.org/stkg/id/obs_rel_K2BlackPanther_BTR80_20260205T224350Z_439_d_c	http://example.org/stkg/objectEntity	http://example.org/stkg/id/platform_BTR80
http://example.org/stkg/id/obs_rel_K2BlackPanther_BTR80_20260205T224350Z_439_d_c	http://example.org/stkg/relationType	http://example.org/stkg/id/relation_behind_of
http://example.org/stkg/id/obs_rel_K2BlackPanther_BTR80_20260205T224350Z_439_d_c	http://example.org/stkg/time	"2026-02-05T22:43:50Z"^^<http://www.w3.org/2001/XMLSchema#dateTime>
http://example.org/stkg/id/obs_rel_K2BlackPanther_T90_20260205T224350Z_439_d_e	http://www.w3.org/1999/02/22-rdf-syntax-ns#type	http://example.org/stkg/id/SpatialRelationObservation
http://example.org/stkg/id/obs_rel_K2BlackPanther_T90_20260205T224350Z_439_d_e	http://example.org/stkg/subjectEntity	http://example.org/stkg/id/platform_K2BlackPanther
http://example.org/stkg/id/obs_rel_K2BlackPanther_T90_20260205T224350Z_439_d_e	http://example.org/stkg/objectEntity	http://example.org/stkg/id/platform_T90
http://example.org/stkg/id/obs_rel_K2BlackPanther_T90_20260205T224350Z_439_d_e	http://example.org/stkg/relationType	http://example.org/stkg/id/relation_ahead_of
http://example.org/stkg/id/obs_rel_K2BlackPanther_T90_20260205T224350Z_439_d_e	http://example.org/stkg/time	"2026-02-05T22:43:50Z"^^<http://www.w3.org/2001/XMLSchema#dateTime>
http://example.org/stkg/id/obs_rel_T90_K2BlackPanther_20260205T224350Z_439_e_d	http://www.w3.org/1999/02/22-rdf-syntax-ns#type	http://example.org/stkg/id/SpatialRelationObservation
http://example.org/stkg/id/obs_rel_T90_K2BlackPanther_20260205T224350Z_439_e_d	http://example.org/stkg/subjectEntity	http://example.org/stkg/id/platform_T90
http://example.org/stkg/id/obs_rel_T90_K2BlackPanther_20260205T224350Z_439_e_d	http://example.org/stkg/objectEntity	http://example.org/stkg/id/platform_K2BlackPanther
http://example.org/stkg/id/obs_rel_T90_K2BlackPanther_20260205T224350Z_439_e_d	http://example.org/stkg/relationType	http://example.org/stkg/id/relation_behind_of
http://example.org/stkg/id/obs_rel_T90_K2BlackPanther_20260205T224350Z_439_e_d	http://example.org/stkg/time	"2026-02-05T22:43:50Z"^^<http://www.w3.org/2001/XMLSchema#dateTime>
http://example.org/stkg/id/obs_rel_BTR80_T90_20260205T224350Z_439_c_e	http://www.w3.org/1999/02/22-rdf-syntax-ns#type	http://example.org/stkg/id/SpatialRelationObservation
http://example.org/stkg/id/obs_rel_BTR80_T90_20260205T224350Z_439_c_e	http://example.org/stkg/subjectEntity	http://example.org/stkg/id/platform_BTR80
http://example.org/stkg/id/obs_rel_BTR80_T90_20260205T224350Z_439_c_e	http://example.org/stkg/objectEntity	http://example.org/stkg/id/platform_T90
http://example.org/stkg/id/obs_rel_BTR80_T90_20260205T224350Z_439_c_e	http://example.org/stkg/relationType	http://example.org/stkg/id/relation_ahead_of
http://example.org/stkg/id/obs_rel_BTR80_T90_20260205T224350Z_439_c_e	http://example.org/stkg/time	"2026-02-05T22:43:50Z"^^<http://www.w3.org/2001/XMLSchema#dateTime>
http://example.org/stkg/id/obs_rel_T90_BTR80_20260205T224350Z_439_e_c	http://www.w3.org/1999/02/22-rdf-syntax-ns#type	http://example.org/stkg/id/SpatialRelationObservation
http://example.org/stkg/id/obs_rel_T90_BTR80_20260205T224350Z_439_e_c	http://example.org/stkg/subjectEntity	http://example.org/stkg/id/platform_T90
http://example.org/stkg/id/obs_rel_T90_BTR80_20260205T224350Z_439_e_c	http://example.org/stkg/objectEntity	http://example.org/stkg/id/platform_BTR80
http://example.org/stkg/id/obs_rel_T90_BTR80_20260205T224350Z_439_e_c	http://example.org/stkg/relationType	http://example.org/stkg/id/relation_behind_of
http://example.org/stkg/id/obs_rel_T90_BTR80_20260205T224350Z_439_e_c	http://example.org/stkg/time	"2026-02-05T22:43:50Z"^^<http://www.w3.org/2001/XMLSchema#dateTime>
http://example.org/stkg/id/obs_rel_BTR80_K2BlackPanther_20260205T224351Z_440_c_d	http://www.w3.org/1999/02/22-rdf-syntax-ns#type	http://example.org/stkg/id/SpatialRelationObservation
http://example.org/stkg/id/obs_rel_BTR80_K2BlackPanther_20260205T224351Z_440_c_d	http://example.org/stkg/subjectEntity	http://example.org/stkg/id/platform_BTR80
http://example.org/stkg/id/obs_rel_BTR80_K2BlackPanther_20260205T224351Z_440_c_d	http://example.org/stkg/objectEntity	http://example.org/stkg/id/platform_K2BlackPanther
http://example.org/stkg/id/obs_rel_BTR80_K2BlackPanther_20260205T224351Z_440_c_d	http://example.org/stkg/relationType	http://example.org/stkg/id/relation_ahead_of
http://example.org/stkg/id/obs_rel_BTR80_K2BlackPanther_20260205T224351Z_440_c_d	http://example.org/stkg/time	"2026-02-05T22:43:51Z"^^<http://www.w3.org/2001/XMLSchema#dateTime>
http://example.org/stkg/id/obs_rel_K2BlackPanther_BTR80_20260205T224351Z_440_d_c	http://www.w3.org/1999/02/22-rdf-syntax-ns#type	http://example.org/stkg/id/SpatialRelationObservation
http://example.org/stkg/id/obs_rel_K2BlackPanther_BTR80_20260205T224351Z_440_d_c	http://example.org/stkg/subjectEntity	http://example.org/stkg/id/platform_K2BlackPanther
http://example.org/stkg/id/obs_rel_K2BlackPanther_BTR80_20260205T224351Z_440_d_c	http://example.org/stkg/objectEntity	http://example.org/stkg/id/platform_BTR80
http://example.org/stkg/id/obs_rel_K2BlackPanther_BTR80_20260205T224351Z_440_d_c	http://example.org/stkg/relationType	http://example.org/stkg/id/relation_behind_of
http://example.org/stkg/id/obs_rel_K2BlackPanther_BTR80_20260205T224351Z_440_d_c	http://example.org/stkg/time	"2026-02-05T22:43:51Z"^^<http://www.w3.org/2001/XMLSchema#dateTime>
http://example.org/stkg/id/obs_rel_K2BlackPanther_T90_20260205T224351Z_440_d_e	http://www.w3.org/1999/02/22-rdf-syntax-ns#type	http://example.org/stkg/id/SpatialRelationObservation
http://example.org/stkg/id/obs_rel_K2BlackPanther_T90_20260205T224351Z_440_d_e	http://example.org/stkg/subjectEntity	http://example.org/stkg/id/platform_K2BlackPanther
http://example.org/stkg/id/obs_rel_K2BlackPanther_T90_20260205T224351Z_440_d_e	http://example.org/stkg/objectEntity	http://example.org/stkg/id/platform_T90
http://example.org/stkg/id/obs_rel_K2BlackPanther_T90_20260205T224351Z_440_d_e	http://example.org/stkg/relationType	http://example.org/stkg/id/relation_ahead_of
http://example.org/stkg/id/obs_rel_K2BlackPanther_T90_20260205T224351Z_440_d_e	http://example.org/stkg/time	"2026-02-05T22:43:51Z"^^<http://www.w3.org/2001/XMLSchema#dateTime>
http://example.org/stkg/id/obs_rel_T90_K2BlackPanther_20260205T224351Z_440_e_d	http://www.w3.org/1999/02/22-rdf-syntax-ns#type	http://example.org/stkg/id/SpatialRelationObservation
http://example.org/stkg/id/obs_rel_T90_K2BlackPanther_20260205T224351Z_440_e_d	http://example.org/stkg/subjectEntity	http://example.org/stkg/id/platform_T90
http://example.org/stkg/id/obs_rel_T90_K2BlackPanther_20260205T224351Z_440_e_d	http://example.org/stkg/objectEntity	http://example.org/stkg/id/platform_K2BlackPanther
http://example.org/stkg/id/obs_rel_T90_K2BlackPanther_20260205T224351Z_440_e_d	http://example.org/stkg/relationType	http://example.org/stkg/id/relation_behind_of
http://example.org/stkg/id/obs_rel_T90_K2BlackPanther_20260205T224351Z_440_e_d	http://example.org/stkg/time	"2026-02-05T22:43:51Z"^^<http://www.w3.org/2001/XMLSchema#dateTime>
http://example.org/stkg/id/obs_rel_BTR80_T90_20260205T224351Z_440_c_e	http://www.w3.org/1999/02/22-rdf-syntax-ns#type	http://example.org/stkg/id/SpatialRelationObservation
http://example.org/stkg/id/obs_rel_BTR80_T90_20260205T224351Z_440_c_e	http://example.org/stkg/subjectEntity	http://example.org/stkg/id/platform_BTR80
http://example.org/stkg/id/obs_rel_BTR80_T90_20260205T224351Z_440_c_e	http://example.org/stkg/objectEntity	http://example.org/stkg/id/platform_T90
http://example.org/stkg/id/obs_rel_BTR80_T90_20260205T224351Z_440_c_e	http://example.org/stkg/relationType	http://example.org/stkg/id/relation_ahead_of
http://example.org/stkg/id/obs_rel_BTR80_T90_20260205T224351Z_440_c_e	http://example.org/stkg/time	"2026-02-05T22:43:51Z"^^<http://www.w3.org/2001/XMLSchema#dateTime>
http://example.org/stkg/id/obs_rel_T90_BTR80_20260205T224351Z_440_e_c	http://www.w3.org/1999/02/22-rdf-syntax-ns#type	http://example.org/stkg/id/SpatialRelationObservation
http://example.org/stkg/id/obs_rel_T90_BTR80_20260205T224351Z_440_e_c	http://example.org/stkg/subjectEntity	http://example.org/stkg/id/platform_T90
http://example.org/stkg/id/obs_rel_T90_BTR80_20260205T224351Z_440_e_c	http://example.org/stkg/objectEntity	http://example.org/stkg/id/platform_BTR80
http://example.org/stkg/id/obs_rel_T90_BTR80_20260205T224351Z_440_e_c	http://example.org/stkg/relationType	http://example.org/stkg/id/relation_behind_of
http://example.org/stkg/id/obs_rel_T90_BTR80_20260205T224351Z_440_e_c	http://example.org/stkg/time	"2026-02-05T22:43:51Z"^^<http://www.w3.org/2001/XMLSchema#dateTime>
http://example.org/stkg/id/obs_rel_BTR80_K2BlackPanther_20260205T224352Z_441_c_d	http://www.w3.org/1999/02/22-rdf-syntax-ns#type	http://example.org/stkg/id/SpatialRelationObservation
http://example.org/stkg/id/obs_rel_BTR80_K2BlackPanther_20260205T224352Z_441_c_d	http://example.org/stkg/subjectEntity	http://example.org/stkg/id/platform_BTR80
http://example.org/stkg/id/obs_rel_BTR80_K2BlackPanther_20260205T224352Z_441_c_d	http://example.org/stkg/objectEntity	http://example.org/stkg/id/platform_K2BlackPanther
http://example.org/stkg/id/obs_rel_BTR80_K2BlackPanther_20260205T224352Z_441_c_d	http://example.org/stkg/relationType	http://example.org/stkg/id/relation_ahead_of
http://example.org/stkg/id/obs_rel_BTR80_K2BlackPanther_20260205T224352Z_441_c_d	http://example.org/stkg/time	"2026-02-05T22:43:52Z"^^<http://www.w3.org/2001/XMLSchema#dateTime>
http://example.org/stkg/id/obs_rel_K2BlackPanther_BTR80_20260205T224352Z_441_d_c	http://www.w3.org/1999/02/22-rdf-syntax-ns#type	http://example.org/stkg/id/SpatialRelationObservation
http://example.org/stkg/id/obs_rel_K2BlackPanther_BTR80_20260205T224352Z_441_d_c	http://example.org/stkg/subjectEntity	http://example.org/stkg/id/platform_K2BlackPanther
http://example.org/stkg/id/obs_rel_K2BlackPanther_BTR80_20260205T224352Z_441_d_c	http://example.org/stkg/objectEntity	http://example.org/stkg/id/platform_BTR80
http://example.org/stkg/id/obs_rel_K2BlackPanther_BTR80_20260205T224352Z_441_d_c	http://example.org/stkg/relationType	http://example.org/stkg/id/relation_behind_of
http://example.org/stkg/id/obs_rel_K2BlackPanther_BTR80_20260205T224352Z_441_d_c	http://example.org/stkg/time	"2026-02-05T22:43:52Z"^^<http://www.w3.org/2001/XMLSchema#dateTime>
http://example.org/stkg/id/obs_rel_K2BlackPanther_T90_20260205T224352Z_441_d_e	http://www.w3.org/1999/02/22-rdf-syntax-ns#type	http://example.org/stkg/id/SpatialRelationObservation
http://example.org/stkg/id/obs_rel_K2BlackPanther_T90_20260205T224352Z_441_d_e	http://example.org/stkg/subjectEntity	http://example.org/stkg/id/platform_K2BlackPanther
http://example.org/stkg/id/obs_rel_K2BlackPanther_T90_20260205T224352Z_441_d_e	http://example.org/stkg/objectEntity	http://example.org/stkg/id/platform_T90
http://example.org/stkg/id/obs_rel_K2BlackPanther_T90_20260205T224352Z_441_d_e	http://example.org/stkg/relationType	http://example.org/stkg/id/relation_ahead_of
http://example.org/stkg/id/obs_rel_K2BlackPanther_T90_20260205T224352Z_441_d_e	http://example.org/stkg/time	"2026-02-05T22:43:52Z"^^<http://www.w3.org/2001/XMLSchema#dateTime>
http://example.org/stkg/id/obs_rel_T90_K2BlackPanther_20260205T224352Z_441_e_d	http://www.w3.org/1999/02/22-rdf-syntax-ns#type	http://example.org/stkg/id/SpatialRelationObservation
http://example.org/stkg/id/obs_rel_T90_K2BlackPanther_20260205T224352Z_441_e_d	http://example.org/stkg/subjectEntity	http://example.org/stkg/id/platform_T90
http://example.org/stkg/id/obs_rel_T90_K2BlackPanther_20260205T224352Z_441_e_d	http://example.org/stkg/objectEntity	http://example.org/stkg/id/platform_K2BlackPanther
http://example.org/stkg/id/obs_rel_T90_K2BlackPanther_20260205T224352Z_441_e_d	http://example.org/stkg/relationType	http://example.org/stkg/id/relation_behind_of
http://example.org/stkg/id/obs_rel_T90_K2BlackPanther_20260205T224352Z_441_e_d	http://example.org/stkg/time	"2026-02-05T22:43:52Z"^^<http://www.w3.org/2001/XMLSchema#dateTime>
http://example.org/stkg/id/obs_rel_BTR80_T90_20260205T224352Z_441_c_e	http://www.w3.org/1999/02/22-rdf-syntax-ns#type	http://example.org/stkg/id/SpatialRelationObservation
http://example.org/stkg/id/obs_rel_BTR80_T90_20260205T224352Z_441_c_e	http://example.org/stkg/subjectEntity	http://example.org/stkg/id/platform_BTR80
http://example.org/stkg/id/obs_rel_BTR80_T90_20260205T224352Z_441_c_e	http://example.org/stkg/objectEntity	http://example.org/stkg/id/platform_T90
http://example.org/stkg/id/obs_rel_BTR80_T90_20260205T224352Z_441_c_e	http://example.org/stkg/relationType	http://example.org/stkg/id/relation_ahead_of
http://example.org/stkg/id/obs_rel_BTR80_T90_20260205T224352Z_441_c_e	http://example.org/stkg/time	"2026-02-05T22:43:52Z"^^<http://www.w3.org/2001/XMLSchema#dateTime>
http://example.org/stkg/id/obs_rel_T90_BTR80_20260205T224352Z_441_e_c	http://www.w3.org/1999/02/22-rdf-syntax-ns#type	http://example.org/stkg/id/SpatialRelationObservation
http://example.org/stkg/id/obs_rel_T90_BTR80_20260205T224352Z_441_e_c	http://example.org/stkg/subjectEntity	http://example.org/stkg/id/platform_T90
http://example.org/stkg/id/obs_rel_T90_BTR80_20260205T224352Z_441_e_c	http://example.org/stkg/objectEntity	http://example.org/stkg/id/platform_BTR80
http://example.org/stkg/id/obs_rel_T90_BTR80_20260205T224352Z_441_e_c	http://example.org/stkg/relationType	http://example.org/stkg/id/relation_behind_of
http://example.org/stkg/id/obs_rel_T90_BTR80_20260205T224352Z_441_e_c	http://example.org/stkg/time	"2026-02-05T22:43:52Z"^^<http://www.w3.org/2001/XMLSchema#dateTime>
http://example.org/stkg/id/obs_rel_BTR80_K2BlackPanther_20260205T224353Z_442_c_d	http://www.w3.org/1999/02/22-rdf-syntax-ns#type	http://example.org/stkg/id/SpatialRelationObservation
http://example.org/stkg/id/obs_rel_BTR80_K2BlackPanther_20260205T224353Z_442_c_d	http://example.org/stkg/subjectEntity	http://example.org/stkg/id/platform_BTR80
http://example.org/stkg/id/obs_rel_BTR80_K2BlackPanther_20260205T224353Z_442_c_d	http://example.org/stkg/objectEntity	http://example.org/stkg/id/platform_K2BlackPanther
http://example.org/stkg/id/obs_rel_BTR80_K2BlackPanther_20260205T224353Z_442_c_d	http://example.org/stkg/relationType	http://example.org/stkg/id/relation_ahead_of
http://example.org/stkg/id/obs_rel_BTR80_K2BlackPanther_20260205T224353Z_442_c_d	http://example.org/stkg/time	"2026-02-05T22:43:53Z"^^<http://www.w3.org/2001/XMLSchema#dateTime>
http://example.org/stkg/id/obs_rel_K2BlackPanther_BTR80_20260205T224353Z_442_d_c	http://www.w3.org/1999/02/22-rdf-syntax-ns#type	http://example.org/stkg/id/SpatialRelationObservation
http://example.org/stkg/id/obs_rel_K2BlackPanther_BTR80_20260205T224353Z_442_d_c	http://example.org/stkg/subjectEntity	http://example.org/stkg/id/platform_K2BlackPanther
http://example.org/stkg/id/obs_rel_K2BlackPanther_BTR80_20260205T224353Z_442_d_c	http://example.org/stkg/objectEntity	http://example.org/stkg/id/platform_BTR80
http://example.org/stkg/id/obs_rel_K2BlackPanther_BTR80_20260205T224353Z_442_d_c	http://example.org/stkg/relationType	http://example.org/stkg/id/relation_behind_of
http://example.org/stkg/id/obs_rel_K2BlackPanther_BTR80_20260205T224353Z_442_d_c	http://example.org/stkg/time	"2026-02-05T22:43:53Z"^^<http://www.w3.org/2001/XMLSchema#dateTime>
http://example.org/stkg/id/obs_rel_K2BlackPanther_T90_20260205T224353Z_442_d_e	http://www.w3.org/1999/02/22-rdf-syntax-ns#type	http://example.org/stkg/id/SpatialRelationObservation
http://example.org/stkg/id/obs_rel_K2BlackPanther_T90_20260205T224353Z_442_d_e	http://example.org/stkg/subjectEntity	http://example.org/stkg/id/platform_K2BlackPanther
http://example.org/stkg/id/obs_rel_K2BlackPanther_T90_20260205T224353Z_442_d_e	http://example.org/stkg/objectEntity	http://example.org/stkg/id/platform_T90
http://example.org/stkg/id/obs_rel_K2BlackPanther_T90_20260205T224353Z_442_d_e	http://example.org/stkg/relationType	http://example.org/stkg/id/relation_ahead_of
http://example.org/stkg/id/obs_rel_K2BlackPanther_T90_20260205T224353Z_442_d_e	http://example.org/stkg/time	"2026-02-05T22:43:53Z"^^<http://www.w3.org/2001/XMLSchema#dateTime>
http://example.org/stkg/id/obs_rel_T90_K2BlackPanther_20260205T224353Z_442_e_d	http://www.w3.org/1999/02/22-rdf-syntax-ns#type	http://example.org/stkg/id/SpatialRelationObservation
http://example.org/stkg/id/obs_rel_T90_K2BlackPanther_20260205T224353Z_442_e_d	http://example.org/stkg/subjectEntity	http://example.org/stkg/id/platform_T90
http://example.org/stkg/id/obs_rel_T90_K2BlackPanther_20260205T224353Z_442_e_d	http://example.org/stkg/objectEntity	http://example.org/stkg/id/platform_K2BlackPanther
http://example.org/stkg/id/obs_rel_T90_K2BlackPanther_20260205T224353Z_442_e_d	http://example.org/stkg/relationType	http://example.org/stkg/id/relation_behind_of
http://example.org/stkg/id/obs_rel_T90_K2BlackPanther_20260205T224353Z_442_e_d	http://example.org/stkg/time	"2026-02-05T22:43:53Z"^^<http://www.w3.org/2001/XMLSchema#dateTime>
http://example.org/stkg/id/obs_rel_BTR80_T90_20260205T224353Z_442_c_e	http://www.w3.org/1999/02/22-rdf-syntax-ns#type	http://example.org/stkg/id/SpatialRelationObservation
http://example.org/stkg/id/obs_rel_BTR80_T90_20260205T224353Z_442_c_e	http://example.org/stkg/subjectEntity	http://example.org/stkg/id/platform_BTR80
http://example.org/stkg/id/obs_rel_BTR80_T90_20260205T224353Z_442_c_e	http://example.org/stkg/objectEntity	http://example.org/stkg/id/platform_T90
http://example.org/stkg/id/obs_rel_BTR80_T90_20260205T224353Z_442_c_e	http://example.org/stkg/relationType	http://example.org/stkg/id/relation_ahead_of
http://example.org/stkg/id/obs_rel_BTR80_T90_20260205T224353Z_442_c_e	http://example.org/stkg/time	"2026-02-05T22:43:53Z"^^<http://www.w3.org/2001/XMLSchema#dateTime>
http://example.org/stkg/id/obs_rel_T90_BTR80_20260205T224353Z_442_e_c	http://www.w3.org/1999/02/22-rdf-syntax-ns#type	http://example.org/stkg/id/SpatialRelationObservation
http://example.org/stkg/id/obs_rel_T90_BTR80_20260205T224353Z_442_e_c	http://example.org/stkg/subjectEntity	http://example.org/stkg/id/platform_T90
http://example.org/stkg/id/obs_rel_T90_BTR80_20260205T224353Z_442_e_c	http://example.org/stkg/objectEntity	http://example.org/stkg/id/platform_BTR80
http://example.org/stkg/id/obs_rel_T90_BTR80_20260205T224353Z_442_e_c	http://example.org/stkg/relationType	http://example.org/stkg/id/relation_behind_of
http://example.org/stkg/id/obs_rel_T90_BTR80_20260205T224353Z_442_e_c	http://example.org/stkg/time	"2026-02-05T22:43:53Z"^^<http://www.w3.org/2001/XMLSchema#dateTime>
http://example.org/stkg/id/obs_rel_BTR80_K2BlackPanther_20260205T224354Z_443_c_d	http://www.w3.org/1999/02/22-rdf-syntax-ns#type	http://example.org/stkg/id/SpatialRelationObservation
http://example.org/stkg/id/obs_rel_BTR80_K2BlackPanther_20260205T224354Z_443_c_d	http://example.org/stkg/subjectEntity	http://example.org/stkg/id/platform_BTR80
http://example.org/stkg/id/obs_rel_BTR80_K2BlackPanther_20260205T224354Z_443_c_d	http://example.org/stkg/objectEntity	http://example.org/stkg/id/platform_K2BlackPanther
http://example.org/stkg/id/obs_rel_BTR80_K2BlackPanther_20260205T224354Z_443_c_d	http://example.org/stkg/relationType	http://example.org/stkg/id/relation_ahead_of
http://example.org/stkg/id/obs_rel_BTR80_K2BlackPanther_20260205T224354Z_443_c_d	http://example.org/stkg/time	"2026-02-05T22:43:54Z"^^<http://www.w3.org/2001/XMLSchema#dateTime>
http://example.org/stkg/id/obs_rel_K2BlackPanther_BTR80_20260205T224354Z_443_d_c	http://www.w3.org/1999/02/22-rdf-syntax-ns#type	http://example.org/stkg/id/SpatialRelationObservation
http://example.org/stkg/id/obs_rel_K2BlackPanther_BTR80_20260205T224354Z_443_d_c	http://example.org/stkg/subjectEntity	http://example.org/stkg/id/platform_K2BlackPanther
http://example.org/stkg/id/obs_rel_K2BlackPanther_BTR80_20260205T224354Z_443_d_c	http://example.org/stkg/objectEntity	http://example.org/stkg/id/platform_BTR80
http://example.org/stkg/id/obs_rel_K2BlackPanther_BTR80_20260205T224354Z_443_d_c	http://example.org/stkg/relationType	http://example.org/stkg/id/relation_behind_of
http://example.org/stkg/id/obs_rel_K2BlackPanther_BTR80_20260205T224354Z_443_d_c	http://example.org/stkg/time	"2026-02-05T22:43:54Z"^^<http://www.w3.org/2001/XMLSchema#dateTime>
http://example.org/stkg/id/obs_rel_K2BlackPanther_T90_20260205T224354Z_443_d_e	http://www.w3.org/1999/02/22-rdf-syntax-ns#type	http://example.org/stkg/id/SpatialRelationObservation
http://example.org/stkg/id/obs_rel_K2BlackPanther_T90_20260205T224354Z_443_d_e	http://example.org/stkg/subjectEntity	http://example.org/stkg/id/platform_K2BlackPanther
http://example.org/stkg/id/obs_rel_K2BlackPanther_T90_20260205T224354Z_443_d_e	http://example.org/stkg/objectEntity	http://example.org/stkg/id/platform_T90
http://example.org/stkg/id/obs_rel_K2BlackPanther_T90_20260205T224354Z_443_d_e	http://example.org/stkg/relationType	http://example.org/stkg/id/relation_ahead_of
http://example.org/stkg/id/obs_rel_K2BlackPanther_T90_20260205T224354Z_443_d_e	http://example.org/stkg/time	"2026-02-05T22:43:54Z"^^<http://www.w3.org/2001/XMLSchema#dateTime>
http://example.org/stkg/id/obs_rel_T90_K2BlackPanther_20260205T224354Z_443_e_d	http://www.w3.org/1999/02/22-rdf-syntax-ns#type	http://example.org/stkg/id/SpatialRelationObservation
http://example.org/stkg/id/obs_rel_T90_K2BlackPanther_20260205T224354Z_443_e_d	http://example.org/stkg/subjectEntity	http://example.org/stkg/id/platform_T90
http://example.org/stkg/id/obs_rel_T90_K2BlackPanther_20260205T224354Z_443_e_d	http://example.org/stkg/objectEntity	http://example.org/stkg/id/platform_K2BlackPanther
http://example.org/stkg/id/obs_rel_T90_K2BlackPanther_20260205T224354Z_443_e_d	http://example.org/stkg/relationType	http://example.org/stkg/id/relation_behind_of
http://example.org/stkg/id/obs_rel_T90_K2BlackPanther_20260205T224354Z_443_e_d	http://example.org/stkg/time	"2026-02-05T22:43:54Z"^^<http://www.w3.org/2001/XMLSchema#dateTime>
http://example.org/stkg/id/obs_rel_BTR80_T90_20260205T224354Z_443_c_e	http://www.w3.org/1999/02/22-rdf-syntax-ns#type	http://example.org/stkg/id/SpatialRelationObservation
http://example.org/stkg/id/obs_rel_BTR80_T90_20260205T224354Z_443_c_e	http://example.org/stkg/subjectEntity	http://example.org/stkg/id/platform_BTR80
http://example.org/stkg/id/obs_rel_BTR80_T90_20260205T224354Z_443_c_e	http://example.org/stkg/objectEntity	http://example.org/stkg/id/platform_T90
http://example.org/stkg/id/obs_rel_BTR80_T90_20260205T224354Z_443_c_e	http://example.org/stkg/relationType	http://example.org/stkg/id/relation_ahead_of
http://example.org/stkg/id/obs_rel_BTR80_T90_20260205T224354Z_443_c_e	http://example.org/stkg/time	"2026-02-05T22:43:54Z"^^<http://www.w3.org/2001/XMLSchema#dateTime>
http://example.org/stkg/id/obs_rel_T90_BTR80_20260205T224354Z_443_e_c	http://www.w3.org/1999/02/22-rdf-syntax-ns#type	http://example.org/stkg/id/SpatialRelationObservation
http://example.org/stkg/id/obs_rel_T90_BTR80_20260205T224354Z_443_e_c	http://example.org/stkg/subjectEntity	http://example.org/stkg/id/platform_T90
http://example.org/stkg/id/obs_rel_T90_BTR80_20260205T224354Z_443_e_c	http://example.org/stkg/objectEntity	http://example.org/stkg/id/platform_BTR80
http://example.org/stkg/id/obs_rel_T90_BTR80_20260205T224354Z_443_e_c	http://example.org/stkg/relationType	http://example.org/stkg/id/relation_behind_of
http://example.org/stkg/id/obs_rel_T90_BTR80_20260205T224354Z_443_e_c	http://example.org/stkg/time	"2026-02-05T22:43:54Z"^^<http://www.w3.org/2001/XMLSchema#dateTime>
http://example.org/stkg/id/obs_rel_BTR80_K2BlackPanther_20260205T224355Z_444_c_d	http://www.w3.org/1999/02/22-rdf-syntax-ns#type	http://example.org/stkg/id/SpatialRelationObservation
http://example.org/stkg/id/obs_rel_BTR80_K2BlackPanther_20260205T224355Z_444_c_d	http://example.org/stkg/subjectEntity	http://example.org/stkg/id/platform_BTR80
http://example.org/stkg/id/obs_rel_BTR80_K2BlackPanther_20260205T224355Z_444_c_d	http://example.org/stkg/objectEntity	http://example.org/stkg/id/platform_K2BlackPanther
http://example.org/stkg/id/obs_rel_BTR80_K2BlackPanther_20260205T224355Z_444_c_d	http://example.org/stkg/relationType	http://example.org/stkg/id/relation_ahead_of
http://example.org/stkg/id/obs_rel_BTR80_K2BlackPanther_20260205T224355Z_444_c_d	http://example.org/stkg/time	"2026-02-05T22:43:55Z"^^<http://www.w3.org/2001/XMLSchema#dateTime>
http://example.org/stkg/id/obs_rel_K2BlackPanther_BTR80_20260205T224355Z_444_d_c	http://www.w3.org/1999/02/22-rdf-syntax-ns#type	http://example.org/stkg/id/SpatialRelationObservation
http://example.org/stkg/id/obs_rel_K2BlackPanther_BTR80_20260205T224355Z_444_d_c	http://example.org/stkg/subjectEntity	http://example.org/stkg/id/platform_K2BlackPanther
http://example.org/stkg/id/obs_rel_K2BlackPanther_BTR80_20260205T224355Z_444_d_c	http://example.org/stkg/objectEntity	http://example.org/stkg/id/platform_BTR80
http://example.org/stkg/id/obs_rel_K2BlackPanther_BTR80_20260205T224355Z_444_d_c	http://example.org/stkg/relationType	http://example.org/stkg/id/relation_behind_of
http://example.org/stkg/id/obs_rel_K2BlackPanther_BTR80_20260205T224355Z_444_d_c	http://example.org/stkg/time	"2026-02-05T22:43:55Z"^^<http://www.w3.org/2001/XMLSchema#dateTime>
http://example.org/stkg/id/obs_rel_K2BlackPanther_T90_20260205T224355Z_444_d_e	http://www.w3.org/1999/02/22-rdf-syntax-ns#type	http://example.org/stkg/id/SpatialRelationObservation
http://example.org/stkg/id/obs_rel_K2BlackPanther_T90_20260205T224355Z_444_d_e	http://example.org/stkg/subjectEntity	http://example.org/stkg/id/platform_K2BlackPanther
http://example.org/stkg/id/obs_rel_K2BlackPanther_T90_20260205T224355Z_444_d_e	http://example.org/stkg/objectEntity	http://example.org/stkg/id/platform_T90
http://example.org/stkg/id/obs_rel_K2BlackPanther_T90_20260205T224355Z_444_d_e	http://example.org/stkg/relationType	http://example.org/stkg/id/relation_ahead_of
http://example.org/stkg/id/obs_rel_K2BlackPanther_T90_20260205T224355Z_444_d_e	http://example.org/stkg/time	"2026-02-05T22:43:55Z"^^<http://www.w3.org/2001/XMLSchema#dateTime>
http://example.org/stkg/id/obs_rel_T90_K2BlackPanther_20260205T224355Z_444_e_d	http://www.w3.org/1999/02/22-rdf-syntax-ns#type	http://example.org/stkg/id/SpatialRelationObservation
http://example.org/stkg/id/obs_rel_T90_K2BlackPanther_20260205T224355Z_444_e_d	http://example.org/stkg/subjectEntity	http://example.org/stkg/id/platform_T90
http://example.org/stkg/id/obs_rel_T90_K2BlackPanther_20260205T224355Z_444_e_d	http://example.org/stkg/objectEntity	http://example.org/stkg/id/platform_K2BlackPanther
http://example.org/stkg/id/obs_rel_T90_K2BlackPanther_20260205T224355Z_444_e_d	http://example.org/stkg/relationType	http://example.org/stkg/id/relation_behind_of
http://example.org/stkg/id/obs_rel_T90_K2BlackPanther_20260205T224355Z_444_e_d	http://example.org/stkg/time	"2026-02-05T22:43:55Z"^^<http://www.w3.org/2001/XMLSchema#dateTime>
http://example.org/stkg/id/obs_rel_BTR80_T90_20260205T224355Z_444_c_e	http://www.w3.org/1999/02/22-rdf-syntax-ns#type	http://example.org/stkg/id/SpatialRelationObservation
http://example.org/stkg/id/obs_rel_BTR80_T90_20260205T224355Z_444_c_e	http://example.org/stkg/subjectEntity	http://example.org/stkg/id/platform_BTR80
http://example.org/stkg/id/obs_rel_BTR80_T90_20260205T224355Z_444_c_e	http://example.org/stkg/objectEntity	http://example.org/stkg/id/platform_T90
http://example.org/stkg/id/obs_rel_BTR80_T90_20260205T224355Z_444_c_e	http://example.org/stkg/relationType	http://example.org/stkg/id/relation_ahead_of
http://example.org/stkg/id/obs_rel_BTR80_T90_20260205T224355Z_444_c_e	http://example.org/stkg/time	"2026-02-05T22:43:55Z"^^<http://www.w3.org/2001/XMLSchema#dateTime>
http://example.org/stkg/id/obs_rel_T90_BTR80_20260205T224355Z_444_e_c	http://www.w3.org/1999/02/22-rdf-syntax-ns#type	http://example.org/stkg/id/SpatialRelationObservation
http://example.org/stkg/id/obs_rel_T90_BTR80_20260205T224355Z_444_e_c	http://example.org/stkg/subjectEntity	http://example.org/stkg/id/platform_T90
http://example.org/stkg/id/obs_rel_T90_BTR80_20260205T224355Z_444_e_c	http://example.org/stkg/objectEntity	http://example.org/stkg/id/platform_BTR80
http://example.org/stkg/id/obs_rel_T90_BTR80_20260205T224355Z_444_e_c	http://example.org/stkg/relationType	http://example.org/stkg/id/relation_behind_of
http://example.org/stkg/id/obs_rel_T90_BTR80_20260205T224355Z_444_e_c	http://example.org/stkg/time	"2026-02-05T22:43:55Z"^^<http://www.w3.org/2001/XMLSchema#dateTime>
http://example.org/stkg/id/obs_rel_BTR80_K2BlackPanther_20260205T224356Z_445_c_d	http://www.w3.org/1999/02/22-rdf-syntax-ns#type	http://example.org/stkg/id/SpatialRelationObservation
http://example.org/stkg/id/obs_rel_BTR80_K2BlackPanther_20260205T224356Z_445_c_d	http://example.org/stkg/subjectEntity	http://example.org/stkg/id/platform_BTR80
http://example.org/stkg/id/obs_rel_BTR80_K2BlackPanther_20260205T224356Z_445_c_d	http://example.org/stkg/objectEntity	http://example.org/stkg/id/platform_K2BlackPanther
http://example.org/stkg/id/obs_rel_BTR80_K2BlackPanther_20260205T224356Z_445_c_d	http://example.org/stkg/relationType	http://example.org/stkg/id/relation_ahead_of
http://example.org/stkg/id/obs_rel_BTR80_K2BlackPanther_20260205T224356Z_445_c_d	http://example.org/stkg/time	"2026-02-05T22:43:56Z"^^<http://www.w3.org/2001/XMLSchema#dateTime>
http://example.org/stkg/id/obs_rel_K2BlackPanther_BTR80_20260205T224356Z_445_d_c	http://www.w3.org/1999/02/22-rdf-syntax-ns#type	http://example.org/stkg/id/SpatialRelationObservation
http://example.org/stkg/id/obs_rel_K2BlackPanther_BTR80_20260205T224356Z_445_d_c	http://example.org/stkg/subjectEntity	http://example.org/stkg/id/platform_K2BlackPanther
http://example.org/stkg/id/obs_rel_K2BlackPanther_BTR80_20260205T224356Z_445_d_c	http://example.org/stkg/objectEntity	http://example.org/stkg/id/platform_BTR80
http://example.org/stkg/id/obs_rel_K2BlackPanther_BTR80_20260205T224356Z_445_d_c	http://example.org/stkg/relationType	http://example.org/stkg/id/relation_behind_of
http://example.org/stkg/id/obs_rel_K2BlackPanther_BTR80_20260205T224356Z_445_d_c	http://example.org/stkg/time	"2026-02-05T22:43:56Z"^^<http://www.w3.org/2001/XMLSchema#dateTime>
http://example.org/stkg/id/obs_rel_K2BlackPanther_T90_20260205T224356Z_445_d_e	http://www.w3.org/1999/02/22-rdf-syntax-ns#type	http://example.org/stkg/id/SpatialRelationObservation
http://example.org/stkg/id/obs_rel_K2BlackPanther_T90_20260205T224356Z_445_d_e	http://example.org/stkg/subjectEntity	http://example.org/stkg/id/platform_K2BlackPanther
http://example.org/stkg/id/obs_rel_K2BlackPanther_T90_20260205T224356Z_445_d_e	http://example.org/stkg/objectEntity	http://example.org/stkg/id/platform_T90
http://example.org/stkg/id/obs_rel_K2BlackPanther_T90_20260205T224356Z_445_d_e	http://example.org/stkg/relationType	http://example.org/stkg/id/relation_ahead_of
http://example.org/stkg/id/obs_rel_K2BlackPanther_T90_20260205T224356Z_445_d_e	http://example.org/stkg/time	"2026-02-05T22:43:56Z"^^<http://www.w3.org/2001/XMLSchema#dateTime>
http://example.org/stkg/id/obs_rel_T90_K2BlackPanther_20260205T224356Z_445_e_d	http://www.w3.org/1999/02/22-rdf-syntax-ns#type	http://example.org/stkg/id/SpatialRelationObservation
http://example.org/stkg/id/obs_rel_T90_K2BlackPanther_20260205T224356Z_445_e_d	http://example.org/stkg/subjectEntity	http://example.org/stkg/id/platform_T90
http://example.org/stkg/id/obs_rel_T90_K2BlackPanther_20260205T224356Z_445_e_d	http://example.org/stkg/objectEntity	http://example.org/stkg/id/platform_K2BlackPanther
http://example.org/stkg/id/obs_rel_T90_K2BlackPanther_20260205T224356Z_445_e_d	http://example.org/stkg/relationType	http://example.org/stkg/id/relation_behind_of
http://example.org/stkg/id/obs_rel_T90_K2BlackPanther_20260205T224356Z_445_e_d	http://example.org/stkg/time	"2026-02-05T22:43:56Z"^^<http://www.w3.org/2001/XMLSchema#dateTime>
http://example.org/stkg/id/obs_rel_BTR80_T90_20260205T224356Z_445_c_e	http://www.w3.org/1999/02/22-rdf-syntax-ns#type	http://example.org/stkg/id/SpatialRelationObservation
http://example.org/stkg/id/obs_rel_BTR80_T90_20260205T224356Z_445_c_e	http://example.org/stkg/subjectEntity	http://example.org/stkg/id/platform_BTR80
http://example.org/stkg/id/obs_rel_BTR80_T90_20260205T224356Z_445_c_e	http://example.org/stkg/objectEntity	http://example.org/stkg/id/platform_T90
http://example.org/stkg/id/obs_rel_BTR80_T90_20260205T224356Z_445_c_e	http://example.org/stkg/relationType	http://example.org/stkg/id/relation_ahead_of
http://example.org/stkg/id/obs_rel_BTR80_T90_20260205T224356Z_445_c_e	http://example.org/stkg/time	"2026-02-05T22:43:56Z"^^<http://www.w3.org/2001/XMLSchema#dateTime>
http://example.org/stkg/id/obs_rel_T90_BTR80_20260205T224356Z_445_e_c	http://www.w3.org/1999/02/22-rdf-syntax-ns#type	http://example.org/stkg/id/SpatialRelationObservation
http://example.org/stkg/id/obs_rel_T90_BTR80_20260205T224356Z_445_e_c	http://example.org/stkg/subjectEntity	http://example.org/stkg/id/platform_T90
http://example.org/stkg/id/obs_rel_T90_BTR80_20260205T224356Z_445_e_c	http://example.org/stkg/objectEntity	http://example.org/stkg/id/platform_BTR80
http://example.org/stkg/id/obs_rel_T90_BTR80_20260205T224356Z_445_e_c	http://example.org/stkg/relationType	http://example.org/stkg/id/relation_behind_of
http://example.org/stkg/id/obs_rel_T90_BTR80_20260205T224356Z_445_e_c	http://example.org/stkg/time	"2026-02-05T22:43:56Z"^^<http://www.w3.org/2001/XMLSchema#dateTime>
http://example.org/stkg/id/obs_rel_BTR80_K2BlackPanther_20260205T224357Z_446_c_d	http://www.w3.org/1999/02/22-rdf-syntax-ns#type	http://example.org/stkg/id/SpatialRelationObservation
http://example.org/stkg/id/obs_rel_BTR80_K2BlackPanther_20260205T224357Z_446_c_d	http://example.org/stkg/subjectEntity	http://example.org/stkg/id/platform_BTR80
http://example.org/stkg/id/obs_rel_BTR80_K2BlackPanther_20260205T224357Z_446_c_d	http://example.org/stkg/objectEntity	http://example.org/stkg/id/platform_K2BlackPanther
http://example.org/stkg/id/obs_rel_BTR80_K2BlackPanther_20260205T224357Z_446_c_d	http://example.org/stkg/relationType	http://example.org/stkg/id/relation_ahead_of
http://example.org/stkg/id/obs_rel_BTR80_K2BlackPanther_20260205T224357Z_446_c_d	http://example.org/stkg/time	"2026-02-05T22:43:57Z"^^<http://www.w3.org/2001/XMLSchema#dateTime>
http://example.org/stkg/id/obs_rel_K2BlackPanther_BTR80_20260205T224357Z_446_d_c	http://www.w3.org/1999/02/22-rdf-syntax-ns#type	http://example.org/stkg/id/SpatialRelationObservation
http://example.org/stkg/id/obs_rel_K2BlackPanther_BTR80_20260205T224357Z_446_d_c	http://example.org/stkg/subjectEntity	http://example.org/stkg/id/platform_K2BlackPanther
http://example.org/stkg/id/obs_rel_K2BlackPanther_BTR80_20260205T224357Z_446_d_c	http://example.org/stkg/objectEntity	http://example.org/stkg/id/platform_BTR80
http://example.org/stkg/id/obs_rel_K2BlackPanther_BTR80_20260205T224357Z_446_d_c	http://example.org/stkg/relationType	http://example.org/stkg/id/relation_behind_of
http://example.org/stkg/id/obs_rel_K2BlackPanther_BTR80_20260205T224357Z_446_d_c	http://example.org/stkg/time	"2026-02-05T22:43:57Z"^^<http://www.w3.org/2001/XMLSchema#dateTime>
http://example.org/stkg/id/obs_rel_K2BlackPanther_T90_20260205T224357Z_446_d_e	http://www.w3.org/1999/02/22-rdf-syntax-ns#type	http://example.org/stkg/id/SpatialRelationObservation
http://example.org/stkg/id/obs_rel_K2BlackPanther_T90_20260205T224357Z_446_d_e	http://example.org/stkg/subjectEntity	http://example.org/stkg/id/platform_K2BlackPanther
http://example.org/stkg/id/obs_rel_K2BlackPanther_T90_20260205T224357Z_446_d_e	http://example.org/stkg/objectEntity	http://example.org/stkg/id/platform_T90
http://example.org/stkg/id/obs_rel_K2BlackPanther_T90_20260205T224357Z_446_d_e	http://example.org/stkg/relationType	http://example.org/stkg/id/relation_ahead_of
http://example.org/stkg/id/obs_rel_K2BlackPanther_T90_20260205T224357Z_446_d_e	http://example.org/stkg/time	"2026-02-05T22:43:57Z"^^<http://www.w3.org/2001/XMLSchema#dateTime>
http://example.org/stkg/id/obs_rel_T90_K2BlackPanther_20260205T224357Z_446_e_d	http://www.w3.org/1999/02/22-rdf-syntax-ns#type	http://example.org/stkg/id/SpatialRelationObservation
http://example.org/stkg/id/obs_rel_T90_K2BlackPanther_20260205T224357Z_446_e_d	http://example.org/stkg/subjectEntity	http://example.org/stkg/id/platform_T90
http://example.org/stkg/id/obs_rel_T90_K2BlackPanther_20260205T224357Z_446_e_d	http://example.org/stkg/objectEntity	http://example.org/stkg/id/platform_K2BlackPanther
http://example.org/stkg/id/obs_rel_T90_K2BlackPanther_20260205T224357Z_446_e_d	http://example.org/stkg/relationType	http://example.org/stkg/id/relation_behind_of
http://example.org/stkg/id/obs_rel_T90_K2BlackPanther_20260205T224357Z_446_e_d	http://example.org/stkg/time	"2026-02-05T22:43:57Z"^^<http://www.w3.org/2001/XMLSchema#dateTime>
http://example.org/stkg/id/obs_rel_BTR80_T90_20260205T224357Z_446_c_e	http://www.w3.org/1999/02/22-rdf-syntax-ns#type	http://example.org/stkg/id/SpatialRelationObservation
http://example.org/stkg/id/obs_rel_BTR80_T90_20260205T224357Z_446_c_e	http://example.org/stkg/subjectEntity	http://example.org/stkg/id/platform_BTR80
http://example.org/stkg/id/obs_rel_BTR80_T90_20260205T224357Z_446_c_e	http://example.org/stkg/objectEntity	http://example.org/stkg/id/platform_T90
http://example.org/stkg/id/obs_rel_BTR80_T90_20260205T224357Z_446_c_e	http://example.org/stkg/relationType	http://example.org/stkg/id/relation_ahead_of
http://example.org/stkg/id/obs_rel_BTR80_T90_20260205T224357Z_446_c_e	http://example.org/stkg/time	"2026-02-05T22:43:57Z"^^<http://www.w3.org/2001/XMLSchema#dateTime>
http://example.org/stkg/id/obs_rel_T90_BTR80_20260205T224357Z_446_e_c	http://www.w3.org/1999/02/22-rdf-syntax-ns#type	http://example.org/stkg/id/SpatialRelationObservation
http://example.org/stkg/id/obs_rel_T90_BTR80_20260205T224357Z_446_e_c	http://example.org/stkg/subjectEntity	http://example.org/stkg/id/platform_T90
http://example.org/stkg/id/obs_rel_T90_BTR80_20260205T224357Z_446_e_c	http://example.org/stkg/objectEntity	http://example.org/stkg/id/platform_BTR80
http://example.org/stkg/id/obs_rel_T90_BTR80_20260205T224357Z_446_e_c	http://example.org/stkg/relationType	http://example.org/stkg/id/relation_behind_of
http://example.org/stkg/id/obs_rel_T90_BTR80_20260205T224357Z_446_e_c	http://example.org/stkg/time	"2026-02-05T22:43:57Z"^^<http://www.w3.org/2001/XMLSchema#dateTime>
http://example.org/stkg/id/obs_rel_BTR80_K2BlackPanther_20260205T224358Z_447_c_d	http://www.w3.org/1999/02/22-rdf-syntax-ns#type	http://example.org/stkg/id/SpatialRelationObservation
http://example.org/stkg/id/obs_rel_BTR80_K2BlackPanther_20260205T224358Z_447_c_d	http://example.org/stkg/subjectEntity	http://example.org/stkg/id/platform_BTR80
http://example.org/stkg/id/obs_rel_BTR80_K2BlackPanther_20260205T224358Z_447_c_d	http://example.org/stkg/objectEntity	http://example.org/stkg/id/platform_K2BlackPanther
http://example.org/stkg/id/obs_rel_BTR80_K2BlackPanther_20260205T224358Z_447_c_d	http://example.org/stkg/relationType	http://example.org/stkg/id/relation_ahead_of
http://example.org/stkg/id/obs_rel_BTR80_K2BlackPanther_20260205T224358Z_447_c_d	http://example.org/stkg/time	"2026-02-05T22:43:58Z"^^<http://www.w3.org/2001/XMLSchema#dateTime>
http://example.org/stkg/id/obs_rel_K2BlackPanther_BTR80_20260205T224358Z_447_d_c	http://www.w3.org/1999/02/22-rdf-syntax-ns#type	http://example.org/stkg/id/SpatialRelationObservation
http://example.org/stkg/id/obs_rel_K2BlackPanther_BTR80_20260205T224358Z_447_d_c	http://example.org/stkg/subjectEntity	http://example.org/stkg/id/platform_K2BlackPanther
http://example.org/stkg/id/obs_rel_K2BlackPanther_BTR80_20260205T224358Z_447_d_c	http://example.org/stkg/objectEntity	http://example.org/stkg/id/platform_BTR80
http://example.org/stkg/id/obs_rel_K2BlackPanther_BTR80_20260205T224358Z_447_d_c	http://example.org/stkg/relationType	http://example.org/stkg/id/relation_behind_of
http://example.org/stkg/id/obs_rel_K2BlackPanther_BTR80_20260205T224358Z_447_d_c	http://example.org/stkg/time	"2026-02-05T22:43:58Z"^^<http://www.w3.org/2001/XMLSchema#dateTime>
http://example.org/stkg/id/obs_rel_K2BlackPanther_T90_20260205T224358Z_447_d_e	http://www.w3.org/1999/02/22-rdf-syntax-ns#type	http://example.org/stkg/id/SpatialRelationObservation
http://example.org/stkg/id/obs_rel_K2BlackPanther_T90_20260205T224358Z_447_d_e	http://example.org/stkg/subjectEntity	http://example.org/stkg/id/platform_K2BlackPanther
http://example.org/stkg/id/obs_rel_K2BlackPanther_T90_20260205T224358Z_447_d_e	http://example.org/stkg/objectEntity	http://example.org/stkg/id/platform_T90
http://example.org/stkg/id/obs_rel_K2BlackPanther_T90_20260205T224358Z_447_d_e	http://example.org/stkg/relationType	http://example.org/stkg/id/relation_ahead_of
http://example.org/stkg/id/obs_rel_K2BlackPanther_T90_20260205T224358Z_447_d_e	http://example.org/stkg/time	"2026-02-05T22:43:58Z"^^<http://www.w3.org/2001/XMLSchema#dateTime>
http://example.org/stkg/id/obs_rel_T90_K2BlackPanther_20260205T224358Z_447_e_d	http://www.w3.org/1999/02/22-rdf-syntax-ns#type	http://example.org/stkg/id/SpatialRelationObservation
http://example.org/stkg/id/obs_rel_T90_K2BlackPanther_20260205T224358Z_447_e_d	http://example.org/stkg/subjectEntity	http://example.org/stkg/id/platform_T90
http://example.org/stkg/id/obs_rel_T90_K2BlackPanther_20260205T224358Z_447_e_d	http://example.org/stkg/objectEntity	http://example.org/stkg/id/platform_K2BlackPanther
http://example.org/stkg/id/obs_rel_T90_K2BlackPanther_20260205T224358Z_447_e_d	http://example.org/stkg/relationType	http://example.org/stkg/id/relation_behind_of
http://example.org/stkg/id/obs_rel_T90_K2BlackPanther_20260205T224358Z_447_e_d	http://example.org/stkg/time	"2026-02-05T22:43:58Z"^^<http://www.w3.org/2001/XMLSchema#dateTime>
http://example.org/stkg/id/obs_rel_BTR80_T90_20260205T224358Z_447_c_e	http://www.w3.org/1999/02/22-rdf-syntax-ns#type	http://example.org/stkg/id/SpatialRelationObservation
http://example.org/stkg/id/obs_rel_BTR80_T90_20260205T224358Z_447_c_e	http://example.org/stkg/subjectEntity	http://example.org/stkg/id/platform_BTR80
http://example.org/stkg/id/obs_rel_BTR80_T90_20260205T224358Z_447_c_e	http://example.org/stkg/objectEntity	http://example.org/stkg/id/platform_T90
http://example.org/stkg/id/obs_rel_BTR80_T90_20260205T224358Z_447_c_e	http://example.org/stkg/relationType	http://example.org/stkg/id/relation_ahead_of
http://example.org/stkg/id/obs_rel_BTR80_T90_20260205T224358Z_447_c_e	http://example.org/stkg/time	"2026-02-05T22:43:58Z"^^<http://www.w3.org/2001/XMLSchema#dateTime>
http://example.org/stkg/id/obs_rel_T90_BTR80_20260205T224358Z_447_e_c	http://www.w3.org/1999/02/22-rdf-syntax-ns#type	http://example.org/stkg/id/SpatialRelationObservation
http://example.org/stkg/id/obs_rel_T90_BTR80_20260205T224358Z_447_e_c	http://example.org/stkg/subjectEntity	http://example.org/stkg/id/platform_T90
http://example.org/stkg/id/obs_rel_T90_BTR80_20260205T224358Z_447_e_c	http://example.org/stkg/objectEntity	http://example.org/stkg/id/platform_BTR80
http://example.org/stkg/id/obs_rel_T90_BTR80_20260205T224358Z_447_e_c	http://example.org/stkg/relationType	http://example.org/stkg/id/relation_behind_of
http://example.org/stkg/id/obs_rel_T90_BTR80_20260205T224358Z_447_e_c	http://example.org/stkg/time	"2026-02-05T22:43:58Z"^^<http://www.w3.org/2001/XMLSchema#dateTime>
http://example.org/stkg/id/obs_rel_BTR80_K2BlackPanther_20260205T224359Z_448_c_d	http://www.w3.org/1999/02/22-rdf-syntax-ns#type	http://example.org/stkg/id/SpatialRelationObservation
http://example.org/stkg/id/obs_rel_BTR80_K2BlackPanther_20260205T224359Z_448_c_d	http://example.org/stkg/subjectEntity	http://example.org/stkg/id/platform_BTR80
http://example.org/stkg/id/obs_rel_BTR80_K2BlackPanther_20260205T224359Z_448_c_d	http://example.org/stkg/objectEntity	http://example.org/stkg/id/platform_K2BlackPanther
http://example.org/stkg/id/obs_rel_BTR80_K2BlackPanther_20260205T224359Z_448_c_d	http://example.org/stkg/relationType	http://example.org/stkg/id/relation_ahead_of
http://example.org/stkg/id/obs_rel_BTR80_K2BlackPanther_20260205T224359Z_448_c_d	http://example.org/stkg/time	"2026-02-05T22:43:59Z"^^<http://www.w3.org/2001/XMLSchema#dateTime>
http://example.org/stkg/id/obs_rel_K2BlackPanther_BTR80_20260205T224359Z_448_d_c	http://www.w3.org/1999/02/22-rdf-syntax-ns#type	http://example.org/stkg/id/SpatialRelationObservation
http://example.org/stkg/id/obs_rel_K2BlackPanther_BTR80_20260205T224359Z_448_d_c	http://example.org/stkg/subjectEntity	http://example.org/stkg/id/platform_K2BlackPanther
http://example.org/stkg/id/obs_rel_K2BlackPanther_BTR80_20260205T224359Z_448_d_c	http://example.org/stkg/objectEntity	http://example.org/stkg/id/platform_BTR80
http://example.org/stkg/id/obs_rel_K2BlackPanther_BTR80_20260205T224359Z_448_d_c	http://example.org/stkg/relationType	http://example.org/stkg/id/relation_behind_of
http://example.org/stkg/id/obs_rel_K2BlackPanther_BTR80_20260205T224359Z_448_d_c	http://example.org/stkg/time	"2026-02-05T22:43:59Z"^^<http://www.w3.org/2001/XMLSchema#dateTime>
http://example.org/stkg/id/obs_rel_K2BlackPanther_T90_20260205T224359Z_448_d_e	http://www.w3.org/1999/02/22-rdf-syntax-ns#type	http://example.org/stkg/id/SpatialRelationObservation
http://example.org/stkg/id/obs_rel_K2BlackPanther_T90_20260205T224359Z_448_d_e	http://example.org/stkg/subjectEntity	http://example.org/stkg/id/platform_K2BlackPanther
http://example.org/stkg/id/obs_rel_K2BlackPanther_T90_20260205T224359Z_448_d_e	http://example.org/stkg/objectEntity	http://example.org/stkg/id/platform_T90
http://example.org/stkg/id/obs_rel_K2BlackPanther_T90_20260205T224359Z_448_d_e	http://example.org/stkg/relationType	http://example.org/stkg/id/relation_ahead_of
http://example.org/stkg/id/obs_rel_K2BlackPanther_T90_20260205T224359Z_448_d_e	http://example.org/stkg/time	"2026-02-05T22:43:59Z"^^<http://www.w3.org/2001/XMLSchema#dateTime>
http://example.org/stkg/id/obs_rel_T90_K2BlackPanther_20260205T224359Z_448_e_d	http://www.w3.org/1999/02/22-rdf-syntax-ns#type	http://example.org/stkg/id/SpatialRelationObservation
http://example.org/stkg/id/obs_rel_T90_K2BlackPanther_20260205T224359Z_448_e_d	http://example.org/stkg/subjectEntity	http://example.org/stkg/id/platform_T90
http://example.org/stkg/id/obs_rel_T90_K2BlackPanther_20260205T224359Z_448_e_d	http://example.org/stkg/objectEntity	http://example.org/stkg/id/platform_K2BlackPanther
http://example.org/stkg/id/obs_rel_T90_K2BlackPanther_20260205T224359Z_448_e_d	http://example.org/stkg/relationType	http://example.org/stkg/id/relation_behind_of
http://example.org/stkg/id/obs_rel_T90_K2BlackPanther_20260205T224359Z_448_e_d	http://example.org/stkg/time	"2026-02-05T22:43:59Z"^^<http://www.w3.org/2001/XMLSchema#dateTime>
http://example.org/stkg/id/obs_rel_BTR80_T90_20260205T224359Z_448_c_e	http://www.w3.org/1999/02/22-rdf-syntax-ns#type	http://example.org/stkg/id/SpatialRelationObservation
http://example.org/stkg/id/obs_rel_BTR80_T90_20260205T224359Z_448_c_e	http://example.org/stkg/subjectEntity	http://example.org/stkg/id/platform_BTR80
http://example.org/stkg/id/obs_rel_BTR80_T90_20260205T224359Z_448_c_e	http://example.org/stkg/objectEntity	http://example.org/stkg/id/platform_T90
http://example.org/stkg/id/obs_rel_BTR80_T90_20260205T224359Z_448_c_e	http://example.org/stkg/relationType	http://example.org/stkg/id/relation_ahead_of
http://example.org/stkg/id/obs_rel_BTR80_T90_20260205T224359Z_448_c_e	http://example.org/stkg/time	"2026-02-05T22:43:59Z"^^<http://www.w3.org/2001/XMLSchema#dateTime>
http://example.org/stkg/id/obs_rel_T90_BTR80_20260205T224359Z_448_e_c	http://www.w3.org/1999/02/22-rdf-syntax-ns#type	http://example.org/stkg/id/SpatialRelationObservation
http://example.org/stkg/id/obs_rel_T90_BTR80_20260205T224359Z_448_e_c	http://example.org/stkg/subjectEntity	http://example.org/stkg/id/platform_T90
http://example.org/stkg/id/obs_rel_T90_BTR80_20260205T224359Z_448_e_c	http://example.org/stkg/objectEntity	http://example.org/stkg/id/platform_BTR80
http://example.org/stkg/id/obs_rel_T90_BTR80_20260205T224359Z_448_e_c	http://example.org/stkg/relationType	http://example.org/stkg/id/relation_behind_of
http://example.org/stkg/id/obs_rel_T90_BTR80_20260205T224359Z_448_e_c	http://example.org/stkg/time	"2026-02-05T22:43:59Z"^^<http://www.w3.org/2001/XMLSchema#dateTime>
http://example.org/stkg/id/obs_rel_BTR80_K2BlackPanther_20260205T224400Z_449_c_d	http://www.w3.org/1999/02/22-rdf-syntax-ns#type	http://example.org/stkg/id/SpatialRelationObservation
http://example.org/stkg/id/obs_rel_BTR80_K2BlackPanther_20260205T224400Z_449_c_d	http://example.org/stkg/subjectEntity	http://example.org/stkg/id/platform_BTR80
http://example.org/stkg/id/obs_rel_BTR80_K2BlackPanther_20260205T224400Z_449_c_d	http://example.org/stkg/objectEntity	http://example.org/stkg/id/platform_K2BlackPanther
http://example.org/stkg/id/obs_rel_BTR80_K2BlackPanther_20260205T224400Z_449_c_d	http://example.org/stkg/relationType	http://example.org/stkg/id/relation_ahead_of
http://example.org/stkg/id/obs_rel_BTR80_K2BlackPanther_20260205T224400Z_449_c_d	http://example.org/stkg/time	"2026-02-05T22:44:00Z"^^<http://www.w3.org/2001/XMLSchema#dateTime>
http://example.org/stkg/id/obs_rel_K2BlackPanther_BTR80_20260205T224400Z_449_d_c	http://www.w3.org/1999/02/22-rdf-syntax-ns#type	http://example.org/stkg/id/SpatialRelationObservation
http://example.org/stkg/id/obs_rel_K2BlackPanther_BTR80_20260205T224400Z_449_d_c	http://example.org/stkg/subjectEntity	http://example.org/stkg/id/platform_K2BlackPanther
http://example.org/stkg/id/obs_rel_K2BlackPanther_BTR80_20260205T224400Z_449_d_c	http://example.org/stkg/objectEntity	http://example.org/stkg/id/platform_BTR80
http://example.org/stkg/id/obs_rel_K2BlackPanther_BTR80_20260205T224400Z_449_d_c	http://example.org/stkg/relationType	http://example.org/stkg/id/relation_behind_of
http://example.org/stkg/id/obs_rel_K2BlackPanther_BTR80_20260205T224400Z_449_d_c	http://example.org/stkg/time	"2026-02-05T22:44:00Z"^^<http://www.w3.org/2001/XMLSchema#dateTime>
http://example.org/stkg/id/obs_rel_K2BlackPanther_T90_20260205T224400Z_449_d_e	http://www.w3.org/1999/02/22-rdf-syntax-ns#type	http://example.org/stkg/id/SpatialRelationObservation
http://example.org/stkg/id/obs_rel_K2BlackPanther_T90_20260205T224400Z_449_d_e	http://example.org/stkg/subjectEntity	http://example.org/stkg/id/platform_K2BlackPanther
http://example.org/stkg/id/obs_rel_K2BlackPanther_T90_20260205T224400Z_449_d_e	http://example.org/stkg/objectEntity	http://example.org/stkg/id/platform_T90
http://example.org/stkg/id/obs_rel_K2BlackPanther_T90_20260205T224400Z_449_d_e	http://example.org/stkg/relationType	http://example.org/stkg/id/relation_ahead_of
http://example.org/stkg/id/obs_rel_K2BlackPanther_T90_20260205T224400Z_449_d_e	http://example.org/stkg/time	"2026-02-05T22:44:00Z"^^<http://www.w3.org/2001/XMLSchema#dateTime>
http://example.org/stkg/id/obs_rel_T90_K2BlackPanther_20260205T224400Z_449_e_d	http://www.w3.org/1999/02/22-rdf-syntax-ns#type	http://example.org/stkg/id/SpatialRelationObservation
http://example.org/stkg/id/obs_rel_T90_K2BlackPanther_20260205T224400Z_449_e_d	http://example.org/stkg/subjectEntity	http://example.org/stkg/id/platform_T90
http://example.org/stkg/id/obs_rel_T90_K2BlackPanther_20260205T224400Z_449_e_d	http://example.org/stkg/objectEntity	http://example.org/stkg/id/platform_K2BlackPanther
http://example.org/stkg/id/obs_rel_T90_K2BlackPanther_20260205T224400Z_449_e_d	http://example.org/stkg/relationType	http://example.org/stkg/id/relation_behind_of
http://example.org/stkg/id/obs_rel_T90_K2BlackPanther_20260205T224400Z_449_e_d	http://example.org/stkg/time	"2026-02-05T22:44:00Z"^^<http://www.w3.org/2001/XMLSchema#dateTime>
http://example.org/stkg/id/obs_rel_BTR80_T90_20260205T224400Z_449_c_e	http://www.w3.org/1999/02/22-rdf-syntax-ns#type	http://example.org/stkg/id/SpatialRelationObservation
http://example.org/stkg/id/obs_rel_BTR80_T90_20260205T224400Z_449_c_e	http://example.org/stkg/subjectEntity	http://example.org/stkg/id/platform_BTR80
http://example.org/stkg/id/obs_rel_BTR80_T90_20260205T224400Z_449_c_e	http://example.org/stkg/objectEntity	http://example.org/stkg/id/platform_T90
http://example.org/stkg/id/obs_rel_BTR80_T90_20260205T224400Z_449_c_e	http://example.org/stkg/relationType	http://example.org/stkg/id/relation_ahead_of
http://example.org/stkg/id/obs_rel_BTR80_T90_20260205T224400Z_449_c_e	http://example.org/stkg/time	"2026-02-05T22:44:00Z"^^<http://www.w3.org/2001/XMLSchema#dateTime>
http://example.org/stkg/id/obs_rel_T90_BTR80_20260205T224400Z_449_e_c	http://www.w3.org/1999/02/22-rdf-syntax-ns#type	http://example.org/stkg/id/SpatialRelationObservation
http://example.org/stkg/id/obs_rel_T90_BTR80_20260205T224400Z_449_e_c	http://example.org/stkg/subjectEntity	http://example.org/stkg/id/platform_T90
http://example.org/stkg/id/obs_rel_T90_BTR80_20260205T224400Z_449_e_c	http://example.org/stkg/objectEntity	http://example.org/stkg/id/platform_BTR80
http://example.org/stkg/id/obs_rel_T90_BTR80_20260205T224400Z_449_e_c	http://example.org/stkg/relationType	http://example.org/stkg/id/relation_behind_of
http://example.org/stkg/id/obs_rel_T90_BTR80_20260205T224400Z_449_e_c	http://example.org/stkg/time	"2026-02-05T22:44:00Z"^^<http://www.w3.org/2001/XMLSchema#dateTime>
http://example.org/stkg/id/obs_rel_BTR80_K2BlackPanther_20260205T224401Z_450_c_d	http://www.w3.org/1999/02/22-rdf-syntax-ns#type	http://example.org/stkg/id/SpatialRelationObservation
http://example.org/stkg/id/obs_rel_BTR80_K2BlackPanther_20260205T224401Z_450_c_d	http://example.org/stkg/subjectEntity	http://example.org/stkg/id/platform_BTR80
http://example.org/stkg/id/obs_rel_BTR80_K2BlackPanther_20260205T224401Z_450_c_d	http://example.org/stkg/objectEntity	http://example.org/stkg/id/platform_K2BlackPanther
http://example.org/stkg/id/obs_rel_BTR80_K2BlackPanther_20260205T224401Z_450_c_d	http://example.org/stkg/relationType	http://example.org/stkg/id/relation_ahead_of
http://example.org/stkg/id/obs_rel_BTR80_K2BlackPanther_20260205T224401Z_450_c_d	http://example.org/stkg/time	"2026-02-05T22:44:01Z"^^<http://www.w3.org/2001/XMLSchema#dateTime>
http://example.org/stkg/id/obs_rel_K2BlackPanther_BTR80_20260205T224401Z_450_d_c	http://www.w3.org/1999/02/22-rdf-syntax-ns#type	http://example.org/stkg/id/SpatialRelationObservation
http://example.org/stkg/id/obs_rel_K2BlackPanther_BTR80_20260205T224401Z_450_d_c	http://example.org/stkg/subjectEntity	http://example.org/stkg/id/platform_K2BlackPanther
http://example.org/stkg/id/obs_rel_K2BlackPanther_BTR80_20260205T224401Z_450_d_c	http://example.org/stkg/objectEntity	http://example.org/stkg/id/platform_BTR80
http://example.org/stkg/id/obs_rel_K2BlackPanther_BTR80_20260205T224401Z_450_d_c	http://example.org/stkg/relationType	http://example.org/stkg/id/relation_behind_of
http://example.org/stkg/id/obs_rel_K2BlackPanther_BTR80_20260205T224401Z_450_d_c	http://example.org/stkg/time	"2026-02-05T22:44:01Z"^^<http://www.w3.org/2001/XMLSchema#dateTime>
http://example.org/stkg/id/obs_rel_K2BlackPanther_T90_20260205T224401Z_450_d_e	http://www.w3.org/1999/02/22-rdf-syntax-ns#type	http://example.org/stkg/id/SpatialRelationObservation
http://example.org/stkg/id/obs_rel_K2BlackPanther_T90_20260205T224401Z_450_d_e	http://example.org/stkg/subjectEntity	http://example.org/stkg/id/platform_K2BlackPanther
http://example.org/stkg/id/obs_rel_K2BlackPanther_T90_20260205T224401Z_450_d_e	http://example.org/stkg/objectEntity	http://example.org/stkg/id/platform_T90
http://example.org/stkg/id/obs_rel_K2BlackPanther_T90_20260205T224401Z_450_d_e	http://example.org/stkg/relationType	http://example.org/stkg/id/relation_ahead_of
http://example.org/stkg/id/obs_rel_K2BlackPanther_T90_20260205T224401Z_450_d_e	http://example.org/stkg/time	"2026-02-05T22:44:01Z"^^<http://www.w3.org/2001/XMLSchema#dateTime>
http://example.org/stkg/id/obs_rel_T90_K2BlackPanther_20260205T224401Z_450_e_d	http://www.w3.org/1999/02/22-rdf-syntax-ns#type	http://example.org/stkg/id/SpatialRelationObservation
http://example.org/stkg/id/obs_rel_T90_K2BlackPanther_20260205T224401Z_450_e_d	http://example.org/stkg/subjectEntity	http://example.org/stkg/id/platform_T90
http://example.org/stkg/id/obs_rel_T90_K2BlackPanther_20260205T224401Z_450_e_d	http://example.org/stkg/objectEntity	http://example.org/stkg/id/platform_K2BlackPanther
http://example.org/stkg/id/obs_rel_T90_K2BlackPanther_20260205T224401Z_450_e_d	http://example.org/stkg/relationType	http://example.org/stkg/id/relation_behind_of
http://example.org/stkg/id/obs_rel_T90_K2BlackPanther_20260205T224401Z_450_e_d	http://example.org/stkg/time	"2026-02-05T22:44:01Z"^^<http://www.w3.org/2001/XMLSchema#dateTime>
http://example.org/stkg/id/obs_rel_BTR80_T90_20260205T224401Z_450_c_e	http://www.w3.org/1999/02/22-rdf-syntax-ns#type	http://example.org/stkg/id/SpatialRelationObservation
http://example.org/stkg/id/obs_rel_BTR80_T90_20260205T224401Z_450_c_e	http://example.org/stkg/subjectEntity	http://example.org/stkg/id/platform_BTR80
http://example.org/stkg/id/obs_rel_BTR80_T90_20260205T224401Z_450_c_e	http://example.org/stkg/objectEntity	http://example.org/stkg/id/platform_T90
http://example.org/stkg/id/obs_rel_BTR80_T90_20260205T224401Z_450_c_e	http://example.org/stkg/relationType	http://example.org/stkg/id/relation_ahead_of
http://example.org/stkg/id/obs_rel_BTR80_T90_20260205T224401Z_450_c_e	http://example.org/stkg/time	"2026-02-05T22:44:01Z"^^<http://www.w3.org/2001/XMLSchema#dateTime>
http://example.org/stkg/id/obs_rel_T90_BTR80_20260205T224401Z_450_e_c	http://www.w3.org/1999/02/22-rdf-syntax-ns#type	http://example.org/stkg/id/SpatialRelationObservation
http://example.org/stkg/id/obs_rel_T90_BTR80_20260205T224401Z_450_e_c	http://example.org/stkg/subjectEntity	http://example.org/stkg/id/platform_T90
http://example.org/stkg/id/obs_rel_T90_BTR80_20260205T224401Z_450_e_c	http://example.org/stkg/objectEntity	http://example.org/stkg/id/platform_BTR80
http://example.org/stkg/id/obs_rel_T90_BTR80_20260205T224401Z_450_e_c	http://example.org/stkg/relationType	http://example.org/stkg/id/relation_behind_of
http://example.org/stkg/id/obs_rel_T90_BTR80_20260205T224401Z_450_e_c	http://example.org/stkg/time	"2026-02-05T22:44:01Z"^^<http://www.w3.org/2001/XMLSchema#dateTime>
http://example.org/stkg/id/obs_rel_BTR80_K2BlackPanther_20260205T224402Z_451_c_d	http://www.w3.org/1999/02/22-rdf-syntax-ns#type	http://example.org/stkg/id/SpatialRelationObservation
http://example.org/stkg/id/obs_rel_BTR80_K2BlackPanther_20260205T224402Z_451_c_d	http://example.org/stkg/subjectEntity	http://example.org/stkg/id/platform_BTR80
http://example.org/stkg/id/obs_rel_BTR80_K2BlackPanther_20260205T224402Z_451_c_d	http://example.org/stkg/objectEntity	http://example.org/stkg/id/platform_K2BlackPanther
http://example.org/stkg/id/obs_rel_BTR80_K2BlackPanther_20260205T224402Z_451_c_d	http://example.org/stkg/relationType	http://example.org/stkg/id/relation_ahead_of
http://example.org/stkg/id/obs_rel_BTR80_K2BlackPanther_20260205T224402Z_451_c_d	http://example.org/stkg/time	"2026-02-05T22:44:02Z"^^<http://www.w3.org/2001/XMLSchema#dateTime>
http://example.org/stkg/id/obs_rel_K2BlackPanther_BTR80_20260205T224402Z_451_d_c	http://www.w3.org/1999/02/22-rdf-syntax-ns#type	http://example.org/stkg/id/SpatialRelationObservation
http://example.org/stkg/id/obs_rel_K2BlackPanther_BTR80_20260205T224402Z_451_d_c	http://example.org/stkg/subjectEntity	http://example.org/stkg/id/platform_K2BlackPanther
http://example.org/stkg/id/obs_rel_K2BlackPanther_BTR80_20260205T224402Z_451_d_c	http://example.org/stkg/objectEntity	http://example.org/stkg/id/platform_BTR80
http://example.org/stkg/id/obs_rel_K2BlackPanther_BTR80_20260205T224402Z_451_d_c	http://example.org/stkg/relationType	http://example.org/stkg/id/relation_behind_of
http://example.org/stkg/id/obs_rel_K2BlackPanther_BTR80_20260205T224402Z_451_d_c	http://example.org/stkg/time	"2026-02-05T22:44:02Z"^^<http://www.w3.org/2001/XMLSchema#dateTime>
http://example.org/stkg/id/obs_rel_K2BlackPanther_T90_20260205T224402Z_451_d_e	http://www.w3.org/1999/02/22-rdf-syntax-ns#type	http://example.org/stkg/id/SpatialRelationObservation
http://example.org/stkg/id/obs_rel_K2BlackPanther_T90_20260205T224402Z_451_d_e	http://example.org/stkg/subjectEntity	http://example.org/stkg/id/platform_K2BlackPanther
http://example.org/stkg/id/obs_rel_K2BlackPanther_T90_20260205T224402Z_451_d_e	http://example.org/stkg/objectEntity	http://example.org/stkg/id/platform_T90
http://example.org/stkg/id/obs_rel_K2BlackPanther_T90_20260205T224402Z_451_d_e	http://example.org/stkg/relationType	http://example.org/stkg/id/relation_ahead_of
http://example.org/stkg/id/obs_rel_K2BlackPanther_T90_20260205T224402Z_451_d_e	http://example.org/stkg/time	"2026-02-05T22:44:02Z"^^<http://www.w3.org/2001/XMLSchema#dateTime>
http://example.org/stkg/id/obs_rel_T90_K2BlackPanther_20260205T224402Z_451_e_d	http://www.w3.org/1999/02/22-rdf-syntax-ns#type	http://example.org/stkg/id/SpatialRelationObservation
http://example.org/stkg/id/obs_rel_T90_K2BlackPanther_20260205T224402Z_451_e_d	http://example.org/stkg/subjectEntity	http://example.org/stkg/id/platform_T90
http://example.org/stkg/id/obs_rel_T90_K2BlackPanther_20260205T224402Z_451_e_d	http://example.org/stkg/objectEntity	http://example.org/stkg/id/platform_K2BlackPanther
http://example.org/stkg/id/obs_rel_T90_K2BlackPanther_20260205T224402Z_451_e_d	http://example.org/stkg/relationType	http://example.org/stkg/id/relation_behind_of
http://example.org/stkg/id/obs_rel_T90_K2BlackPanther_20260205T224402Z_451_e_d	http://example.org/stkg/time	"2026-02-05T22:44:02Z"^^<http://www.w3.org/2001/XMLSchema#dateTime>
http://example.org/stkg/id/obs_rel_BTR80_T90_20260205T224402Z_451_c_e	http://www.w3.org/1999/02/22-rdf-syntax-ns#type	http://example.org/stkg/id/SpatialRelationObservation
http://example.org/stkg/id/obs_rel_BTR80_T90_20260205T224402Z_451_c_e	http://example.org/stkg/subjectEntity	http://example.org/stkg/id/platform_BTR80
http://example.org/stkg/id/obs_rel_BTR80_T90_20260205T224402Z_451_c_e	http://example.org/stkg/objectEntity	http://example.org/stkg/id/platform_T90
http://example.org/stkg/id/obs_rel_BTR80_T90_20260205T224402Z_451_c_e	http://example.org/stkg/relationType	http://example.org/stkg/id/relation_ahead_of
http://example.org/stkg/id/obs_rel_BTR80_T90_20260205T224402Z_451_c_e	http://example.org/stkg/time	"2026-02-05T22:44:02Z"^^<http://www.w3.org/2001/XMLSchema#dateTime>
http://example.org/stkg/id/obs_rel_T90_BTR80_20260205T224402Z_451_e_c	http://www.w3.org/1999/02/22-rdf-syntax-ns#type	http://example.org/stkg/id/SpatialRelationObservation
http://example.org/stkg/id/obs_rel_T90_BTR80_20260205T224402Z_451_e_c	http://example.org/stkg/subjectEntity	http://example.org/stkg/id/platform_T90
http://example.org/stkg/id/obs_rel_T90_BTR80_20260205T224402Z_451_e_c	http://example.org/stkg/objectEntity	http://example.org/stkg/id/platform_BTR80
http://example.org/stkg/id/obs_rel_T90_BTR80_20260205T224402Z_451_e_c	http://example.org/stkg/relationType	http://example.org/stkg/id/relation_behind_of
http://example.org/stkg/id/obs_rel_T90_BTR80_20260205T224402Z_451_e_c	http://example.org/stkg/time	"2026-02-05T22:44:02Z"^^<http://www.w3.org/2001/XMLSchema#dateTime>
http://example.org/stkg/id/obs_rel_BTR80_K2BlackPanther_20260205T224403Z_452_c_d	http://www.w3.org/1999/02/22-rdf-syntax-ns#type	http://example.org/stkg/id/SpatialRelationObservation
http://example.org/stkg/id/obs_rel_BTR80_K2BlackPanther_20260205T224403Z_452_c_d	http://example.org/stkg/subjectEntity	http://example.org/stkg/id/platform_BTR80
http://example.org/stkg/id/obs_rel_BTR80_K2BlackPanther_20260205T224403Z_452_c_d	http://example.org/stkg/objectEntity	http://example.org/stkg/id/platform_K2BlackPanther
http://example.org/stkg/id/obs_rel_BTR80_K2BlackPanther_20260205T224403Z_452_c_d	http://example.org/stkg/relationType	http://example.org/stkg/id/relation_ahead_of
http://example.org/stkg/id/obs_rel_BTR80_K2BlackPanther_20260205T224403Z_452_c_d	http://example.org/stkg/time	"2026-02-05T22:44:03Z"^^<http://www.w3.org/2001/XMLSchema#dateTime>
http://example.org/stkg/id/obs_rel_K2BlackPanther_BTR80_20260205T224403Z_452_d_c	http://www.w3.org/1999/02/22-rdf-syntax-ns#type	http://example.org/stkg/id/SpatialRelationObservation
http://example.org/stkg/id/obs_rel_K2BlackPanther_BTR80_20260205T224403Z_452_d_c	http://example.org/stkg/subjectEntity	http://example.org/stkg/id/platform_K2BlackPanther
http://example.org/stkg/id/obs_rel_K2BlackPanther_BTR80_20260205T224403Z_452_d_c	http://example.org/stkg/objectEntity	http://example.org/stkg/id/platform_BTR80
http://example.org/stkg/id/obs_rel_K2BlackPanther_BTR80_20260205T224403Z_452_d_c	http://example.org/stkg/relationType	http://example.org/stkg/id/relation_behind_of
http://example.org/stkg/id/obs_rel_K2BlackPanther_BTR80_20260205T224403Z_452_d_c	http://example.org/stkg/time	"2026-02-05T22:44:03Z"^^<http://www.w3.org/2001/XMLSchema#dateTime>
http://example.org/stkg/id/obs_rel_K2BlackPanther_T90_20260205T224403Z_452_d_e	http://www.w3.org/1999/02/22-rdf-syntax-ns#type	http://example.org/stkg/id/SpatialRelationObservation
http://example.org/stkg/id/obs_rel_K2BlackPanther_T90_20260205T224403Z_452_d_e	http://example.org/stkg/subjectEntity	http://example.org/stkg/id/platform_K2BlackPanther
http://example.org/stkg/id/obs_rel_K2BlackPanther_T90_20260205T224403Z_452_d_e	http://example.org/stkg/objectEntity	http://example.org/stkg/id/platform_T90
http://example.org/stkg/id/obs_rel_K2BlackPanther_T90_20260205T224403Z_452_d_e	http://example.org/stkg/relationType	http://example.org/stkg/id/relation_ahead_of
http://example.org/stkg/id/obs_rel_K2BlackPanther_T90_20260205T224403Z_452_d_e	http://example.org/stkg/time	"2026-02-05T22:44:03Z"^^<http://www.w3.org/2001/XMLSchema#dateTime>
http://example.org/stkg/id/obs_rel_T90_K2BlackPanther_20260205T224403Z_452_e_d	http://www.w3.org/1999/02/22-rdf-syntax-ns#type	http://example.org/stkg/id/SpatialRelationObservation
http://example.org/stkg/id/obs_rel_T90_K2BlackPanther_20260205T224403Z_452_e_d	http://example.org/stkg/subjectEntity	http://example.org/stkg/id/platform_T90
http://example.org/stkg/id/obs_rel_T90_K2BlackPanther_20260205T224403Z_452_e_d	http://example.org/stkg/objectEntity	http://example.org/stkg/id/platform_K2BlackPanther
http://example.org/stkg/id/obs_rel_T90_K2BlackPanther_20260205T224403Z_452_e_d	http://example.org/stkg/relationType	http://example.org/stkg/id/relation_behind_of
http://example.org/stkg/id/obs_rel_T90_K2BlackPanther_20260205T224403Z_452_e_d	http://example.org/stkg/time	"2026-02-05T22:44:03Z"^^<http://www.w3.org/2001/XMLSchema#dateTime>
http://example.org/stkg/id/obs_rel_BTR80_T90_20260205T224403Z_452_c_e	http://www.w3.org/1999/02/22-rdf-syntax-ns#type	http://example.org/stkg/id/SpatialRelationObservation
http://example.org/stkg/id/obs_rel_BTR80_T90_20260205T224403Z_452_c_e	http://example.org/stkg/subjectEntity	http://example.org/stkg/id/platform_BTR80
http://example.org/stkg/id/obs_rel_BTR80_T90_20260205T224403Z_452_c_e	http://example.org/stkg/objectEntity	http://example.org/stkg/id/platform_T90
http://example.org/stkg/id/obs_rel_BTR80_T90_20260205T224403Z_452_c_e	http://example.org/stkg/relationType	http://example.org/stkg/id/relation_ahead_of
http://example.org/stkg/id/obs_rel_BTR80_T90_20260205T224403Z_452_c_e	http://example.org/stkg/time	"2026-02-05T22:44:03Z"^^<http://www.w3.org/2001/XMLSchema#dateTime>
http://example.org/stkg/id/obs_rel_T90_BTR80_20260205T224403Z_452_e_c	http://www.w3.org/1999/02/22-rdf-syntax-ns#type	http://example.org/stkg/id/SpatialRelationObservation
http://example.org/stkg/id/obs_rel_T90_BTR80_20260205T224403Z_452_e_c	http://example.org/stkg/subjectEntity	http://example.org/stkg/id/platform_T90
http://example.org/stkg/id/obs_rel_T90_BTR80_20260205T224403Z_452_e_c	http://example.org/stkg/objectEntity	http://example.org/stkg/id/platform_BTR80
http://example.org/stkg/id/obs_rel_T90_BTR80_20260205T224403Z_452_e_c	http://example.org/stkg/relationType	http://example.org/stkg/id/relation_behind_of
http://example.org/stkg/id/obs_rel_T90_BTR80_20260205T224403Z_452_e_c	http://example.org/stkg/time	"2026-02-05T22:44:03Z"^^<http://www.w3.org/2001/XMLSchema#dateTime>
http://example.org/stkg/id/obs_rel_BTR80_K2BlackPanther_20260205T224404Z_453_c_d	http://www.w3.org/1999/02/22-rdf-syntax-ns#type	http://example.org/stkg/id/SpatialRelationObservation
http://example.org/stkg/id/obs_rel_BTR80_K2BlackPanther_20260205T224404Z_453_c_d	http://example.org/stkg/subjectEntity	http://example.org/stkg/id/platform_BTR80
http://example.org/stkg/id/obs_rel_BTR80_K2BlackPanther_20260205T224404Z_453_c_d	http://example.org/stkg/objectEntity	http://example.org/stkg/id/platform_K2BlackPanther
http://example.org/stkg/id/obs_rel_BTR80_K2BlackPanther_20260205T224404Z_453_c_d	http://example.org/stkg/relationType	http://example.org/stkg/id/relation_ahead_of
http://example.org/stkg/id/obs_rel_BTR80_K2BlackPanther_20260205T224404Z_453_c_d	http://example.org/stkg/time	"2026-02-05T22:44:04Z"^^<http://www.w3.org/2001/XMLSchema#dateTime>
http://example.org/stkg/id/obs_rel_K2BlackPanther_BTR80_20260205T224404Z_453_d_c	http://www.w3.org/1999/02/22-rdf-syntax-ns#type	http://example.org/stkg/id/SpatialRelationObservation
http://example.org/stkg/id/obs_rel_K2BlackPanther_BTR80_20260205T224404Z_453_d_c	http://example.org/stkg/subjectEntity	http://example.org/stkg/id/platform_K2BlackPanther
http://example.org/stkg/id/obs_rel_K2BlackPanther_BTR80_20260205T224404Z_453_d_c	http://example.org/stkg/objectEntity	http://example.org/stkg/id/platform_BTR80
http://example.org/stkg/id/obs_rel_K2BlackPanther_BTR80_20260205T224404Z_453_d_c	http://example.org/stkg/relationType	http://example.org/stkg/id/relation_behind_of
http://example.org/stkg/id/obs_rel_K2BlackPanther_BTR80_20260205T224404Z_453_d_c	http://example.org/stkg/time	"2026-02-05T22:44:04Z"^^<http://www.w3.org/2001/XMLSchema#dateTime>
http://example.org/stkg/id/obs_rel_K2BlackPanther_T90_20260205T224404Z_453_d_e	http://www.w3.org/1999/02/22-rdf-syntax-ns#type	http://example.org/stkg/id/SpatialRelationObservation
http://example.org/stkg/id/obs_rel_K2BlackPanther_T90_20260205T224404Z_453_d_e	http://example.org/stkg/subjectEntity	http://example.org/stkg/id/platform_K2BlackPanther
http://example.org/stkg/id/obs_rel_K2BlackPanther_T90_20260205T224404Z_453_d_e	http://example.org/stkg/objectEntity	http://example.org/stkg/id/platform_T90
http://example.org/stkg/id/obs_rel_K2BlackPanther_T90_20260205T224404Z_453_d_e	http://example.org/stkg/relationType	http://example.org/stkg/id/relation_ahead_of
http://example.org/stkg/id/obs_rel_K2BlackPanther_T90_20260205T224404Z_453_d_e	http://example.org/stkg/time	"2026-02-05T22:44:04Z"^^<http://www.w3.org/2001/XMLSchema#dateTime>
http://example.org/stkg/id/obs_rel_T90_K2BlackPanther_20260205T224404Z_453_e_d	http://www.w3.org/1999/02/22-rdf-syntax-ns#type	http://example.org/stkg/id/SpatialRelationObservation
http://example.org/stkg/id/obs_rel_T90_K2BlackPanther_20260205T224404Z_453_e_d	http://example.org/stkg/subjectEntity	http://example.org/stkg/id/platform_T90
http://example.org/stkg/id/obs_rel_T90_K2BlackPanther_20260205T224404Z_453_e_d	http://example.org/stkg/objectEntity	http://example.org/stkg/id/platform_K2BlackPanther
http://example.org/stkg/id/obs_rel_T90_K2BlackPanther_20260205T224404Z_453_e_d	http://example.org/stkg/relationType	http://example.org/stkg/id/relation_behind_of
http://example.org/stkg/id/obs_rel_T90_K2BlackPanther_20260205T224404Z_453_e_d	http://example.org/stkg/time	"2026-02-05T22:44:04Z"^^<http://www.w3.org/2001/XMLSchema#dateTime>
http://example.org/stkg/id/obs_rel_BTR80_T90_20260205T224404Z_453_c_e	http://www.w3.org/1999/02/22-rdf-syntax-ns#type	http://example.org/stkg/id/SpatialRelationObservation
http://example.org/stkg/id/obs_rel_BTR80_T90_20260205T224404Z_453_c_e	http://example.org/stkg/subjectEntity	http://example.org/stkg/id/platform_BTR80
http://example.org/stkg/id/obs_rel_BTR80_T90_20260205T224404Z_453_c_e	http://example.org/stkg/objectEntity	http://example.org/stkg/id/platform_T90
http://example.org/stkg/id/obs_rel_BTR80_T90_20260205T224404Z_453_c_e	http://example.org/stkg/relationType	http://example.org/stkg/id/relation_ahead_of
http://example.org/stkg/id/obs_rel_BTR80_T90_20260205T224404Z_453_c_e	http://example.org/stkg/time	"2026-02-05T22:44:04Z"^^<http://www.w3.org/2001/XMLSchema#dateTime>
http://example.org/stkg/id/obs_rel_T90_BTR80_20260205T224404Z_453_e_c	http://www.w3.org/1999/02/22-rdf-syntax-ns#type	http://example.org/stkg/id/SpatialRelationObservation
http://example.org/stkg/id/obs_rel_T90_BTR80_20260205T224404Z_453_e_c	http://example.org/stkg/subjectEntity	http://example.org/stkg/id/platform_T90
http://example.org/stkg/id/obs_rel_T90_BTR80_20260205T224404Z_453_e_c	http://example.org/stkg/objectEntity	http://example.org/stkg/id/platform_BTR80
http://example.org/stkg/id/obs_rel_T90_BTR80_20260205T224404Z_453_e_c	http://example.org/stkg/relationType	http://example.org/stkg/id/relation_behind_of
http://example.org/stkg/id/obs_rel_T90_BTR80_20260205T224404Z_453_e_c	http://example.org/stkg/time	"2026-02-05T22:44:04Z"^^<http://www.w3.org/2001/XMLSchema#dateTime>
http://example.org/stkg/id/obs_rel_BTR80_K2BlackPanther_20260205T224405Z_454_c_d	http://www.w3.org/1999/02/22-rdf-syntax-ns#type	http://example.org/stkg/id/SpatialRelationObservation
http://example.org/stkg/id/obs_rel_BTR80_K2BlackPanther_20260205T224405Z_454_c_d	http://example.org/stkg/subjectEntity	http://example.org/stkg/id/platform_BTR80
http://example.org/stkg/id/obs_rel_BTR80_K2BlackPanther_20260205T224405Z_454_c_d	http://example.org/stkg/objectEntity	http://example.org/stkg/id/platform_K2BlackPanther
http://example.org/stkg/id/obs_rel_BTR80_K2BlackPanther_20260205T224405Z_454_c_d	http://example.org/stkg/relationType	http://example.org/stkg/id/relation_ahead_of
http://example.org/stkg/id/obs_rel_BTR80_K2BlackPanther_20260205T224405Z_454_c_d	http://example.org/stkg/time	"2026-02-05T22:44:05Z"^^<http://www.w3.org/2001/XMLSchema#dateTime>
http://example.org/stkg/id/obs_rel_K2BlackPanther_BTR80_20260205T224405Z_454_d_c	http://www.w3.org/1999/02/22-rdf-syntax-ns#type	http://example.org/stkg/id/SpatialRelationObservation
http://example.org/stkg/id/obs_rel_K2BlackPanther_BTR80_20260205T224405Z_454_d_c	http://example.org/stkg/subjectEntity	http://example.org/stkg/id/platform_K2BlackPanther
http://example.org/stkg/id/obs_rel_K2BlackPanther_BTR80_20260205T224405Z_454_d_c	http://example.org/stkg/objectEntity	http://example.org/stkg/id/platform_BTR80
http://example.org/stkg/id/obs_rel_K2BlackPanther_BTR80_20260205T224405Z_454_d_c	http://example.org/stkg/relationType	http://example.org/stkg/id/relation_behind_of
http://example.org/stkg/id/obs_rel_K2BlackPanther_BTR80_20260205T224405Z_454_d_c	http://example.org/stkg/time	"2026-02-05T22:44:05Z"^^<http://www.w3.org/2001/XMLSchema#dateTime>
http://example.org/stkg/id/obs_rel_K2BlackPanther_T90_20260205T224405Z_454_d_e	http://www.w3.org/1999/02/22-rdf-syntax-ns#type	http://example.org/stkg/id/SpatialRelationObservation
http://example.org/stkg/id/obs_rel_K2BlackPanther_T90_20260205T224405Z_454_d_e	http://example.org/stkg/subjectEntity	http://example.org/stkg/id/platform_K2BlackPanther
http://example.org/stkg/id/obs_rel_K2BlackPanther_T90_20260205T224405Z_454_d_e	http://example.org/stkg/objectEntity	http://example.org/stkg/id/platform_T90
http://example.org/stkg/id/obs_rel_K2BlackPanther_T90_20260205T224405Z_454_d_e	http://example.org/stkg/relationType	http://example.org/stkg/id/relation_ahead_of
http://example.org/stkg/id/obs_rel_K2BlackPanther_T90_20260205T224405Z_454_d_e	http://example.org/stkg/time	"2026-02-05T22:44:05Z"^^<http://www.w3.org/2001/XMLSchema#dateTime>
http://example.org/stkg/id/obs_rel_T90_K2BlackPanther_20260205T224405Z_454_e_d	http://www.w3.org/1999/02/22-rdf-syntax-ns#type	http://example.org/stkg/id/SpatialRelationObservation
http://example.org/stkg/id/obs_rel_T90_K2BlackPanther_20260205T224405Z_454_e_d	http://example.org/stkg/subjectEntity	http://example.org/stkg/id/platform_T90
http://example.org/stkg/id/obs_rel_T90_K2BlackPanther_20260205T224405Z_454_e_d	http://example.org/stkg/objectEntity	http://example.org/stkg/id/platform_K2BlackPanther
http://example.org/stkg/id/obs_rel_T90_K2BlackPanther_20260205T224405Z_454_e_d	http://example.org/stkg/relationType	http://example.org/stkg/id/relation_behind_of
http://example.org/stkg/id/obs_rel_T90_K2BlackPanther_20260205T224405Z_454_e_d	http://example.org/stkg/time	"2026-02-05T22:44:05Z"^^<http://www.w3.org/2001/XMLSchema#dateTime>
http://example.org/stkg/id/obs_rel_BTR80_T90_20260205T224405Z_454_c_e	http://www.w3.org/1999/02/22-rdf-syntax-ns#type	http://example.org/stkg/id/SpatialRelationObservation
http://example.org/stkg/id/obs_rel_BTR80_T90_20260205T224405Z_454_c_e	http://example.org/stkg/subjectEntity	http://example.org/stkg/id/platform_BTR80
http://example.org/stkg/id/obs_rel_BTR80_T90_20260205T224405Z_454_c_e	http://example.org/stkg/objectEntity	http://example.org/stkg/id/platform_T90
http://example.org/stkg/id/obs_rel_BTR80_T90_20260205T224405Z_454_c_e	http://example.org/stkg/relationType	http://example.org/stkg/id/relation_ahead_of
http://example.org/stkg/id/obs_rel_BTR80_T90_20260205T224405Z_454_c_e	http://example.org/stkg/time	"2026-02-05T22:44:05Z"^^<http://www.w3.org/2001/XMLSchema#dateTime>
http://example.org/stkg/id/obs_rel_T90_BTR80_20260205T224405Z_454_e_c	http://www.w3.org/1999/02/22-rdf-syntax-ns#type	http://example.org/stkg/id/SpatialRelationObservation
http://example.org/stkg/id/obs_rel_T90_BTR80_20260205T224405Z_454_e_c	http://example.org/stkg/subjectEntity	http://example.org/stkg/id/platform_T90
http://example.org/stkg/id/obs_rel_T90_BTR80_20260205T224405Z_454_e_c	http://example.org/stkg/objectEntity	http://example.org/stkg/id/platform_BTR80
http://example.org/stkg/id/obs_rel_T90_BTR80_20260205T224405Z_454_e_c	http://example.org/stkg/relationType	http://example.org/stkg/id/relation_behind_of
http://example.org/stkg/id/obs_rel_T90_BTR80_20260205T224405Z_454_e_c	http://example.org/stkg/time	"2026-02-05T22:44:05Z"^^<http://www.w3.org/2001/XMLSchema#dateTime>
http://example.org/stkg/id/obs_rel_BTR80_K2BlackPanther_20260205T224406Z_455_c_d	http://www.w3.org/1999/02/22-rdf-syntax-ns#type	http://example.org/stkg/id/SpatialRelationObservation
http://example.org/stkg/id/obs_rel_BTR80_K2BlackPanther_20260205T224406Z_455_c_d	http://example.org/stkg/subjectEntity	http://example.org/stkg/id/platform_BTR80
http://example.org/stkg/id/obs_rel_BTR80_K2BlackPanther_20260205T224406Z_455_c_d	http://example.org/stkg/objectEntity	http://example.org/stkg/id/platform_K2BlackPanther
http://example.org/stkg/id/obs_rel_BTR80_K2BlackPanther_20260205T224406Z_455_c_d	http://example.org/stkg/relationType	http://example.org/stkg/id/relation_ahead_of
http://example.org/stkg/id/obs_rel_BTR80_K2BlackPanther_20260205T224406Z_455_c_d	http://example.org/stkg/time	"2026-02-05T22:44:06Z"^^<http://www.w3.org/2001/XMLSchema#dateTime>
http://example.org/stkg/id/obs_rel_K2BlackPanther_BTR80_20260205T224406Z_455_d_c	http://www.w3.org/1999/02/22-rdf-syntax-ns#type	http://example.org/stkg/id/SpatialRelationObservation
http://example.org/stkg/id/obs_rel_K2BlackPanther_BTR80_20260205T224406Z_455_d_c	http://example.org/stkg/subjectEntity	http://example.org/stkg/id/platform_K2BlackPanther
http://example.org/stkg/id/obs_rel_K2BlackPanther_BTR80_20260205T224406Z_455_d_c	http://example.org/stkg/objectEntity	http://example.org/stkg/id/platform_BTR80
http://example.org/stkg/id/obs_rel_K2BlackPanther_BTR80_20260205T224406Z_455_d_c	http://example.org/stkg/relationType	http://example.org/stkg/id/relation_behind_of
http://example.org/stkg/id/obs_rel_K2BlackPanther_BTR80_20260205T224406Z_455_d_c	http://example.org/stkg/time	"2026-02-05T22:44:06Z"^^<http://www.w3.org/2001/XMLSchema#dateTime>
http://example.org/stkg/id/obs_rel_K2BlackPanther_T90_20260205T224406Z_455_d_e	http://www.w3.org/1999/02/22-rdf-syntax-ns#type	http://example.org/stkg/id/SpatialRelationObservation
http://example.org/stkg/id/obs_rel_K2BlackPanther_T90_20260205T224406Z_455_d_e	http://example.org/stkg/subjectEntity	http://example.org/stkg/id/platform_K2BlackPanther
http://example.org/stkg/id/obs_rel_K2BlackPanther_T90_20260205T224406Z_455_d_e	http://example.org/stkg/objectEntity	http://example.org/stkg/id/platform_T90
http://example.org/stkg/id/obs_rel_K2BlackPanther_T90_20260205T224406Z_455_d_e	http://example.org/stkg/relationType	http://example.org/stkg/id/relation_ahead_of
http://example.org/stkg/id/obs_rel_K2BlackPanther_T90_20260205T224406Z_455_d_e	http://example.org/stkg/time	"2026-02-05T22:44:06Z"^^<http://www.w3.org/2001/XMLSchema#dateTime>
http://example.org/stkg/id/obs_rel_T90_K2BlackPanther_20260205T224406Z_455_e_d	http://www.w3.org/1999/02/22-rdf-syntax-ns#type	http://example.org/stkg/id/SpatialRelationObservation
http://example.org/stkg/id/obs_rel_T90_K2BlackPanther_20260205T224406Z_455_e_d	http://example.org/stkg/subjectEntity	http://example.org/stkg/id/platform_T90
http://example.org/stkg/id/obs_rel_T90_K2BlackPanther_20260205T224406Z_455_e_d	http://example.org/stkg/objectEntity	http://example.org/stkg/id/platform_K2BlackPanther
http://example.org/stkg/id/obs_rel_T90_K2BlackPanther_20260205T224406Z_455_e_d	http://example.org/stkg/relationType	http://example.org/stkg/id/relation_behind_of
http://example.org/stkg/id/obs_rel_T90_K2BlackPanther_20260205T224406Z_455_e_d	http://example.org/stkg/time	"2026-02-05T22:44:06Z"^^<http://www.w3.org/2001/XMLSchema#dateTime>
http://example.org/stkg/id/obs_rel_BTR80_T90_20260205T224406Z_455_c_e	http://www.w3.org/1999/02/22-rdf-syntax-ns#type	http://example.org/stkg/id/SpatialRelationObservation
http://example.org/stkg/id/obs_rel_BTR80_T90_20260205T224406Z_455_c_e	http://example.org/stkg/subjectEntity	http://example.org/stkg/id/platform_BTR80
http://example.org/stkg/id/obs_rel_BTR80_T90_20260205T224406Z_455_c_e	http://example.org/stkg/objectEntity	http://example.org/stkg/id/platform_T90
http://example.org/stkg/id/obs_rel_BTR80_T90_20260205T224406Z_455_c_e	http://example.org/stkg/relationType	http://example.org/stkg/id/relation_ahead_of
http://example.org/stkg/id/obs_rel_BTR80_T90_20260205T224406Z_455_c_e	http://example.org/stkg/time	"2026-02-05T22:44:06Z"^^<http://www.w3.org/2001/XMLSchema#dateTime>
http://example.org/stkg/id/obs_rel_T90_BTR80_20260205T224406Z_455_e_c	http://www.w3.org/1999/02/22-rdf-syntax-ns#type	http://example.org/stkg/id/SpatialRelationObservation
http://example.org/stkg/id/obs_rel_T90_BTR80_20260205T224406Z_455_e_c	http://example.org/stkg/subjectEntity	http://example.org/stkg/id/platform_T90
http://example.org/stkg/id/obs_rel_T90_BTR80_20260205T224406Z_455_e_c	http://example.org/stkg/objectEntity	http://example.org/stkg/id/platform_BTR80
http://example.org/stkg/id/obs_rel_T90_BTR80_20260205T224406Z_455_e_c	http://example.org/stkg/relationType	http://example.org/stkg/id/relation_behind_of
http://example.org/stkg/id/obs_rel_T90_BTR80_20260205T224406Z_455_e_c	http://example.org/stkg/time	"2026-02-05T22:44:06Z"^^<http://www.w3.org/2001/XMLSchema#dateTime>
http://example.org/stkg/id/obs_rel_BTR80_K2BlackPanther_20260205T224407Z_456_c_d	http://www.w3.org/1999/02/22-rdf-syntax-ns#type	http://example.org/stkg/id/SpatialRelationObservation
http://example.org/stkg/id/obs_rel_BTR80_K2BlackPanther_20260205T224407Z_456_c_d	http://example.org/stkg/subjectEntity	http://example.org/stkg/id/platform_BTR80
http://example.org/stkg/id/obs_rel_BTR80_K2BlackPanther_20260205T224407Z_456_c_d	http://example.org/stkg/objectEntity	http://example.org/stkg/id/platform_K2BlackPanther
http://example.org/stkg/id/obs_rel_BTR80_K2BlackPanther_20260205T224407Z_456_c_d	http://example.org/stkg/relationType	http://example.org/stkg/id/relation_ahead_of
http://example.org/stkg/id/obs_rel_BTR80_K2BlackPanther_20260205T224407Z_456_c_d	http://example.org/stkg/time	"2026-02-05T22:44:07Z"^^<http://www.w3.org/2001/XMLSchema#dateTime>
http://example.org/stkg/id/obs_rel_K2BlackPanther_BTR80_20260205T224407Z_456_d_c	http://www.w3.org/1999/02/22-rdf-syntax-ns#type	http://example.org/stkg/id/SpatialRelationObservation
http://example.org/stkg/id/obs_rel_K2BlackPanther_BTR80_20260205T224407Z_456_d_c	http://example.org/stkg/subjectEntity	http://example.org/stkg/id/platform_K2BlackPanther
http://example.org/stkg/id/obs_rel_K2BlackPanther_BTR80_20260205T224407Z_456_d_c	http://example.org/stkg/objectEntity	http://example.org/stkg/id/platform_BTR80
http://example.org/stkg/id/obs_rel_K2BlackPanther_BTR80_20260205T224407Z_456_d_c	http://example.org/stkg/relationType	http://example.org/stkg/id/relation_behind_of
http://example.org/stkg/id/obs_rel_K2BlackPanther_BTR80_20260205T224407Z_456_d_c	http://example.org/stkg/time	"2026-02-05T22:44:07Z"^^<http://www.w3.org/2001/XMLSchema#dateTime>
http://example.org/stkg/id/obs_rel_K2BlackPanther_T90_20260205T224407Z_456_d_e	http://www.w3.org/1999/02/22-rdf-syntax-ns#type	http://example.org/stkg/id/SpatialRelationObservation
http://example.org/stkg/id/obs_rel_K2BlackPanther_T90_20260205T224407Z_456_d_e	http://example.org/stkg/subjectEntity	http://example.org/stkg/id/platform_K2BlackPanther
http://example.org/stkg/id/obs_rel_K2BlackPanther_T90_20260205T224407Z_456_d_e	http://example.org/stkg/objectEntity	http://example.org/stkg/id/platform_T90
http://example.org/stkg/id/obs_rel_K2BlackPanther_T90_20260205T224407Z_456_d_e	http://example.org/stkg/relationType	http://example.org/stkg/id/relation_ahead_of
http://example.org/stkg/id/obs_rel_K2BlackPanther_T90_20260205T224407Z_456_d_e	http://example.org/stkg/time	"2026-02-05T22:44:07Z"^^<http://www.w3.org/2001/XMLSchema#dateTime>
http://example.org/stkg/id/obs_rel_T90_K2BlackPanther_20260205T224407Z_456_e_d	http://www.w3.org/1999/02/22-rdf-syntax-ns#type	http://example.org/stkg/id/SpatialRelationObservation
http://example.org/stkg/id/obs_rel_T90_K2BlackPanther_20260205T224407Z_456_e_d	http://example.org/stkg/subjectEntity	http://example.org/stkg/id/platform_T90
http://example.org/stkg/id/obs_rel_T90_K2BlackPanther_20260205T224407Z_456_e_d	http://example.org/stkg/objectEntity	http://example.org/stkg/id/platform_K2BlackPanther
http://example.org/stkg/id/obs_rel_T90_K2BlackPanther_20260205T224407Z_456_e_d	http://example.org/stkg/relationType	http://example.org/stkg/id/relation_behind_of
http://example.org/stkg/id/obs_rel_T90_K2BlackPanther_20260205T224407Z_456_e_d	http://example.org/stkg/time	"2026-02-05T22:44:07Z"^^<http://www.w3.org/2001/XMLSchema#dateTime>
http://example.org/stkg/id/obs_rel_BTR80_T90_20260205T224407Z_456_c_e	http://www.w3.org/1999/02/22-rdf-syntax-ns#type	http://example.org/stkg/id/SpatialRelationObservation
http://example.org/stkg/id/obs_rel_BTR80_T90_20260205T224407Z_456_c_e	http://example.org/stkg/subjectEntity	http://example.org/stkg/id/platform_BTR80
http://example.org/stkg/id/obs_rel_BTR80_T90_20260205T224407Z_456_c_e	http://example.org/stkg/objectEntity	http://example.org/stkg/id/platform_T90
http://example.org/stkg/id/obs_rel_BTR80_T90_20260205T224407Z_456_c_e	http://example.org/stkg/relationType	http://example.org/stkg/id/relation_ahead_of
http://example.org/stkg/id/obs_rel_BTR80_T90_20260205T224407Z_456_c_e	http://example.org/stkg/time	"2026-02-05T22:44:07Z"^^<http://www.w3.org/2001/XMLSchema#dateTime>
http://example.org/stkg/id/obs_rel_T90_BTR80_20260205T224407Z_456_e_c	http://www.w3.org/1999/02/22-rdf-syntax-ns#type	http://example.org/stkg/id/SpatialRelationObservation
http://example.org/stkg/id/obs_rel_T90_BTR80_20260205T224407Z_456_e_c	http://example.org/stkg/subjectEntity	http://example.org/stkg/id/platform_T90
http://example.org/stkg/id/obs_rel_T90_BTR80_20260205T224407Z_456_e_c	http://example.org/stkg/objectEntity	http://example.org/stkg/id/platform_BTR80
http://example.org/stkg/id/obs_rel_T90_BTR80_20260205T224407Z_456_e_c	http://example.org/stkg/relationType	http://example.org/stkg/id/relation_behind_of
http://example.org/stkg/id/obs_rel_T90_BTR80_20260205T224407Z_456_e_c	http://example.org/stkg/time	"2026-02-05T22:44:07Z"^^<http://www.w3.org/2001/XMLSchema#dateTime>
http://example.org/stkg/id/obs_rel_BTR80_K2BlackPanther_20260205T224408Z_457_c_d	http://www.w3.org/1999/02/22-rdf-syntax-ns#type	http://example.org/stkg/id/SpatialRelationObservation
http://example.org/stkg/id/obs_rel_BTR80_K2BlackPanther_20260205T224408Z_457_c_d	http://example.org/stkg/subjectEntity	http://example.org/stkg/id/platform_BTR80
http://example.org/stkg/id/obs_rel_BTR80_K2BlackPanther_20260205T224408Z_457_c_d	http://example.org/stkg/objectEntity	http://example.org/stkg/id/platform_K2BlackPanther
http://example.org/stkg/id/obs_rel_BTR80_K2BlackPanther_20260205T224408Z_457_c_d	http://example.org/stkg/relationType	http://example.org/stkg/id/relation_ahead_of
http://example.org/stkg/id/obs_rel_BTR80_K2BlackPanther_20260205T224408Z_457_c_d	http://example.org/stkg/time	"2026-02-05T22:44:08Z"^^<http://www.w3.org/2001/XMLSchema#dateTime>
http://example.org/stkg/id/obs_rel_K2BlackPanther_BTR80_20260205T224408Z_457_d_c	http://www.w3.org/1999/02/22-rdf-syntax-ns#type	http://example.org/stkg/id/SpatialRelationObservation
http://example.org/stkg/id/obs_rel_K2BlackPanther_BTR80_20260205T224408Z_457_d_c	http://example.org/stkg/subjectEntity	http://example.org/stkg/id/platform_K2BlackPanther
http://example.org/stkg/id/obs_rel_K2BlackPanther_BTR80_20260205T224408Z_457_d_c	http://example.org/stkg/objectEntity	http://example.org/stkg/id/platform_BTR80
http://example.org/stkg/id/obs_rel_K2BlackPanther_BTR80_20260205T224408Z_457_d_c	http://example.org/stkg/relationType	http://example.org/stkg/id/relation_behind_of
http://example.org/stkg/id/obs_rel_K2BlackPanther_BTR80_20260205T224408Z_457_d_c	http://example.org/stkg/time	"2026-02-05T22:44:08Z"^^<http://www.w3.org/2001/XMLSchema#dateTime>
http://example.org/stkg/id/obs_rel_K2BlackPanther_T90_20260205T224408Z_457_d_e	http://www.w3.org/1999/02/22-rdf-syntax-ns#type	http://example.org/stkg/id/SpatialRelationObservation
http://example.org/stkg/id/obs_rel_K2BlackPanther_T90_20260205T224408Z_457_d_e	http://example.org/stkg/subjectEntity	http://example.org/stkg/id/platform_K2BlackPanther
http://example.org/stkg/id/obs_rel_K2BlackPanther_T90_20260205T224408Z_457_d_e	http://example.org/stkg/objectEntity	http://example.org/stkg/id/platform_T90
http://example.org/stkg/id/obs_rel_K2BlackPanther_T90_20260205T224408Z_457_d_e	http://example.org/stkg/relationType	http://example.org/stkg/id/relation_ahead_of
http://example.org/stkg/id/obs_rel_K2BlackPanther_T90_20260205T224408Z_457_d_e	http://example.org/stkg/time	"2026-02-05T22:44:08Z"^^<http://www.w3.org/2001/XMLSchema#dateTime>
http://example.org/stkg/id/obs_rel_T90_K2BlackPanther_20260205T224408Z_457_e_d	http://www.w3.org/1999/02/22-rdf-syntax-ns#type	http://example.org/stkg/id/SpatialRelationObservation
http://example.org/stkg/id/obs_rel_T90_K2BlackPanther_20260205T224408Z_457_e_d	http://example.org/stkg/subjectEntity	http://example.org/stkg/id/platform_T90
http://example.org/stkg/id/obs_rel_T90_K2BlackPanther_20260205T224408Z_457_e_d	http://example.org/stkg/objectEntity	http://example.org/stkg/id/platform_K2BlackPanther
http://example.org/stkg/id/obs_rel_T90_K2BlackPanther_20260205T224408Z_457_e_d	http://example.org/stkg/relationType	http://example.org/stkg/id/relation_behind_of
http://example.org/stkg/id/obs_rel_T90_K2BlackPanther_20260205T224408Z_457_e_d	http://example.org/stkg/time	"2026-02-05T22:44:08Z"^^<http://www.w3.org/2001/XMLSchema#dateTime>
http://example.org/stkg/id/obs_rel_BTR80_T90_20260205T224408Z_457_c_e	http://www.w3.org/1999/02/22-rdf-syntax-ns#type	http://example.org/stkg/id/SpatialRelationObservation
http://example.org/stkg/id/obs_rel_BTR80_T90_20260205T224408Z_457_c_e	http://example.org/stkg/subjectEntity	http://example.org/stkg/id/platform_BTR80
http://example.org/stkg/id/obs_rel_BTR80_T90_20260205T224408Z_457_c_e	http://example.org/stkg/objectEntity	http://example.org/stkg/id/platform_T90
http://example.org/stkg/id/obs_rel_BTR80_T90_20260205T224408Z_457_c_e	http://example.org/stkg/relationType	http://example.org/stkg/id/relation_ahead_of
http://example.org/stkg/id/obs_rel_BTR80_T90_20260205T224408Z_457_c_e	http://example.org/stkg/time	"2026-02-05T22:44:08Z"^^<http://www.w3.org/2001/XMLSchema#dateTime>
http://example.org/stkg/id/obs_rel_T90_BTR80_20260205T224408Z_457_e_c	http://www.w3.org/1999/02/22-rdf-syntax-ns#type	http://example.org/stkg/id/SpatialRelationObservation
http://example.org/stkg/id/obs_rel_T90_BTR80_20260205T224408Z_457_e_c	http://example.org/stkg/subjectEntity	http://example.org/stkg/id/platform_T90
http://example.org/stkg/id/obs_rel_T90_BTR80_20260205T224408Z_457_e_c	http://example.org/stkg/objectEntity	http://example.org/stkg/id/platform_BTR80
http://example.org/stkg/id/obs_rel_T90_BTR80_20260205T224408Z_457_e_c	http://example.org/stkg/relationType	http://example.org/stkg/id/relation_behind_of
http://example.org/stkg/id/obs_rel_T90_BTR80_20260205T224408Z_457_e_c	http://example.org/stkg/time	"2026-02-05T22:44:08Z"^^<http://www.w3.org/2001/XMLSchema#dateTime>
http://example.org/stkg/id/obs_rel_BTR80_K2BlackPanther_20260205T224409Z_458_c_d	http://www.w3.org/1999/02/22-rdf-syntax-ns#type	http://example.org/stkg/id/SpatialRelationObservation
http://example.org/stkg/id/obs_rel_BTR80_K2BlackPanther_20260205T224409Z_458_c_d	http://example.org/stkg/subjectEntity	http://example.org/stkg/id/platform_BTR80
http://example.org/stkg/id/obs_rel_BTR80_K2BlackPanther_20260205T224409Z_458_c_d	http://example.org/stkg/objectEntity	http://example.org/stkg/id/platform_K2BlackPanther
http://example.org/stkg/id/obs_rel_BTR80_K2BlackPanther_20260205T224409Z_458_c_d	http://example.org/stkg/relationType	http://example.org/stkg/id/relation_ahead_of
http://example.org/stkg/id/obs_rel_BTR80_K2BlackPanther_20260205T224409Z_458_c_d	http://example.org/stkg/time	"2026-02-05T22:44:09Z"^^<http://www.w3.org/2001/XMLSchema#dateTime>
http://example.org/stkg/id/obs_rel_K2BlackPanther_BTR80_20260205T224409Z_458_d_c	http://www.w3.org/1999/02/22-rdf-syntax-ns#type	http://example.org/stkg/id/SpatialRelationObservation
http://example.org/stkg/id/obs_rel_K2BlackPanther_BTR80_20260205T224409Z_458_d_c	http://example.org/stkg/subjectEntity	http://example.org/stkg/id/platform_K2BlackPanther
http://example.org/stkg/id/obs_rel_K2BlackPanther_BTR80_20260205T224409Z_458_d_c	http://example.org/stkg/objectEntity	http://example.org/stkg/id/platform_BTR80
http://example.org/stkg/id/obs_rel_K2BlackPanther_BTR80_20260205T224409Z_458_d_c	http://example.org/stkg/relationType	http://example.org/stkg/id/relation_behind_of
http://example.org/stkg/id/obs_rel_K2BlackPanther_BTR80_20260205T224409Z_458_d_c	http://example.org/stkg/time	"2026-02-05T22:44:09Z"^^<http://www.w3.org/2001/XMLSchema#dateTime>
http://example.org/stkg/id/obs_rel_K2BlackPanther_T90_20260205T224409Z_458_d_e	http://www.w3.org/1999/02/22-rdf-syntax-ns#type	http://example.org/stkg/id/SpatialRelationObservation
http://example.org/stkg/id/obs_rel_K2BlackPanther_T90_20260205T224409Z_458_d_e	http://example.org/stkg/subjectEntity	http://example.org/stkg/id/platform_K2BlackPanther
http://example.org/stkg/id/obs_rel_K2BlackPanther_T90_20260205T224409Z_458_d_e	http://example.org/stkg/objectEntity	http://example.org/stkg/id/platform_T90
http://example.org/stkg/id/obs_rel_K2BlackPanther_T90_20260205T224409Z_458_d_e	http://example.org/stkg/relationType	http://example.org/stkg/id/relation_ahead_of
http://example.org/stkg/id/obs_rel_K2BlackPanther_T90_20260205T224409Z_458_d_e	http://example.org/stkg/time	"2026-02-05T22:44:09Z"^^<http://www.w3.org/2001/XMLSchema#dateTime>
http://example.org/stkg/id/obs_rel_T90_K2BlackPanther_20260205T224409Z_458_e_d	http://www.w3.org/1999/02/22-rdf-syntax-ns#type	http://example.org/stkg/id/SpatialRelationObservation
http://example.org/stkg/id/obs_rel_T90_K2BlackPanther_20260205T224409Z_458_e_d	http://example.org/stkg/subjectEntity	http://example.org/stkg/id/platform_T90
http://example.org/stkg/id/obs_rel_T90_K2BlackPanther_20260205T224409Z_458_e_d	http://example.org/stkg/objectEntity	http://example.org/stkg/id/platform_K2BlackPanther
http://example.org/stkg/id/obs_rel_T90_K2BlackPanther_20260205T224409Z_458_e_d	http://example.org/stkg/relationType	http://example.org/stkg/id/relation_behind_of
http://example.org/stkg/id/obs_rel_T90_K2BlackPanther_20260205T224409Z_458_e_d	http://example.org/stkg/time	"2026-02-05T22:44:09Z"^^<http://www.w3.org/2001/XMLSchema#dateTime>
http://example.org/stkg/id/obs_rel_BTR80_T90_20260205T224409Z_458_c_e	http://www.w3.org/1999/02/22-rdf-syntax-ns#type	http://example.org/stkg/id/SpatialRelationObservation
http://example.org/stkg/id/obs_rel_BTR80_T90_20260205T224409Z_458_c_e	http://example.org/stkg/subjectEntity	http://example.org/stkg/id/platform_BTR80
http://example.org/stkg/id/obs_rel_BTR80_T90_20260205T224409Z_458_c_e	http://example.org/stkg/objectEntity	http://example.org/stkg/id/platform_T90
http://example.org/stkg/id/obs_rel_BTR80_T90_20260205T224409Z_458_c_e	http://example.org/stkg/relationType	http://example.org/stkg/id/relation_ahead_of
http://example.org/stkg/id/obs_rel_BTR80_T90_20260205T224409Z_458_c_e	http://example.org/stkg/time	"2026-02-05T22:44:09Z"^^<http://www.w3.org/2001/XMLSchema#dateTime>
http://example.org/stkg/id/obs_rel_T90_BTR80_20260205T224409Z_458_e_c	http://www.w3.org/1999/02/22-rdf-syntax-ns#type	http://example.org/stkg/id/SpatialRelationObservation
http://example.org/stkg/id/obs_rel_T90_BTR80_20260205T224409Z_458_e_c	http://example.org/stkg/subjectEntity	http://example.org/stkg/id/platform_T90
http://example.org/stkg/id/obs_rel_T90_BTR80_20260205T224409Z_458_e_c	http://example.org/stkg/objectEntity	http://example.org/stkg/id/platform_BTR80
http://example.org/stkg/id/obs_rel_T90_BTR80_20260205T224409Z_458_e_c	http://example.org/stkg/relationType	http://example.org/stkg/id/relation_behind_of
http://example.org/stkg/id/obs_rel_T90_BTR80_20260205T224409Z_458_e_c	http://example.org/stkg/time	"2026-02-05T22:44:09Z"^^<http://www.w3.org/2001/XMLSchema#dateTime>
http://example.org/stkg/id/obs_rel_BTR80_K2BlackPanther_20260205T224410Z_459_c_d	http://www.w3.org/1999/02/22-rdf-syntax-ns#type	http://example.org/stkg/id/SpatialRelationObservation
http://example.org/stkg/id/obs_rel_BTR80_K2BlackPanther_20260205T224410Z_459_c_d	http://example.org/stkg/subjectEntity	http://example.org/stkg/id/platform_BTR80
http://example.org/stkg/id/obs_rel_BTR80_K2BlackPanther_20260205T224410Z_459_c_d	http://example.org/stkg/objectEntity	http://example.org/stkg/id/platform_K2BlackPanther
http://example.org/stkg/id/obs_rel_BTR80_K2BlackPanther_20260205T224410Z_459_c_d	http://example.org/stkg/relationType	http://example.org/stkg/id/relation_ahead_of
http://example.org/stkg/id/obs_rel_BTR80_K2BlackPanther_20260205T224410Z_459_c_d	http://example.org/stkg/time	"2026-02-05T22:44:10Z"^^<http://www.w3.org/2001/XMLSchema#dateTime>
http://example.org/stkg/id/obs_rel_K2BlackPanther_BTR80_20260205T224410Z_459_d_c	http://www.w3.org/1999/02/22-rdf-syntax-ns#type	http://example.org/stkg/id/SpatialRelationObservation
http://example.org/stkg/id/obs_rel_K2BlackPanther_BTR80_20260205T224410Z_459_d_c	http://example.org/stkg/subjectEntity	http://example.org/stkg/id/platform_K2BlackPanther
http://example.org/stkg/id/obs_rel_K2BlackPanther_BTR80_20260205T224410Z_459_d_c	http://example.org/stkg/objectEntity	http://example.org/stkg/id/platform_BTR80
http://example.org/stkg/id/obs_rel_K2BlackPanther_BTR80_20260205T224410Z_459_d_c	http://example.org/stkg/relationType	http://example.org/stkg/id/relation_behind_of
http://example.org/stkg/id/obs_rel_K2BlackPanther_BTR80_20260205T224410Z_459_d_c	http://example.org/stkg/time	"2026-02-05T22:44:10Z"^^<http://www.w3.org/2001/XMLSchema#dateTime>
http://example.org/stkg/id/obs_rel_K2BlackPanther_T90_20260205T224410Z_459_d_e	http://www.w3.org/1999/02/22-rdf-syntax-ns#type	http://example.org/stkg/id/SpatialRelationObservation
http://example.org/stkg/id/obs_rel_K2BlackPanther_T90_20260205T224410Z_459_d_e	http://example.org/stkg/subjectEntity	http://example.org/stkg/id/platform_K2BlackPanther
http://example.org/stkg/id/obs_rel_K2BlackPanther_T90_20260205T224410Z_459_d_e	http://example.org/stkg/objectEntity	http://example.org/stkg/id/platform_T90
http://example.org/stkg/id/obs_rel_K2BlackPanther_T90_20260205T224410Z_459_d_e	http://example.org/stkg/relationType	http://example.org/stkg/id/relation_ahead_of
http://example.org/stkg/id/obs_rel_K2BlackPanther_T90_20260205T224410Z_459_d_e	http://example.org/stkg/time	"2026-02-05T22:44:10Z"^^<http://www.w3.org/2001/XMLSchema#dateTime>
http://example.org/stkg/id/obs_rel_T90_K2BlackPanther_20260205T224410Z_459_e_d	http://www.w3.org/1999/02/22-rdf-syntax-ns#type	http://example.org/stkg/id/SpatialRelationObservation
http://example.org/stkg/id/obs_rel_T90_K2BlackPanther_20260205T224410Z_459_e_d	http://example.org/stkg/subjectEntity	http://example.org/stkg/id/platform_T90
http://example.org/stkg/id/obs_rel_T90_K2BlackPanther_20260205T224410Z_459_e_d	http://example.org/stkg/objectEntity	http://example.org/stkg/id/platform_K2BlackPanther
http://example.org/stkg/id/obs_rel_T90_K2BlackPanther_20260205T224410Z_459_e_d	http://example.org/stkg/relationType	http://example.org/stkg/id/relation_behind_of
http://example.org/stkg/id/obs_rel_T90_K2BlackPanther_20260205T224410Z_459_e_d	http://example.org/stkg/time	"2026-02-05T22:44:10Z"^^<http://www.w3.org/2001/XMLSchema#dateTime>
http://example.org/stkg/id/obs_rel_BTR80_T90_20260205T224410Z_459_c_e	http://www.w3.org/1999/02/22-rdf-syntax-ns#type	http://example.org/stkg/id/SpatialRelationObservation
http://example.org/stkg/id/obs_rel_BTR80_T90_20260205T224410Z_459_c_e	http://example.org/stkg/subjectEntity	http://example.org/stkg/id/platform_BTR80
http://example.org/stkg/id/obs_rel_BTR80_T90_20260205T224410Z_459_c_e	http://example.org/stkg/objectEntity	http://example.org/stkg/id/platform_T90
http://example.org/stkg/id/obs_rel_BTR80_T90_20260205T224410Z_459_c_e	http://example.org/stkg/relationType	http://example.org/stkg/id/relation_ahead_of
http://example.org/stkg/id/obs_rel_BTR80_T90_20260205T224410Z_459_c_e	http://example.org/stkg/time	"2026-02-05T22:44:10Z"^^<http://www.w3.org/2001/XMLSchema#dateTime>
http://example.org/stkg/id/obs_rel_T90_BTR80_20260205T224410Z_459_e_c	http://www.w3.org/1999/02/22-rdf-syntax-ns#type	http://example.org/stkg/id/SpatialRelationObservation
http://example.org/stkg/id/obs_rel_T90_BTR80_20260205T224410Z_459_e_c	http://example.org/stkg/subjectEntity	http://example.org/stkg/id/platform_T90
http://example.org/stkg/id/obs_rel_T90_BTR80_20260205T224410Z_459_e_c	http://example.org/stkg/objectEntity	http://example.org/stkg/id/platform_BTR80
http://example.org/stkg/id/obs_rel_T90_BTR80_20260205T224410Z_459_e_c	http://example.org/stkg/relationType	http://example.org/stkg/id/relation_behind_of
http://example.org/stkg/id/obs_rel_T90_BTR80_20260205T224410Z_459_e_c	http://example.org/stkg/time	"2026-02-05T22:44:10Z"^^<http://www.w3.org/2001/XMLSchema#dateTime>
http://example.org/stkg/id/obs_rel_BTR80_K2BlackPanther_20260205T224411Z_460_c_d	http://www.w3.org/1999/02/22-rdf-syntax-ns#type	http://example.org/stkg/id/SpatialRelationObservation
http://example.org/stkg/id/obs_rel_BTR80_K2BlackPanther_20260205T224411Z_460_c_d	http://example.org/stkg/subjectEntity	http://example.org/stkg/id/platform_BTR80
http://example.org/stkg/id/obs_rel_BTR80_K2BlackPanther_20260205T224411Z_460_c_d	http://example.org/stkg/objectEntity	http://example.org/stkg/id/platform_K2BlackPanther
http://example.org/stkg/id/obs_rel_BTR80_K2BlackPanther_20260205T224411Z_460_c_d	http://example.org/stkg/relationType	http://example.org/stkg/id/relation_ahead_of
http://example.org/stkg/id/obs_rel_BTR80_K2BlackPanther_20260205T224411Z_460_c_d	http://example.org/stkg/time	"2026-02-05T22:44:11Z"^^<http://www.w3.org/2001/XMLSchema#dateTime>
http://example.org/stkg/id/obs_rel_K2BlackPanther_BTR80_20260205T224411Z_460_d_c	http://www.w3.org/1999/02/22-rdf-syntax-ns#type	http://example.org/stkg/id/SpatialRelationObservation
http://example.org/stkg/id/obs_rel_K2BlackPanther_BTR80_20260205T224411Z_460_d_c	http://example.org/stkg/subjectEntity	http://example.org/stkg/id/platform_K2BlackPanther
http://example.org/stkg/id/obs_rel_K2BlackPanther_BTR80_20260205T224411Z_460_d_c	http://example.org/stkg/objectEntity	http://example.org/stkg/id/platform_BTR80
http://example.org/stkg/id/obs_rel_K2BlackPanther_BTR80_20260205T224411Z_460_d_c	http://example.org/stkg/relationType	http://example.org/stkg/id/relation_behind_of
http://example.org/stkg/id/obs_rel_K2BlackPanther_BTR80_20260205T224411Z_460_d_c	http://example.org/stkg/time	"2026-02-05T22:44:11Z"^^<http://www.w3.org/2001/XMLSchema#dateTime>
http://example.org/stkg/id/obs_rel_K2BlackPanther_T90_20260205T224411Z_460_d_e	http://www.w3.org/1999/02/22-rdf-syntax-ns#type	http://example.org/stkg/id/SpatialRelationObservation
http://example.org/stkg/id/obs_rel_K2BlackPanther_T90_20260205T224411Z_460_d_e	http://example.org/stkg/subjectEntity	http://example.org/stkg/id/platform_K2BlackPanther
http://example.org/stkg/id/obs_rel_K2BlackPanther_T90_20260205T224411Z_460_d_e	http://example.org/stkg/objectEntity	http://example.org/stkg/id/platform_T90
http://example.org/stkg/id/obs_rel_K2BlackPanther_T90_20260205T224411Z_460_d_e	http://example.org/stkg/relationType	http://example.org/stkg/id/relation_ahead_of
http://example.org/stkg/id/obs_rel_K2BlackPanther_T90_20260205T224411Z_460_d_e	http://example.org/stkg/time	"2026-02-05T22:44:11Z"^^<http://www.w3.org/2001/XMLSchema#dateTime>
http://example.org/stkg/id/obs_rel_T90_K2BlackPanther_20260205T224411Z_460_e_d	http://www.w3.org/1999/02/22-rdf-syntax-ns#type	http://example.org/stkg/id/SpatialRelationObservation
http://example.org/stkg/id/obs_rel_T90_K2BlackPanther_20260205T224411Z_460_e_d	http://example.org/stkg/subjectEntity	http://example.org/stkg/id/platform_T90
http://example.org/stkg/id/obs_rel_T90_K2BlackPanther_20260205T224411Z_460_e_d	http://example.org/stkg/objectEntity	http://example.org/stkg/id/platform_K2BlackPanther
http://example.org/stkg/id/obs_rel_T90_K2BlackPanther_20260205T224411Z_460_e_d	http://example.org/stkg/relationType	http://example.org/stkg/id/relation_behind_of
http://example.org/stkg/id/obs_rel_T90_K2BlackPanther_20260205T224411Z_460_e_d	http://example.org/stkg/time	"2026-02-05T22:44:11Z"^^<http://www.w3.org/2001/XMLSchema#dateTime>
http://example.org/stkg/id/obs_rel_BTR80_T90_20260205T224411Z_460_c_e	http://www.w3.org/1999/02/22-rdf-syntax-ns#type	http://example.org/stkg/id/SpatialRelationObservation
http://example.org/stkg/id/obs_rel_BTR80_T90_20260205T224411Z_460_c_e	http://example.org/stkg/subjectEntity	http://example.org/stkg/id/platform_BTR80
http://example.org/stkg/id/obs_rel_BTR80_T90_20260205T224411Z_460_c_e	http://example.org/stkg/objectEntity	http://example.org/stkg/id/platform_T90
http://example.org/stkg/id/obs_rel_BTR80_T90_20260205T224411Z_460_c_e	http://example.org/stkg/relationType	http://example.org/stkg/id/relation_ahead_of
http://example.org/stkg/id/obs_rel_BTR80_T90_20260205T224411Z_460_c_e	http://example.org/stkg/time	"2026-02-05T22:44:11Z"^^<http://www.w3.org/2001/XMLSchema#dateTime>
http://example.org/stkg/id/obs_rel_T90_BTR80_20260205T224411Z_460_e_c	http://www.w3.org/1999/02/22-rdf-syntax-ns#type	http://example.org/stkg/id/SpatialRelationObservation
http://example.org/stkg/id/obs_rel_T90_BTR80_20260205T224411Z_460_e_c	http://example.org/stkg/subjectEntity	http://example.org/stkg/id/platform_T90
http://example.org/stkg/id/obs_rel_T90_BTR80_20260205T224411Z_460_e_c	http://example.org/stkg/objectEntity	http://example.org/stkg/id/platform_BTR80
http://example.org/stkg/id/obs_rel_T90_BTR80_20260205T224411Z_460_e_c	http://example.org/stkg/relationType	http://example.org/stkg/id/relation_behind_of
http://example.org/stkg/id/obs_rel_T90_BTR80_20260205T224411Z_460_e_c	http://example.org/stkg/time	"2026-02-05T22:44:11Z"^^<http://www.w3.org/2001/XMLSchema#dateTime>
http://example.org/stkg/id/obs_rel_BTR80_K2BlackPanther_20260205T224412Z_461_c_d	http://www.w3.org/1999/02/22-rdf-syntax-ns#type	http://example.org/stkg/id/SpatialRelationObservation
http://example.org/stkg/id/obs_rel_BTR80_K2BlackPanther_20260205T224412Z_461_c_d	http://example.org/stkg/subjectEntity	http://example.org/stkg/id/platform_BTR80
http://example.org/stkg/id/obs_rel_BTR80_K2BlackPanther_20260205T224412Z_461_c_d	http://example.org/stkg/objectEntity	http://example.org/stkg/id/platform_K2BlackPanther
http://example.org/stkg/id/obs_rel_BTR80_K2BlackPanther_20260205T224412Z_461_c_d	http://example.org/stkg/relationType	http://example.org/stkg/id/relation_ahead_of
http://example.org/stkg/id/obs_rel_BTR80_K2BlackPanther_20260205T224412Z_461_c_d	http://example.org/stkg/time	"2026-02-05T22:44:12Z"^^<http://www.w3.org/2001/XMLSchema#dateTime>
http://example.org/stkg/id/obs_rel_K2BlackPanther_BTR80_20260205T224412Z_461_d_c	http://www.w3.org/1999/02/22-rdf-syntax-ns#type	http://example.org/stkg/id/SpatialRelationObservation
http://example.org/stkg/id/obs_rel_K2BlackPanther_BTR80_20260205T224412Z_461_d_c	http://example.org/stkg/subjectEntity	http://example.org/stkg/id/platform_K2BlackPanther
http://example.org/stkg/id/obs_rel_K2BlackPanther_BTR80_20260205T224412Z_461_d_c	http://example.org/stkg/objectEntity	http://example.org/stkg/id/platform_BTR80
http://example.org/stkg/id/obs_rel_K2BlackPanther_BTR80_20260205T224412Z_461_d_c	http://example.org/stkg/relationType	http://example.org/stkg/id/relation_behind_of
http://example.org/stkg/id/obs_rel_K2BlackPanther_BTR80_20260205T224412Z_461_d_c	http://example.org/stkg/time	"2026-02-05T22:44:12Z"^^<http://www.w3.org/2001/XMLSchema#dateTime>
http://example.org/stkg/id/obs_rel_K2BlackPanther_T90_20260205T224412Z_461_d_e	http://www.w3.org/1999/02/22-rdf-syntax-ns#type	http://example.org/stkg/id/SpatialRelationObservation
http://example.org/stkg/id/obs_rel_K2BlackPanther_T90_20260205T224412Z_461_d_e	http://example.org/stkg/subjectEntity	http://example.org/stkg/id/platform_K2BlackPanther
http://example.org/stkg/id/obs_rel_K2BlackPanther_T90_20260205T224412Z_461_d_e	http://example.org/stkg/objectEntity	http://example.org/stkg/id/platform_T90
http://example.org/stkg/id/obs_rel_K2BlackPanther_T90_20260205T224412Z_461_d_e	http://example.org/stkg/relationType	http://example.org/stkg/id/relation_ahead_of
http://example.org/stkg/id/obs_rel_K2BlackPanther_T90_20260205T224412Z_461_d_e	http://example.org/stkg/time	"2026-02-05T22:44:12Z"^^<http://www.w3.org/2001/XMLSchema#dateTime>
http://example.org/stkg/id/obs_rel_T90_K2BlackPanther_20260205T224412Z_461_e_d	http://www.w3.org/1999/02/22-rdf-syntax-ns#type	http://example.org/stkg/id/SpatialRelationObservation
http://example.org/stkg/id/obs_rel_T90_K2BlackPanther_20260205T224412Z_461_e_d	http://example.org/stkg/subjectEntity	http://example.org/stkg/id/platform_T90
http://example.org/stkg/id/obs_rel_T90_K2BlackPanther_20260205T224412Z_461_e_d	http://example.org/stkg/objectEntity	http://example.org/stkg/id/platform_K2BlackPanther
http://example.org/stkg/id/obs_rel_T90_K2BlackPanther_20260205T224412Z_461_e_d	http://example.org/stkg/relationType	http://example.org/stkg/id/relation_behind_of
http://example.org/stkg/id/obs_rel_T90_K2BlackPanther_20260205T224412Z_461_e_d	http://example.org/stkg/time	"2026-02-05T22:44:12Z"^^<http://www.w3.org/2001/XMLSchema#dateTime>
http://example.org/stkg/id/obs_rel_BTR80_T90_20260205T224412Z_461_c_e	http://www.w3.org/1999/02/22-rdf-syntax-ns#type	http://example.org/stkg/id/SpatialRelationObservation
http://example.org/stkg/id/obs_rel_BTR80_T90_20260205T224412Z_461_c_e	http://example.org/stkg/subjectEntity	http://example.org/stkg/id/platform_BTR80
http://example.org/stkg/id/obs_rel_BTR80_T90_20260205T224412Z_461_c_e	http://example.org/stkg/objectEntity	http://example.org/stkg/id/platform_T90
http://example.org/stkg/id/obs_rel_BTR80_T90_20260205T224412Z_461_c_e	http://example.org/stkg/relationType	http://example.org/stkg/id/relation_ahead_of
http://example.org/stkg/id/obs_rel_BTR80_T90_20260205T224412Z_461_c_e	http://example.org/stkg/time	"2026-02-05T22:44:12Z"^^<http://www.w3.org/2001/XMLSchema#dateTime>
http://example.org/stkg/id/obs_rel_T90_BTR80_20260205T224412Z_461_e_c	http://www.w3.org/1999/02/22-rdf-syntax-ns#type	http://example.org/stkg/id/SpatialRelationObservation
http://example.org/stkg/id/obs_rel_T90_BTR80_20260205T224412Z_461_e_c	http://example.org/stkg/subjectEntity	http://example.org/stkg/id/platform_T90
http://example.org/stkg/id/obs_rel_T90_BTR80_20260205T224412Z_461_e_c	http://example.org/stkg/objectEntity	http://example.org/stkg/id/platform_BTR80
http://example.org/stkg/id/obs_rel_T90_BTR80_20260205T224412Z_461_e_c	http://example.org/stkg/relationType	http://example.org/stkg/id/relation_behind_of
http://example.org/stkg/id/obs_rel_T90_BTR80_20260205T224412Z_461_e_c	http://example.org/stkg/time	"2026-02-05T22:44:12Z"^^<http://www.w3.org/2001/XMLSchema#dateTime>
http://example.org/stkg/id/obs_rel_BTR80_K2BlackPanther_20260205T224413Z_462_c_d	http://www.w3.org/1999/02/22-rdf-syntax-ns#type	http://example.org/stkg/id/SpatialRelationObservation
http://example.org/stkg/id/obs_rel_BTR80_K2BlackPanther_20260205T224413Z_462_c_d	http://example.org/stkg/subjectEntity	http://example.org/stkg/id/platform_BTR80
http://example.org/stkg/id/obs_rel_BTR80_K2BlackPanther_20260205T224413Z_462_c_d	http://example.org/stkg/objectEntity	http://example.org/stkg/id/platform_K2BlackPanther
http://example.org/stkg/id/obs_rel_BTR80_K2BlackPanther_20260205T224413Z_462_c_d	http://example.org/stkg/relationType	http://example.org/stkg/id/relation_ahead_of
http://example.org/stkg/id/obs_rel_BTR80_K2BlackPanther_20260205T224413Z_462_c_d	http://example.org/stkg/time	"2026-02-05T22:44:13Z"^^<http://www.w3.org/2001/XMLSchema#dateTime>
http://example.org/stkg/id/obs_rel_K2BlackPanther_BTR80_20260205T224413Z_462_d_c	http://www.w3.org/1999/02/22-rdf-syntax-ns#type	http://example.org/stkg/id/SpatialRelationObservation
http://example.org/stkg/id/obs_rel_K2BlackPanther_BTR80_20260205T224413Z_462_d_c	http://example.org/stkg/subjectEntity	http://example.org/stkg/id/platform_K2BlackPanther
http://example.org/stkg/id/obs_rel_K2BlackPanther_BTR80_20260205T224413Z_462_d_c	http://example.org/stkg/objectEntity	http://example.org/stkg/id/platform_BTR80
http://example.org/stkg/id/obs_rel_K2BlackPanther_BTR80_20260205T224413Z_462_d_c	http://example.org/stkg/relationType	http://example.org/stkg/id/relation_behind_of
http://example.org/stkg/id/obs_rel_K2BlackPanther_BTR80_20260205T224413Z_462_d_c	http://example.org/stkg/time	"2026-02-05T22:44:13Z"^^<http://www.w3.org/2001/XMLSchema#dateTime>
http://example.org/stkg/id/obs_rel_K2BlackPanther_T90_20260205T224413Z_462_d_e	http://www.w3.org/1999/02/22-rdf-syntax-ns#type	http://example.org/stkg/id/SpatialRelationObservation
http://example.org/stkg/id/obs_rel_K2BlackPanther_T90_20260205T224413Z_462_d_e	http://example.org/stkg/subjectEntity	http://example.org/stkg/id/platform_K2BlackPanther
http://example.org/stkg/id/obs_rel_K2BlackPanther_T90_20260205T224413Z_462_d_e	http://example.org/stkg/objectEntity	http://example.org/stkg/id/platform_T90
http://example.org/stkg/id/obs_rel_K2BlackPanther_T90_20260205T224413Z_462_d_e	http://example.org/stkg/relationType	http://example.org/stkg/id/relation_ahead_of
http://example.org/stkg/id/obs_rel_K2BlackPanther_T90_20260205T224413Z_462_d_e	http://example.org/stkg/time	"2026-02-05T22:44:13Z"^^<http://www.w3.org/2001/XMLSchema#dateTime>
http://example.org/stkg/id/obs_rel_T90_K2BlackPanther_20260205T224413Z_462_e_d	http://www.w3.org/1999/02/22-rdf-syntax-ns#type	http://example.org/stkg/id/SpatialRelationObservation
http://example.org/stkg/id/obs_rel_T90_K2BlackPanther_20260205T224413Z_462_e_d	http://example.org/stkg/subjectEntity	http://example.org/stkg/id/platform_T90
http://example.org/stkg/id/obs_rel_T90_K2BlackPanther_20260205T224413Z_462_e_d	http://example.org/stkg/objectEntity	http://example.org/stkg/id/platform_K2BlackPanther
http://example.org/stkg/id/obs_rel_T90_K2BlackPanther_20260205T224413Z_462_e_d	http://example.org/stkg/relationType	http://example.org/stkg/id/relation_behind_of
http://example.org/stkg/id/obs_rel_T90_K2BlackPanther_20260205T224413Z_462_e_d	http://example.org/stkg/time	"2026-02-05T22:44:13Z"^^<http://www.w3.org/2001/XMLSchema#dateTime>
http://example.org/stkg/id/obs_rel_BTR80_T90_20260205T224413Z_462_c_e	http://www.w3.org/1999/02/22-rdf-syntax-ns#type	http://example.org/stkg/id/SpatialRelationObservation
http://example.org/stkg/id/obs_rel_BTR80_T90_20260205T224413Z_462_c_e	http://example.org/stkg/subjectEntity	http://example.org/stkg/id/platform_BTR80
http://example.org/stkg/id/obs_rel_BTR80_T90_20260205T224413Z_462_c_e	http://example.org/stkg/objectEntity	http://example.org/stkg/id/platform_T90
http://example.org/stkg/id/obs_rel_BTR80_T90_20260205T224413Z_462_c_e	http://example.org/stkg/relationType	http://example.org/stkg/id/relation_ahead_of
http://example.org/stkg/id/obs_rel_BTR80_T90_20260205T224413Z_462_c_e	http://example.org/stkg/time	"2026-02-05T22:44:13Z"^^<http://www.w3.org/2001/XMLSchema#dateTime>
http://example.org/stkg/id/obs_rel_T90_BTR80_20260205T224413Z_462_e_c	http://www.w3.org/1999/02/22-rdf-syntax-ns#type	http://example.org/stkg/id/SpatialRelationObservation
http://example.org/stkg/id/obs_rel_T90_BTR80_20260205T224413Z_462_e_c	http://example.org/stkg/subjectEntity	http://example.org/stkg/id/platform_T90
http://example.org/stkg/id/obs_rel_T90_BTR80_20260205T224413Z_462_e_c	http://example.org/stkg/objectEntity	http://example.org/stkg/id/platform_BTR80
http://example.org/stkg/id/obs_rel_T90_BTR80_20260205T224413Z_462_e_c	http://example.org/stkg/relationType	http://example.org/stkg/id/relation_behind_of
http://example.org/stkg/id/obs_rel_T90_BTR80_20260205T224413Z_462_e_c	http://example.org/stkg/time	"2026-02-05T22:44:13Z"^^<http://www.w3.org/2001/XMLSchema#dateTime>
http://example.org/stkg/id/obs_rel_BTR80_K2BlackPanther_20260205T224414Z_463_c_d	http://www.w3.org/1999/02/22-rdf-syntax-ns#type	http://example.org/stkg/id/SpatialRelationObservation
http://example.org/stkg/id/obs_rel_BTR80_K2BlackPanther_20260205T224414Z_463_c_d	http://example.org/stkg/subjectEntity	http://example.org/stkg/id/platform_BTR80
http://example.org/stkg/id/obs_rel_BTR80_K2BlackPanther_20260205T224414Z_463_c_d	http://example.org/stkg/objectEntity	http://example.org/stkg/id/platform_K2BlackPanther
http://example.org/stkg/id/obs_rel_BTR80_K2BlackPanther_20260205T224414Z_463_c_d	http://example.org/stkg/relationType	http://example.org/stkg/id/relation_ahead_of
http://example.org/stkg/id/obs_rel_BTR80_K2BlackPanther_20260205T224414Z_463_c_d	http://example.org/stkg/time	"2026-02-05T22:44:14Z"^^<http://www.w3.org/2001/XMLSchema#dateTime>
http://example.org/stkg/id/obs_rel_K2BlackPanther_BTR80_20260205T224414Z_463_d_c	http://www.w3.org/1999/02/22-rdf-syntax-ns#type	http://example.org/stkg/id/SpatialRelationObservation
http://example.org/stkg/id/obs_rel_K2BlackPanther_BTR80_20260205T224414Z_463_d_c	http://example.org/stkg/subjectEntity	http://example.org/stkg/id/platform_K2BlackPanther
http://example.org/stkg/id/obs_rel_K2BlackPanther_BTR80_20260205T224414Z_463_d_c	http://example.org/stkg/objectEntity	http://example.org/stkg/id/platform_BTR80
http://example.org/stkg/id/obs_rel_K2BlackPanther_BTR80_20260205T224414Z_463_d_c	http://example.org/stkg/relationType	http://example.org/stkg/id/relation_behind_of
http://example.org/stkg/id/obs_rel_K2BlackPanther_BTR80_20260205T224414Z_463_d_c	http://example.org/stkg/time	"2026-02-05T22:44:14Z"^^<http://www.w3.org/2001/XMLSchema#dateTime>
http://example.org/stkg/id/obs_rel_K2BlackPanther_T90_20260205T224414Z_463_d_e	http://www.w3.org/1999/02/22-rdf-syntax-ns#type	http://example.org/stkg/id/SpatialRelationObservation
http://example.org/stkg/id/obs_rel_K2BlackPanther_T90_20260205T224414Z_463_d_e	http://example.org/stkg/subjectEntity	http://example.org/stkg/id/platform_K2BlackPanther
http://example.org/stkg/id/obs_rel_K2BlackPanther_T90_20260205T224414Z_463_d_e	http://example.org/stkg/objectEntity	http://example.org/stkg/id/platform_T90
http://example.org/stkg/id/obs_rel_K2BlackPanther_T90_20260205T224414Z_463_d_e	http://example.org/stkg/relationType	http://example.org/stkg/id/relation_ahead_of
http://example.org/stkg/id/obs_rel_K2BlackPanther_T90_20260205T224414Z_463_d_e	http://example.org/stkg/time	"2026-02-05T22:44:14Z"^^<http://www.w3.org/2001/XMLSchema#dateTime>
http://example.org/stkg/id/obs_rel_T90_K2BlackPanther_20260205T224414Z_463_e_d	http://www.w3.org/1999/02/22-rdf-syntax-ns#type	http://example.org/stkg/id/SpatialRelationObservation
http://example.org/stkg/id/obs_rel_T90_K2BlackPanther_20260205T224414Z_463_e_d	http://example.org/stkg/subjectEntity	http://example.org/stkg/id/platform_T90
http://example.org/stkg/id/obs_rel_T90_K2BlackPanther_20260205T224414Z_463_e_d	http://example.org/stkg/objectEntity	http://example.org/stkg/id/platform_K2BlackPanther
http://example.org/stkg/id/obs_rel_T90_K2BlackPanther_20260205T224414Z_463_e_d	http://example.org/stkg/relationType	http://example.org/stkg/id/relation_behind_of
http://example.org/stkg/id/obs_rel_T90_K2BlackPanther_20260205T224414Z_463_e_d	http://example.org/stkg/time	"2026-02-05T22:44:14Z"^^<http://www.w3.org/2001/XMLSchema#dateTime>
http://example.org/stkg/id/obs_rel_BTR80_T90_20260205T224414Z_463_c_e	http://www.w3.org/1999/02/22-rdf-syntax-ns#type	http://example.org/stkg/id/SpatialRelationObservation
http://example.org/stkg/id/obs_rel_BTR80_T90_20260205T224414Z_463_c_e	http://example.org/stkg/subjectEntity	http://example.org/stkg/id/platform_BTR80
http://example.org/stkg/id/obs_rel_BTR80_T90_20260205T224414Z_463_c_e	http://example.org/stkg/objectEntity	http://example.org/stkg/id/platform_T90
http://example.org/stkg/id/obs_rel_BTR80_T90_20260205T224414Z_463_c_e	http://example.org/stkg/relationType	http://example.org/stkg/id/relation_ahead_of
http://example.org/stkg/id/obs_rel_BTR80_T90_20260205T224414Z_463_c_e	http://example.org/stkg/time	"2026-02-05T22:44:14Z"^^<http://www.w3.org/2001/XMLSchema#dateTime>
http://example.org/stkg/id/obs_rel_T90_BTR80_20260205T224414Z_463_e_c	http://www.w3.org/1999/02/22-rdf-syntax-ns#type	http://example.org/stkg/id/SpatialRelationObservation
http://example.org/stkg/id/obs_rel_T90_BTR80_20260205T224414Z_463_e_c	http://example.org/stkg/subjectEntity	http://example.org/stkg/id/platform_T90
http://example.org/stkg/id/obs_rel_T90_BTR80_20260205T224414Z_463_e_c	http://example.org/stkg/objectEntity	http://example.org/stkg/id/platform_BTR80
http://example.org/stkg/id/obs_rel_T90_BTR80_20260205T224414Z_463_e_c	http://example.org/stkg/relationType	http://example.org/stkg/id/relation_behind_of
http://example.org/stkg/id/obs_rel_T90_BTR80_20260205T224414Z_463_e_c	http://example.org/stkg/time	"2026-02-05T22:44:14Z"^^<http://www.w3.org/2001/XMLSchema#dateTime>
http://example.org/stkg/id/obs_rel_BTR80_K2BlackPanther_20260205T224415Z_464_c_d	http://www.w3.org/1999/02/22-rdf-syntax-ns#type	http://example.org/stkg/id/SpatialRelationObservation
http://example.org/stkg/id/obs_rel_BTR80_K2BlackPanther_20260205T224415Z_464_c_d	http://example.org/stkg/subjectEntity	http://example.org/stkg/id/platform_BTR80
http://example.org/stkg/id/obs_rel_BTR80_K2BlackPanther_20260205T224415Z_464_c_d	http://example.org/stkg/objectEntity	http://example.org/stkg/id/platform_K2BlackPanther
http://example.org/stkg/id/obs_rel_BTR80_K2BlackPanther_20260205T224415Z_464_c_d	http://example.org/stkg/relationType	http://example.org/stkg/id/relation_ahead_of
http://example.org/stkg/id/obs_rel_BTR80_K2BlackPanther_20260205T224415Z_464_c_d	http://example.org/stkg/time	"2026-02-05T22:44:15Z"^^<http://www.w3.org/2001/XMLSchema#dateTime>
http://example.org/stkg/id/obs_rel_K2BlackPanther_BTR80_20260205T224415Z_464_d_c	http://www.w3.org/1999/02/22-rdf-syntax-ns#type	http://example.org/stkg/id/SpatialRelationObservation
http://example.org/stkg/id/obs_rel_K2BlackPanther_BTR80_20260205T224415Z_464_d_c	http://example.org/stkg/subjectEntity	http://example.org/stkg/id/platform_K2BlackPanther
http://example.org/stkg/id/obs_rel_K2BlackPanther_BTR80_20260205T224415Z_464_d_c	http://example.org/stkg/objectEntity	http://example.org/stkg/id/platform_BTR80
http://example.org/stkg/id/obs_rel_K2BlackPanther_BTR80_20260205T224415Z_464_d_c	http://example.org/stkg/relationType	http://example.org/stkg/id/relation_behind_of
http://example.org/stkg/id/obs_rel_K2BlackPanther_BTR80_20260205T224415Z_464_d_c	http://example.org/stkg/time	"2026-02-05T22:44:15Z"^^<http://www.w3.org/2001/XMLSchema#dateTime>
http://example.org/stkg/id/obs_rel_K2BlackPanther_T90_20260205T224415Z_464_d_e	http://www.w3.org/1999/02/22-rdf-syntax-ns#type	http://example.org/stkg/id/SpatialRelationObservation
http://example.org/stkg/id/obs_rel_K2BlackPanther_T90_20260205T224415Z_464_d_e	http://example.org/stkg/subjectEntity	http://example.org/stkg/id/platform_K2BlackPanther
http://example.org/stkg/id/obs_rel_K2BlackPanther_T90_20260205T224415Z_464_d_e	http://example.org/stkg/objectEntity	http://example.org/stkg/id/platform_T90
http://example.org/stkg/id/obs_rel_K2BlackPanther_T90_20260205T224415Z_464_d_e	http://example.org/stkg/relationType	http://example.org/stkg/id/relation_ahead_of
http://example.org/stkg/id/obs_rel_K2BlackPanther_T90_20260205T224415Z_464_d_e	http://example.org/stkg/time	"2026-02-05T22:44:15Z"^^<http://www.w3.org/2001/XMLSchema#dateTime>
http://example.org/stkg/id/obs_rel_T90_K2BlackPanther_20260205T224415Z_464_e_d	http://www.w3.org/1999/02/22-rdf-syntax-ns#type	http://example.org/stkg/id/SpatialRelationObservation
http://example.org/stkg/id/obs_rel_T90_K2BlackPanther_20260205T224415Z_464_e_d	http://example.org/stkg/subjectEntity	http://example.org/stkg/id/platform_T90
http://example.org/stkg/id/obs_rel_T90_K2BlackPanther_20260205T224415Z_464_e_d	http://example.org/stkg/objectEntity	http://example.org/stkg/id/platform_K2BlackPanther
http://example.org/stkg/id/obs_rel_T90_K2BlackPanther_20260205T224415Z_464_e_d	http://example.org/stkg/relationType	http://example.org/stkg/id/relation_behind_of
http://example.org/stkg/id/obs_rel_T90_K2BlackPanther_20260205T224415Z_464_e_d	http://example.org/stkg/time	"2026-02-05T22:44:15Z"^^<http://www.w3.org/2001/XMLSchema#dateTime>
http://example.org/stkg/id/obs_rel_BTR80_T90_20260205T224415Z_464_c_e	http://www.w3.org/1999/02/22-rdf-syntax-ns#type	http://example.org/stkg/id/SpatialRelationObservation
http://example.org/stkg/id/obs_rel_BTR80_T90_20260205T224415Z_464_c_e	http://example.org/stkg/subjectEntity	http://example.org/stkg/id/platform_BTR80
http://example.org/stkg/id/obs_rel_BTR80_T90_20260205T224415Z_464_c_e	http://example.org/stkg/objectEntity	http://example.org/stkg/id/platform_T90
http://example.org/stkg/id/obs_rel_BTR80_T90_20260205T224415Z_464_c_e	http://example.org/stkg/relationType	http://example.org/stkg/id/relation_ahead_of
http://example.org/stkg/id/obs_rel_BTR80_T90_20260205T224415Z_464_c_e	http://example.org/stkg/time	"2026-02-05T22:44:15Z"^^<http://www.w3.org/2001/XMLSchema#dateTime>
http://example.org/stkg/id/obs_rel_T90_BTR80_20260205T224415Z_464_e_c	http://www.w3.org/1999/02/22-rdf-syntax-ns#type	http://example.org/stkg/id/SpatialRelationObservation
http://example.org/stkg/id/obs_rel_T90_BTR80_20260205T224415Z_464_e_c	http://example.org/stkg/subjectEntity	http://example.org/stkg/id/platform_T90
http://example.org/stkg/id/obs_rel_T90_BTR80_20260205T224415Z_464_e_c	http://example.org/stkg/objectEntity	http://example.org/stkg/id/platform_BTR80
http://example.org/stkg/id/obs_rel_T90_BTR80_20260205T224415Z_464_e_c	http://example.org/stkg/relationType	http://example.org/stkg/id/relation_behind_of
http://example.org/stkg/id/obs_rel_T90_BTR80_20260205T224415Z_464_e_c	http://example.org/stkg/time	"2026-02-05T22:44:15Z"^^<http://www.w3.org/2001/XMLSchema#dateTime>
http://example.org/stkg/id/obs_rel_BTR80_K2BlackPanther_20260205T224416Z_465_c_d	http://www.w3.org/1999/02/22-rdf-syntax-ns#type	http://example.org/stkg/id/SpatialRelationObservation
http://example.org/stkg/id/obs_rel_BTR80_K2BlackPanther_20260205T224416Z_465_c_d	http://example.org/stkg/subjectEntity	http://example.org/stkg/id/platform_BTR80
http://example.org/stkg/id/obs_rel_BTR80_K2BlackPanther_20260205T224416Z_465_c_d	http://example.org/stkg/objectEntity	http://example.org/stkg/id/platform_K2BlackPanther
http://example.org/stkg/id/obs_rel_BTR80_K2BlackPanther_20260205T224416Z_465_c_d	http://example.org/stkg/relationType	http://example.org/stkg/id/relation_ahead_of
http://example.org/stkg/id/obs_rel_BTR80_K2BlackPanther_20260205T224416Z_465_c_d	http://example.org/stkg/time	"2026-02-05T22:44:16Z"^^<http://www.w3.org/2001/XMLSchema#dateTime>
http://example.org/stkg/id/obs_rel_K2BlackPanther_BTR80_20260205T224416Z_465_d_c	http://www.w3.org/1999/02/22-rdf-syntax-ns#type	http://example.org/stkg/id/SpatialRelationObservation
http://example.org/stkg/id/obs_rel_K2BlackPanther_BTR80_20260205T224416Z_465_d_c	http://example.org/stkg/subjectEntity	http://example.org/stkg/id/platform_K2BlackPanther
http://example.org/stkg/id/obs_rel_K2BlackPanther_BTR80_20260205T224416Z_465_d_c	http://example.org/stkg/objectEntity	http://example.org/stkg/id/platform_BTR80
http://example.org/stkg/id/obs_rel_K2BlackPanther_BTR80_20260205T224416Z_465_d_c	http://example.org/stkg/relationType	http://example.org/stkg/id/relation_behind_of
http://example.org/stkg/id/obs_rel_K2BlackPanther_BTR80_20260205T224416Z_465_d_c	http://example.org/stkg/time	"2026-02-05T22:44:16Z"^^<http://www.w3.org/2001/XMLSchema#dateTime>
http://example.org/stkg/id/obs_rel_K2BlackPanther_T90_20260205T224416Z_465_d_e	http://www.w3.org/1999/02/22-rdf-syntax-ns#type	http://example.org/stkg/id/SpatialRelationObservation
http://example.org/stkg/id/obs_rel_K2BlackPanther_T90_20260205T224416Z_465_d_e	http://example.org/stkg/subjectEntity	http://example.org/stkg/id/platform_K2BlackPanther
http://example.org/stkg/id/obs_rel_K2BlackPanther_T90_20260205T224416Z_465_d_e	http://example.org/stkg/objectEntity	http://example.org/stkg/id/platform_T90
http://example.org/stkg/id/obs_rel_K2BlackPanther_T90_20260205T224416Z_465_d_e	http://example.org/stkg/relationType	http://example.org/stkg/id/relation_ahead_of
http://example.org/stkg/id/obs_rel_K2BlackPanther_T90_20260205T224416Z_465_d_e	http://example.org/stkg/time	"2026-02-05T22:44:16Z"^^<http://www.w3.org/2001/XMLSchema#dateTime>
http://example.org/stkg/id/obs_rel_T90_K2BlackPanther_20260205T224416Z_465_e_d	http://www.w3.org/1999/02/22-rdf-syntax-ns#type	http://example.org/stkg/id/SpatialRelationObservation
http://example.org/stkg/id/obs_rel_T90_K2BlackPanther_20260205T224416Z_465_e_d	http://example.org/stkg/subjectEntity	http://example.org/stkg/id/platform_T90
http://example.org/stkg/id/obs_rel_T90_K2BlackPanther_20260205T224416Z_465_e_d	http://example.org/stkg/objectEntity	http://example.org/stkg/id/platform_K2BlackPanther
http://example.org/stkg/id/obs_rel_T90_K2BlackPanther_20260205T224416Z_465_e_d	http://example.org/stkg/relationType	http://example.org/stkg/id/relation_behind_of
http://example.org/stkg/id/obs_rel_T90_K2BlackPanther_20260205T224416Z_465_e_d	http://example.org/stkg/time	"2026-02-05T22:44:16Z"^^<http://www.w3.org/2001/XMLSchema#dateTime>
http://example.org/stkg/id/obs_rel_BTR80_T90_20260205T224416Z_465_c_e	http://www.w3.org/1999/02/22-rdf-syntax-ns#type	http://example.org/stkg/id/SpatialRelationObservation
http://example.org/stkg/id/obs_rel_BTR80_T90_20260205T224416Z_465_c_e	http://example.org/stkg/subjectEntity	http://example.org/stkg/id/platform_BTR80
http://example.org/stkg/id/obs_rel_BTR80_T90_20260205T224416Z_465_c_e	http://example.org/stkg/objectEntity	http://example.org/stkg/id/platform_T90
http://example.org/stkg/id/obs_rel_BTR80_T90_20260205T224416Z_465_c_e	http://example.org/stkg/relationType	http://example.org/stkg/id/relation_ahead_of
http://example.org/stkg/id/obs_rel_BTR80_T90_20260205T224416Z_465_c_e	http://example.org/stkg/time	"2026-02-05T22:44:16Z"^^<http://www.w3.org/2001/XMLSchema#dateTime>
http://example.org/stkg/id/obs_rel_T90_BTR80_20260205T224416Z_465_e_c	http://www.w3.org/1999/02/22-rdf-syntax-ns#type	http://example.org/stkg/id/SpatialRelationObservation
http://example.org/stkg/id/obs_rel_T90_BTR80_20260205T224416Z_465_e_c	http://example.org/stkg/subjectEntity	http://example.org/stkg/id/platform_T90
http://example.org/stkg/id/obs_rel_T90_BTR80_20260205T224416Z_465_e_c	http://example.org/stkg/objectEntity	http://example.org/stkg/id/platform_BTR80
http://example.org/stkg/id/obs_rel_T90_BTR80_20260205T224416Z_465_e_c	http://example.org/stkg/relationType	http://example.org/stkg/id/relation_behind_of
http://example.org/stkg/id/obs_rel_T90_BTR80_20260205T224416Z_465_e_c	http://example.org/stkg/time	"2026-02-05T22:44:16Z"^^<http://www.w3.org/2001/XMLSchema#dateTime>
http://example.org/stkg/id/obs_rel_BTR80_K2BlackPanther_20260205T224417Z_466_c_d	http://www.w3.org/1999/02/22-rdf-syntax-ns#type	http://example.org/stkg/id/SpatialRelationObservation
http://example.org/stkg/id/obs_rel_BTR80_K2BlackPanther_20260205T224417Z_466_c_d	http://example.org/stkg/subjectEntity	http://example.org/stkg/id/platform_BTR80
http://example.org/stkg/id/obs_rel_BTR80_K2BlackPanther_20260205T224417Z_466_c_d	http://example.org/stkg/objectEntity	http://example.org/stkg/id/platform_K2BlackPanther
http://example.org/stkg/id/obs_rel_BTR80_K2BlackPanther_20260205T224417Z_466_c_d	http://example.org/stkg/relationType	http://example.org/stkg/id/relation_ahead_of
http://example.org/stkg/id/obs_rel_BTR80_K2BlackPanther_20260205T224417Z_466_c_d	http://example.org/stkg/time	"2026-02-05T22:44:17Z"^^<http://www.w3.org/2001/XMLSchema#dateTime>
http://example.org/stkg/id/obs_rel_K2BlackPanther_BTR80_20260205T224417Z_466_d_c	http://www.w3.org/1999/02/22-rdf-syntax-ns#type	http://example.org/stkg/id/SpatialRelationObservation
http://example.org/stkg/id/obs_rel_K2BlackPanther_BTR80_20260205T224417Z_466_d_c	http://example.org/stkg/subjectEntity	http://example.org/stkg/id/platform_K2BlackPanther
http://example.org/stkg/id/obs_rel_K2BlackPanther_BTR80_20260205T224417Z_466_d_c	http://example.org/stkg/objectEntity	http://example.org/stkg/id/platform_BTR80
http://example.org/stkg/id/obs_rel_K2BlackPanther_BTR80_20260205T224417Z_466_d_c	http://example.org/stkg/relationType	http://example.org/stkg/id/relation_behind_of
http://example.org/stkg/id/obs_rel_K2BlackPanther_BTR80_20260205T224417Z_466_d_c	http://example.org/stkg/time	"2026-02-05T22:44:17Z"^^<http://www.w3.org/2001/XMLSchema#dateTime>
http://example.org/stkg/id/obs_rel_K2BlackPanther_T90_20260205T224417Z_466_d_e	http://www.w3.org/1999/02/22-rdf-syntax-ns#type	http://example.org/stkg/id/SpatialRelationObservation
http://example.org/stkg/id/obs_rel_K2BlackPanther_T90_20260205T224417Z_466_d_e	http://example.org/stkg/subjectEntity	http://example.org/stkg/id/platform_K2BlackPanther
http://example.org/stkg/id/obs_rel_K2BlackPanther_T90_20260205T224417Z_466_d_e	http://example.org/stkg/objectEntity	http://example.org/stkg/id/platform_T90
http://example.org/stkg/id/obs_rel_K2BlackPanther_T90_20260205T224417Z_466_d_e	http://example.org/stkg/relationType	http://example.org/stkg/id/relation_ahead_of
http://example.org/stkg/id/obs_rel_K2BlackPanther_T90_20260205T224417Z_466_d_e	http://example.org/stkg/time	"2026-02-05T22:44:17Z"^^<http://www.w3.org/2001/XMLSchema#dateTime>
http://example.org/stkg/id/obs_rel_T90_K2BlackPanther_20260205T224417Z_466_e_d	http://www.w3.org/1999/02/22-rdf-syntax-ns#type	http://example.org/stkg/id/SpatialRelationObservation
http://example.org/stkg/id/obs_rel_T90_K2BlackPanther_20260205T224417Z_466_e_d	http://example.org/stkg/subjectEntity	http://example.org/stkg/id/platform_T90
http://example.org/stkg/id/obs_rel_T90_K2BlackPanther_20260205T224417Z_466_e_d	http://example.org/stkg/objectEntity	http://example.org/stkg/id/platform_K2BlackPanther
http://example.org/stkg/id/obs_rel_T90_K2BlackPanther_20260205T224417Z_466_e_d	http://example.org/stkg/relationType	http://example.org/stkg/id/relation_behind_of
http://example.org/stkg/id/obs_rel_T90_K2BlackPanther_20260205T224417Z_466_e_d	http://example.org/stkg/time	"2026-02-05T22:44:17Z"^^<http://www.w3.org/2001/XMLSchema#dateTime>
http://example.org/stkg/id/obs_rel_BTR80_T90_20260205T224417Z_466_c_e	http://www.w3.org/1999/02/22-rdf-syntax-ns#type	http://example.org/stkg/id/SpatialRelationObservation
http://example.org/stkg/id/obs_rel_BTR80_T90_20260205T224417Z_466_c_e	http://example.org/stkg/subjectEntity	http://example.org/stkg/id/platform_BTR80
http://example.org/stkg/id/obs_rel_BTR80_T90_20260205T224417Z_466_c_e	http://example.org/stkg/objectEntity	http://example.org/stkg/id/platform_T90
http://example.org/stkg/id/obs_rel_BTR80_T90_20260205T224417Z_466_c_e	http://example.org/stkg/relationType	http://example.org/stkg/id/relation_ahead_of
http://example.org/stkg/id/obs_rel_BTR80_T90_20260205T224417Z_466_c_e	http://example.org/stkg/time	"2026-02-05T22:44:17Z"^^<http://www.w3.org/2001/XMLSchema#dateTime>
http://example.org/stkg/id/obs_rel_T90_BTR80_20260205T224417Z_466_e_c	http://www.w3.org/1999/02/22-rdf-syntax-ns#type	http://example.org/stkg/id/SpatialRelationObservation
http://example.org/stkg/id/obs_rel_T90_BTR80_20260205T224417Z_466_e_c	http://example.org/stkg/subjectEntity	http://example.org/stkg/id/platform_T90
http://example.org/stkg/id/obs_rel_T90_BTR80_20260205T224417Z_466_e_c	http://example.org/stkg/objectEntity	http://example.org/stkg/id/platform_BTR80
http://example.org/stkg/id/obs_rel_T90_BTR80_20260205T224417Z_466_e_c	http://example.org/stkg/relationType	http://example.org/stkg/id/relation_behind_of
http://example.org/stkg/id/obs_rel_T90_BTR80_20260205T224417Z_466_e_c	http://example.org/stkg/time	"2026-02-05T22:44:17Z"^^<http://www.w3.org/2001/XMLSchema#dateTime>
http://example.org/stkg/id/obs_rel_BTR80_K2BlackPanther_20260205T224418Z_467_c_d	http://www.w3.org/1999/02/22-rdf-syntax-ns#type	http://example.org/stkg/id/SpatialRelationObservation
http://example.org/stkg/id/obs_rel_BTR80_K2BlackPanther_20260205T224418Z_467_c_d	http://example.org/stkg/subjectEntity	http://example.org/stkg/id/platform_BTR80
http://example.org/stkg/id/obs_rel_BTR80_K2BlackPanther_20260205T224418Z_467_c_d	http://example.org/stkg/objectEntity	http://example.org/stkg/id/platform_K2BlackPanther
http://example.org/stkg/id/obs_rel_BTR80_K2BlackPanther_20260205T224418Z_467_c_d	http://example.org/stkg/relationType	http://example.org/stkg/id/relation_ahead_of
http://example.org/stkg/id/obs_rel_BTR80_K2BlackPanther_20260205T224418Z_467_c_d	http://example.org/stkg/time	"2026-02-05T22:44:18Z"^^<http://www.w3.org/2001/XMLSchema#dateTime>
http://example.org/stkg/id/obs_rel_K2BlackPanther_BTR80_20260205T224418Z_467_d_c	http://www.w3.org/1999/02/22-rdf-syntax-ns#type	http://example.org/stkg/id/SpatialRelationObservation
http://example.org/stkg/id/obs_rel_K2BlackPanther_BTR80_20260205T224418Z_467_d_c	http://example.org/stkg/subjectEntity	http://example.org/stkg/id/platform_K2BlackPanther
http://example.org/stkg/id/obs_rel_K2BlackPanther_BTR80_20260205T224418Z_467_d_c	http://example.org/stkg/objectEntity	http://example.org/stkg/id/platform_BTR80
http://example.org/stkg/id/obs_rel_K2BlackPanther_BTR80_20260205T224418Z_467_d_c	http://example.org/stkg/relationType	http://example.org/stkg/id/relation_behind_of
http://example.org/stkg/id/obs_rel_K2BlackPanther_BTR80_20260205T224418Z_467_d_c	http://example.org/stkg/time	"2026-02-05T22:44:18Z"^^<http://www.w3.org/2001/XMLSchema#dateTime>
http://example.org/stkg/id/obs_rel_K2BlackPanther_T90_20260205T224418Z_467_d_e	http://www.w3.org/1999/02/22-rdf-syntax-ns#type	http://example.org/stkg/id/SpatialRelationObservation
http://example.org/stkg/id/obs_rel_K2BlackPanther_T90_20260205T224418Z_467_d_e	http://example.org/stkg/subjectEntity	http://example.org/stkg/id/platform_K2BlackPanther
http://example.org/stkg/id/obs_rel_K2BlackPanther_T90_20260205T224418Z_467_d_e	http://example.org/stkg/objectEntity	http://example.org/stkg/id/platform_T90
http://example.org/stkg/id/obs_rel_K2BlackPanther_T90_20260205T224418Z_467_d_e	http://example.org/stkg/relationType	http://example.org/stkg/id/relation_ahead_of
http://example.org/stkg/id/obs_rel_K2BlackPanther_T90_20260205T224418Z_467_d_e	http://example.org/stkg/time	"2026-02-05T22:44:18Z"^^<http://www.w3.org/2001/XMLSchema#dateTime>
http://example.org/stkg/id/obs_rel_T90_K2BlackPanther_20260205T224418Z_467_e_d	http://www.w3.org/1999/02/22-rdf-syntax-ns#type	http://example.org/stkg/id/SpatialRelationObservation
http://example.org/stkg/id/obs_rel_T90_K2BlackPanther_20260205T224418Z_467_e_d	http://example.org/stkg/subjectEntity	http://example.org/stkg/id/platform_T90
http://example.org/stkg/id/obs_rel_T90_K2BlackPanther_20260205T224418Z_467_e_d	http://example.org/stkg/objectEntity	http://example.org/stkg/id/platform_K2BlackPanther
http://example.org/stkg/id/obs_rel_T90_K2BlackPanther_20260205T224418Z_467_e_d	http://example.org/stkg/relationType	http://example.org/stkg/id/relation_behind_of
http://example.org/stkg/id/obs_rel_T90_K2BlackPanther_20260205T224418Z_467_e_d	http://example.org/stkg/time	"2026-02-05T22:44:18Z"^^<http://www.w3.org/2001/XMLSchema#dateTime>
http://example.org/stkg/id/obs_rel_BTR80_T90_20260205T224418Z_467_c_e	http://www.w3.org/1999/02/22-rdf-syntax-ns#type	http://example.org/stkg/id/SpatialRelationObservation
http://example.org/stkg/id/obs_rel_BTR80_T90_20260205T224418Z_467_c_e	http://example.org/stkg/subjectEntity	http://example.org/stkg/id/platform_BTR80
http://example.org/stkg/id/obs_rel_BTR80_T90_20260205T224418Z_467_c_e	http://example.org/stkg/objectEntity	http://example.org/stkg/id/platform_T90
http://example.org/stkg/id/obs_rel_BTR80_T90_20260205T224418Z_467_c_e	http://example.org/stkg/relationType	http://example.org/stkg/id/relation_ahead_of
http://example.org/stkg/id/obs_rel_BTR80_T90_20260205T224418Z_467_c_e	http://example.org/stkg/time	"2026-02-05T22:44:18Z"^^<http://www.w3.org/2001/XMLSchema#dateTime>
http://example.org/stkg/id/obs_rel_T90_BTR80_20260205T224418Z_467_e_c	http://www.w3.org/1999/02/22-rdf-syntax-ns#type	http://example.org/stkg/id/SpatialRelationObservation
http://example.org/stkg/id/obs_rel_T90_BTR80_20260205T224418Z_467_e_c	http://example.org/stkg/subjectEntity	http://example.org/stkg/id/platform_T90
http://example.org/stkg/id/obs_rel_T90_BTR80_20260205T224418Z_467_e_c	http://example.org/stkg/objectEntity	http://example.org/stkg/id/platform_BTR80
http://example.org/stkg/id/obs_rel_T90_BTR80_20260205T224418Z_467_e_c	http://example.org/stkg/relationType	http://example.org/stkg/id/relation_behind_of
http://example.org/stkg/id/obs_rel_T90_BTR80_20260205T224418Z_467_e_c	http://example.org/stkg/time	"2026-02-05T22:44:18Z"^^<http://www.w3.org/2001/XMLSchema#dateTime>
http://example.org/stkg/id/obs_rel_BTR80_K2BlackPanther_20260205T224419Z_468_c_d	http://www.w3.org/1999/02/22-rdf-syntax-ns#type	http://example.org/stkg/id/SpatialRelationObservation
http://example.org/stkg/id/obs_rel_BTR80_K2BlackPanther_20260205T224419Z_468_c_d	http://example.org/stkg/subjectEntity	http://example.org/stkg/id/platform_BTR80
http://example.org/stkg/id/obs_rel_BTR80_K2BlackPanther_20260205T224419Z_468_c_d	http://example.org/stkg/objectEntity	http://example.org/stkg/id/platform_K2BlackPanther
http://example.org/stkg/id/obs_rel_BTR80_K2BlackPanther_20260205T224419Z_468_c_d	http://example.org/stkg/relationType	http://example.org/stkg/id/relation_ahead_of
http://example.org/stkg/id/obs_rel_BTR80_K2BlackPanther_20260205T224419Z_468_c_d	http://example.org/stkg/time	"2026-02-05T22:44:19Z"^^<http://www.w3.org/2001/XMLSchema#dateTime>
http://example.org/stkg/id/obs_rel_K2BlackPanther_BTR80_20260205T224419Z_468_d_c	http://www.w3.org/1999/02/22-rdf-syntax-ns#type	http://example.org/stkg/id/SpatialRelationObservation
http://example.org/stkg/id/obs_rel_K2BlackPanther_BTR80_20260205T224419Z_468_d_c	http://example.org/stkg/subjectEntity	http://example.org/stkg/id/platform_K2BlackPanther
http://example.org/stkg/id/obs_rel_K2BlackPanther_BTR80_20260205T224419Z_468_d_c	http://example.org/stkg/objectEntity	http://example.org/stkg/id/platform_BTR80
http://example.org/stkg/id/obs_rel_K2BlackPanther_BTR80_20260205T224419Z_468_d_c	http://example.org/stkg/relationType	http://example.org/stkg/id/relation_behind_of
http://example.org/stkg/id/obs_rel_K2BlackPanther_BTR80_20260205T224419Z_468_d_c	http://example.org/stkg/time	"2026-02-05T22:44:19Z"^^<http://www.w3.org/2001/XMLSchema#dateTime>
http://example.org/stkg/id/obs_rel_K2BlackPanther_T90_20260205T224419Z_468_d_e	http://www.w3.org/1999/02/22-rdf-syntax-ns#type	http://example.org/stkg/id/SpatialRelationObservation
http://example.org/stkg/id/obs_rel_K2BlackPanther_T90_20260205T224419Z_468_d_e	http://example.org/stkg/subjectEntity	http://example.org/stkg/id/platform_K2BlackPanther
http://example.org/stkg/id/obs_rel_K2BlackPanther_T90_20260205T224419Z_468_d_e	http://example.org/stkg/objectEntity	http://example.org/stkg/id/platform_T90
http://example.org/stkg/id/obs_rel_K2BlackPanther_T90_20260205T224419Z_468_d_e	http://example.org/stkg/relationType	http://example.org/stkg/id/relation_ahead_of
http://example.org/stkg/id/obs_rel_K2BlackPanther_T90_20260205T224419Z_468_d_e	http://example.org/stkg/time	"2026-02-05T22:44:19Z"^^<http://www.w3.org/2001/XMLSchema#dateTime>
http://example.org/stkg/id/obs_rel_T90_K2BlackPanther_20260205T224419Z_468_e_d	http://www.w3.org/1999/02/22-rdf-syntax-ns#type	http://example.org/stkg/id/SpatialRelationObservation
http://example.org/stkg/id/obs_rel_T90_K2BlackPanther_20260205T224419Z_468_e_d	http://example.org/stkg/subjectEntity	http://example.org/stkg/id/platform_T90
http://example.org/stkg/id/obs_rel_T90_K2BlackPanther_20260205T224419Z_468_e_d	http://example.org/stkg/objectEntity	http://example.org/stkg/id/platform_K2BlackPanther
http://example.org/stkg/id/obs_rel_T90_K2BlackPanther_20260205T224419Z_468_e_d	http://example.org/stkg/relationType	http://example.org/stkg/id/relation_behind_of
http://example.org/stkg/id/obs_rel_T90_K2BlackPanther_20260205T224419Z_468_e_d	http://example.org/stkg/time	"2026-02-05T22:44:19Z"^^<http://www.w3.org/2001/XMLSchema#dateTime>
http://example.org/stkg/id/obs_rel_BTR80_T90_20260205T224419Z_468_c_e	http://www.w3.org/1999/02/22-rdf-syntax-ns#type	http://example.org/stkg/id/SpatialRelationObservation
http://example.org/stkg/id/obs_rel_BTR80_T90_20260205T224419Z_468_c_e	http://example.org/stkg/subjectEntity	http://example.org/stkg/id/platform_BTR80
http://example.org/stkg/id/obs_rel_BTR80_T90_20260205T224419Z_468_c_e	http://example.org/stkg/objectEntity	http://example.org/stkg/id/platform_T90
http://example.org/stkg/id/obs_rel_BTR80_T90_20260205T224419Z_468_c_e	http://example.org/stkg/relationType	http://example.org/stkg/id/relation_ahead_of
http://example.org/stkg/id/obs_rel_BTR80_T90_20260205T224419Z_468_c_e	http://example.org/stkg/time	"2026-02-05T22:44:19Z"^^<http://www.w3.org/2001/XMLSchema#dateTime>
http://example.org/stkg/id/obs_rel_T90_BTR80_20260205T224419Z_468_e_c	http://www.w3.org/1999/02/22-rdf-syntax-ns#type	http://example.org/stkg/id/SpatialRelationObservation
http://example.org/stkg/id/obs_rel_T90_BTR80_20260205T224419Z_468_e_c	http://example.org/stkg/subjectEntity	http://example.org/stkg/id/platform_T90
http://example.org/stkg/id/obs_rel_T90_BTR80_20260205T224419Z_468_e_c	http://example.org/stkg/objectEntity	http://example.org/stkg/id/platform_BTR80
http://example.org/stkg/id/obs_rel_T90_BTR80_20260205T224419Z_468_e_c	http://example.org/stkg/relationType	http://example.org/stkg/id/relation_behind_of
http://example.org/stkg/id/obs_rel_T90_BTR80_20260205T224419Z_468_e_c	http://example.org/stkg/time	"2026-02-05T22:44:19Z"^^<http://www.w3.org/2001/XMLSchema#dateTime>
http://example.org/stkg/id/obs_rel_BTR80_K2BlackPanther_20260205T224420Z_469_c_d	http://www.w3.org/1999/02/22-rdf-syntax-ns#type	http://example.org/stkg/id/SpatialRelationObservation
http://example.org/stkg/id/obs_rel_BTR80_K2BlackPanther_20260205T224420Z_469_c_d	http://example.org/stkg/subjectEntity	http://example.org/stkg/id/platform_BTR80
http://example.org/stkg/id/obs_rel_BTR80_K2BlackPanther_20260205T224420Z_469_c_d	http://example.org/stkg/objectEntity	http://example.org/stkg/id/platform_K2BlackPanther
http://example.org/stkg/id/obs_rel_BTR80_K2BlackPanther_20260205T224420Z_469_c_d	http://example.org/stkg/relationType	http://example.org/stkg/id/relation_ahead_of
http://example.org/stkg/id/obs_rel_BTR80_K2BlackPanther_20260205T224420Z_469_c_d	http://example.org/stkg/time	"2026-02-05T22:44:20Z"^^<http://www.w3.org/2001/XMLSchema#dateTime>
http://example.org/stkg/id/obs_rel_K2BlackPanther_BTR80_20260205T224420Z_469_d_c	http://www.w3.org/1999/02/22-rdf-syntax-ns#type	http://example.org/stkg/id/SpatialRelationObservation
http://example.org/stkg/id/obs_rel_K2BlackPanther_BTR80_20260205T224420Z_469_d_c	http://example.org/stkg/subjectEntity	http://example.org/stkg/id/platform_K2BlackPanther
http://example.org/stkg/id/obs_rel_K2BlackPanther_BTR80_20260205T224420Z_469_d_c	http://example.org/stkg/objectEntity	http://example.org/stkg/id/platform_BTR80
http://example.org/stkg/id/obs_rel_K2BlackPanther_BTR80_20260205T224420Z_469_d_c	http://example.org/stkg/relationType	http://example.org/stkg/id/relation_behind_of
http://example.org/stkg/id/obs_rel_K2BlackPanther_BTR80_20260205T224420Z_469_d_c	http://example.org/stkg/time	"2026-02-05T22:44:20Z"^^<http://www.w3.org/2001/XMLSchema#dateTime>
http://example.org/stkg/id/obs_rel_K2BlackPanther_T90_20260205T224420Z_469_d_e	http://www.w3.org/1999/02/22-rdf-syntax-ns#type	http://example.org/stkg/id/SpatialRelationObservation
http://example.org/stkg/id/obs_rel_K2BlackPanther_T90_20260205T224420Z_469_d_e	http://example.org/stkg/subjectEntity	http://example.org/stkg/id/platform_K2BlackPanther
http://example.org/stkg/id/obs_rel_K2BlackPanther_T90_20260205T224420Z_469_d_e	http://example.org/stkg/objectEntity	http://example.org/stkg/id/platform_T90
http://example.org/stkg/id/obs_rel_K2BlackPanther_T90_20260205T224420Z_469_d_e	http://example.org/stkg/relationType	http://example.org/stkg/id/relation_ahead_of
http://example.org/stkg/id/obs_rel_K2BlackPanther_T90_20260205T224420Z_469_d_e	http://example.org/stkg/time	"2026-02-05T22:44:20Z"^^<http://www.w3.org/2001/XMLSchema#dateTime>
http://example.org/stkg/id/obs_rel_T90_K2BlackPanther_20260205T224420Z_469_e_d	http://www.w3.org/1999/02/22-rdf-syntax-ns#type	http://example.org/stkg/id/SpatialRelationObservation
http://example.org/stkg/id/obs_rel_T90_K2BlackPanther_20260205T224420Z_469_e_d	http://example.org/stkg/subjectEntity	http://example.org/stkg/id/platform_T90
http://example.org/stkg/id/obs_rel_T90_K2BlackPanther_20260205T224420Z_469_e_d	http://example.org/stkg/objectEntity	http://example.org/stkg/id/platform_K2BlackPanther
http://example.org/stkg/id/obs_rel_T90_K2BlackPanther_20260205T224420Z_469_e_d	http://example.org/stkg/relationType	http://example.org/stkg/id/relation_behind_of
http://example.org/stkg/id/obs_rel_T90_K2BlackPanther_20260205T224420Z_469_e_d	http://example.org/stkg/time	"2026-02-05T22:44:20Z"^^<http://www.w3.org/2001/XMLSchema#dateTime>
http://example.org/stkg/id/obs_rel_BTR80_T90_20260205T224420Z_469_c_e	http://www.w3.org/1999/02/22-rdf-syntax-ns#type	http://example.org/stkg/id/SpatialRelationObservation
http://example.org/stkg/id/obs_rel_BTR80_T90_20260205T224420Z_469_c_e	http://example.org/stkg/subjectEntity	http://example.org/stkg/id/platform_BTR80
http://example.org/stkg/id/obs_rel_BTR80_T90_20260205T224420Z_469_c_e	http://example.org/stkg/objectEntity	http://example.org/stkg/id/platform_T90
http://example.org/stkg/id/obs_rel_BTR80_T90_20260205T224420Z_469_c_e	http://example.org/stkg/relationType	http://example.org/stkg/id/relation_ahead_of
http://example.org/stkg/id/obs_rel_BTR80_T90_20260205T224420Z_469_c_e	http://example.org/stkg/time	"2026-02-05T22:44:20Z"^^<http://www.w3.org/2001/XMLSchema#dateTime>
http://example.org/stkg/id/obs_rel_T90_BTR80_20260205T224420Z_469_e_c	http://www.w3.org/1999/02/22-rdf-syntax-ns#type	http://example.org/stkg/id/SpatialRelationObservation
http://example.org/stkg/id/obs_rel_T90_BTR80_20260205T224420Z_469_e_c	http://example.org/stkg/subjectEntity	http://example.org/stkg/id/platform_T90
http://example.org/stkg/id/obs_rel_T90_BTR80_20260205T224420Z_469_e_c	http://example.org/stkg/objectEntity	http://example.org/stkg/id/platform_BTR80
http://example.org/stkg/id/obs_rel_T90_BTR80_20260205T224420Z_469_e_c	http://example.org/stkg/relationType	http://example.org/stkg/id/relation_behind_of
http://example.org/stkg/id/obs_rel_T90_BTR80_20260205T224420Z_469_e_c	http://example.org/stkg/time	"2026-02-05T22:44:20Z"^^<http://www.w3.org/2001/XMLSchema#dateTime>
http://example.org/stkg/id/obs_rel_BTR80_K2BlackPanther_20260205T224421Z_470_c_d	http://www.w3.org/1999/02/22-rdf-syntax-ns#type	http://example.org/stkg/id/SpatialRelationObservation
http://example.org/stkg/id/obs_rel_BTR80_K2BlackPanther_20260205T224421Z_470_c_d	http://example.org/stkg/subjectEntity	http://example.org/stkg/id/platform_BTR80
http://example.org/stkg/id/obs_rel_BTR80_K2BlackPanther_20260205T224421Z_470_c_d	http://example.org/stkg/objectEntity	http://example.org/stkg/id/platform_K2BlackPanther
http://example.org/stkg/id/obs_rel_BTR80_K2BlackPanther_20260205T224421Z_470_c_d	http://example.org/stkg/relationType	http://example.org/stkg/id/relation_ahead_of
http://example.org/stkg/id/obs_rel_BTR80_K2BlackPanther_20260205T224421Z_470_c_d	http://example.org/stkg/time	"2026-02-05T22:44:21Z"^^<http://www.w3.org/2001/XMLSchema#dateTime>
http://example.org/stkg/id/obs_rel_K2BlackPanther_BTR80_20260205T224421Z_470_d_c	http://www.w3.org/1999/02/22-rdf-syntax-ns#type	http://example.org/stkg/id/SpatialRelationObservation
http://example.org/stkg/id/obs_rel_K2BlackPanther_BTR80_20260205T224421Z_470_d_c	http://example.org/stkg/subjectEntity	http://example.org/stkg/id/platform_K2BlackPanther
http://example.org/stkg/id/obs_rel_K2BlackPanther_BTR80_20260205T224421Z_470_d_c	http://example.org/stkg/objectEntity	http://example.org/stkg/id/platform_BTR80
http://example.org/stkg/id/obs_rel_K2BlackPanther_BTR80_20260205T224421Z_470_d_c	http://example.org/stkg/relationType	http://example.org/stkg/id/relation_behind_of
http://example.org/stkg/id/obs_rel_K2BlackPanther_BTR80_20260205T224421Z_470_d_c	http://example.org/stkg/time	"2026-02-05T22:44:21Z"^^<http://www.w3.org/2001/XMLSchema#dateTime>
http://example.org/stkg/id/obs_rel_K2BlackPanther_T90_20260205T224421Z_470_d_e	http://www.w3.org/1999/02/22-rdf-syntax-ns#type	http://example.org/stkg/id/SpatialRelationObservation
http://example.org/stkg/id/obs_rel_K2BlackPanther_T90_20260205T224421Z_470_d_e	http://example.org/stkg/subjectEntity	http://example.org/stkg/id/platform_K2BlackPanther
http://example.org/stkg/id/obs_rel_K2BlackPanther_T90_20260205T224421Z_470_d_e	http://example.org/stkg/objectEntity	http://example.org/stkg/id/platform_T90
http://example.org/stkg/id/obs_rel_K2BlackPanther_T90_20260205T224421Z_470_d_e	http://example.org/stkg/relationType	http://example.org/stkg/id/relation_ahead_of
http://example.org/stkg/id/obs_rel_K2BlackPanther_T90_20260205T224421Z_470_d_e	http://example.org/stkg/time	"2026-02-05T22:44:21Z"^^<http://www.w3.org/2001/XMLSchema#dateTime>
http://example.org/stkg/id/obs_rel_T90_K2BlackPanther_20260205T224421Z_470_e_d	http://www.w3.org/1999/02/22-rdf-syntax-ns#type	http://example.org/stkg/id/SpatialRelationObservation
http://example.org/stkg/id/obs_rel_T90_K2BlackPanther_20260205T224421Z_470_e_d	http://example.org/stkg/subjectEntity	http://example.org/stkg/id/platform_T90
http://example.org/stkg/id/obs_rel_T90_K2BlackPanther_20260205T224421Z_470_e_d	http://example.org/stkg/objectEntity	http://example.org/stkg/id/platform_K2BlackPanther
http://example.org/stkg/id/obs_rel_T90_K2BlackPanther_20260205T224421Z_470_e_d	http://example.org/stkg/relationType	http://example.org/stkg/id/relation_behind_of
http://example.org/stkg/id/obs_rel_T90_K2BlackPanther_20260205T224421Z_470_e_d	http://example.org/stkg/time	"2026-02-05T22:44:21Z"^^<http://www.w3.org/2001/XMLSchema#dateTime>
http://example.org/stkg/id/obs_rel_BTR80_T90_20260205T224421Z_470_c_e	http://www.w3.org/1999/02/22-rdf-syntax-ns#type	http://example.org/stkg/id/SpatialRelationObservation
http://example.org/stkg/id/obs_rel_BTR80_T90_20260205T224421Z_470_c_e	http://example.org/stkg/subjectEntity	http://example.org/stkg/id/platform_BTR80
http://example.org/stkg/id/obs_rel_BTR80_T90_20260205T224421Z_470_c_e	http://example.org/stkg/objectEntity	http://example.org/stkg/id/platform_T90
http://example.org/stkg/id/obs_rel_BTR80_T90_20260205T224421Z_470_c_e	http://example.org/stkg/relationType	http://example.org/stkg/id/relation_ahead_of
http://example.org/stkg/id/obs_rel_BTR80_T90_20260205T224421Z_470_c_e	http://example.org/stkg/time	"2026-02-05T22:44:21Z"^^<http://www.w3.org/2001/XMLSchema#dateTime>
http://example.org/stkg/id/obs_rel_T90_BTR80_20260205T224421Z_470_e_c	http://www.w3.org/1999/02/22-rdf-syntax-ns#type	http://example.org/stkg/id/SpatialRelationObservation
http://example.org/stkg/id/obs_rel_T90_BTR80_20260205T224421Z_470_e_c	http://example.org/stkg/subjectEntity	http://example.org/stkg/id/platform_T90
http://example.org/stkg/id/obs_rel_T90_BTR80_20260205T224421Z_470_e_c	http://example.org/stkg/objectEntity	http://example.org/stkg/id/platform_BTR80
http://example.org/stkg/id/obs_rel_T90_BTR80_20260205T224421Z_470_e_c	http://example.org/stkg/relationType	http://example.org/stkg/id/relation_behind_of
http://example.org/stkg/id/obs_rel_T90_BTR80_20260205T224421Z_470_e_c	http://example.org/stkg/time	"2026-02-05T22:44:21Z"^^<http://www.w3.org/2001/XMLSchema#dateTime>
http://example.org/stkg/id/obs_rel_BTR80_K2BlackPanther_20260205T224422Z_471_c_d	http://www.w3.org/1999/02/22-rdf-syntax-ns#type	http://example.org/stkg/id/SpatialRelationObservation
http://example.org/stkg/id/obs_rel_BTR80_K2BlackPanther_20260205T224422Z_471_c_d	http://example.org/stkg/subjectEntity	http://example.org/stkg/id/platform_BTR80
http://example.org/stkg/id/obs_rel_BTR80_K2BlackPanther_20260205T224422Z_471_c_d	http://example.org/stkg/objectEntity	http://example.org/stkg/id/platform_K2BlackPanther
http://example.org/stkg/id/obs_rel_BTR80_K2BlackPanther_20260205T224422Z_471_c_d	http://example.org/stkg/relationType	http://example.org/stkg/id/relation_ahead_of
http://example.org/stkg/id/obs_rel_BTR80_K2BlackPanther_20260205T224422Z_471_c_d	http://example.org/stkg/time	"2026-02-05T22:44:22Z"^^<http://www.w3.org/2001/XMLSchema#dateTime>
http://example.org/stkg/id/obs_rel_K2BlackPanther_BTR80_20260205T224422Z_471_d_c	http://www.w3.org/1999/02/22-rdf-syntax-ns#type	http://example.org/stkg/id/SpatialRelationObservation
http://example.org/stkg/id/obs_rel_K2BlackPanther_BTR80_20260205T224422Z_471_d_c	http://example.org/stkg/subjectEntity	http://example.org/stkg/id/platform_K2BlackPanther
http://example.org/stkg/id/obs_rel_K2BlackPanther_BTR80_20260205T224422Z_471_d_c	http://example.org/stkg/objectEntity	http://example.org/stkg/id/platform_BTR80
http://example.org/stkg/id/obs_rel_K2BlackPanther_BTR80_20260205T224422Z_471_d_c	http://example.org/stkg/relationType	http://example.org/stkg/id/relation_behind_of
http://example.org/stkg/id/obs_rel_K2BlackPanther_BTR80_20260205T224422Z_471_d_c	http://example.org/stkg/time	"2026-02-05T22:44:22Z"^^<http://www.w3.org/2001/XMLSchema#dateTime>
http://example.org/stkg/id/obs_rel_K2BlackPanther_T90_20260205T224422Z_471_d_e	http://www.w3.org/1999/02/22-rdf-syntax-ns#type	http://example.org/stkg/id/SpatialRelationObservation
http://example.org/stkg/id/obs_rel_K2BlackPanther_T90_20260205T224422Z_471_d_e	http://example.org/stkg/subjectEntity	http://example.org/stkg/id/platform_K2BlackPanther
http://example.org/stkg/id/obs_rel_K2BlackPanther_T90_20260205T224422Z_471_d_e	http://example.org/stkg/objectEntity	http://example.org/stkg/id/platform_T90
http://example.org/stkg/id/obs_rel_K2BlackPanther_T90_20260205T224422Z_471_d_e	http://example.org/stkg/relationType	http://example.org/stkg/id/relation_ahead_of
http://example.org/stkg/id/obs_rel_K2BlackPanther_T90_20260205T224422Z_471_d_e	http://example.org/stkg/time	"2026-02-05T22:44:22Z"^^<http://www.w3.org/2001/XMLSchema#dateTime>
http://example.org/stkg/id/obs_rel_T90_K2BlackPanther_20260205T224422Z_471_e_d	http://www.w3.org/1999/02/22-rdf-syntax-ns#type	http://example.org/stkg/id/SpatialRelationObservation
http://example.org/stkg/id/obs_rel_T90_K2BlackPanther_20260205T224422Z_471_e_d	http://example.org/stkg/subjectEntity	http://example.org/stkg/id/platform_T90
http://example.org/stkg/id/obs_rel_T90_K2BlackPanther_20260205T224422Z_471_e_d	http://example.org/stkg/objectEntity	http://example.org/stkg/id/platform_K2BlackPanther
http://example.org/stkg/id/obs_rel_T90_K2BlackPanther_20260205T224422Z_471_e_d	http://example.org/stkg/relationType	http://example.org/stkg/id/relation_behind_of
http://example.org/stkg/id/obs_rel_T90_K2BlackPanther_20260205T224422Z_471_e_d	http://example.org/stkg/time	"2026-02-05T22:44:22Z"^^<http://www.w3.org/2001/XMLSchema#dateTime>
http://example.org/stkg/id/obs_rel_BTR80_T90_20260205T224422Z_471_c_e	http://www.w3.org/1999/02/22-rdf-syntax-ns#type	http://example.org/stkg/id/SpatialRelationObservation
http://example.org/stkg/id/obs_rel_BTR80_T90_20260205T224422Z_471_c_e	http://example.org/stkg/subjectEntity	http://example.org/stkg/id/platform_BTR80
http://example.org/stkg/id/obs_rel_BTR80_T90_20260205T224422Z_471_c_e	http://example.org/stkg/objectEntity	http://example.org/stkg/id/platform_T90
http://example.org/stkg/id/obs_rel_BTR80_T90_20260205T224422Z_471_c_e	http://example.org/stkg/relationType	http://example.org/stkg/id/relation_ahead_of
http://example.org/stkg/id/obs_rel_BTR80_T90_20260205T224422Z_471_c_e	http://example.org/stkg/time	"2026-02-05T22:44:22Z"^^<http://www.w3.org/2001/XMLSchema#dateTime>
http://example.org/stkg/id/obs_rel_T90_BTR80_20260205T224422Z_471_e_c	http://www.w3.org/1999/02/22-rdf-syntax-ns#type	http://example.org/stkg/id/SpatialRelationObservation
http://example.org/stkg/id/obs_rel_T90_BTR80_20260205T224422Z_471_e_c	http://example.org/stkg/subjectEntity	http://example.org/stkg/id/platform_T90
http://example.org/stkg/id/obs_rel_T90_BTR80_20260205T224422Z_471_e_c	http://example.org/stkg/objectEntity	http://example.org/stkg/id/platform_BTR80
http://example.org/stkg/id/obs_rel_T90_BTR80_20260205T224422Z_471_e_c	http://example.org/stkg/relationType	http://example.org/stkg/id/relation_behind_of
http://example.org/stkg/id/obs_rel_T90_BTR80_20260205T224422Z_471_e_c	http://example.org/stkg/time	"2026-02-05T22:44:22Z"^^<http://www.w3.org/2001/XMLSchema#dateTime>
http://example.org/stkg/id/obs_rel_BTR80_K2BlackPanther_20260205T224423Z_472_c_d	http://www.w3.org/1999/02/22-rdf-syntax-ns#type	http://example.org/stkg/id/SpatialRelationObservation
http://example.org/stkg/id/obs_rel_BTR80_K2BlackPanther_20260205T224423Z_472_c_d	http://example.org/stkg/subjectEntity	http://example.org/stkg/id/platform_BTR80
http://example.org/stkg/id/obs_rel_BTR80_K2BlackPanther_20260205T224423Z_472_c_d	http://example.org/stkg/objectEntity	http://example.org/stkg/id/platform_K2BlackPanther
http://example.org/stkg/id/obs_rel_BTR80_K2BlackPanther_20260205T224423Z_472_c_d	http://example.org/stkg/relationType	http://example.org/stkg/id/relation_ahead_of
http://example.org/stkg/id/obs_rel_BTR80_K2BlackPanther_20260205T224423Z_472_c_d	http://example.org/stkg/time	"2026-02-05T22:44:23Z"^^<http://www.w3.org/2001/XMLSchema#dateTime>
http://example.org/stkg/id/obs_rel_K2BlackPanther_BTR80_20260205T224423Z_472_d_c	http://www.w3.org/1999/02/22-rdf-syntax-ns#type	http://example.org/stkg/id/SpatialRelationObservation
http://example.org/stkg/id/obs_rel_K2BlackPanther_BTR80_20260205T224423Z_472_d_c	http://example.org/stkg/subjectEntity	http://example.org/stkg/id/platform_K2BlackPanther
http://example.org/stkg/id/obs_rel_K2BlackPanther_BTR80_20260205T224423Z_472_d_c	http://example.org/stkg/objectEntity	http://example.org/stkg/id/platform_BTR80
http://example.org/stkg/id/obs_rel_K2BlackPanther_BTR80_20260205T224423Z_472_d_c	http://example.org/stkg/relationType	http://example.org/stkg/id/relation_behind_of
http://example.org/stkg/id/obs_rel_K2BlackPanther_BTR80_20260205T224423Z_472_d_c	http://example.org/stkg/time	"2026-02-05T22:44:23Z"^^<http://www.w3.org/2001/XMLSchema#dateTime>
http://example.org/stkg/id/obs_rel_K2BlackPanther_T90_20260205T224423Z_472_d_e	http://www.w3.org/1999/02/22-rdf-syntax-ns#type	http://example.org/stkg/id/SpatialRelationObservation
http://example.org/stkg/id/obs_rel_K2BlackPanther_T90_20260205T224423Z_472_d_e	http://example.org/stkg/subjectEntity	http://example.org/stkg/id/platform_K2BlackPanther
http://example.org/stkg/id/obs_rel_K2BlackPanther_T90_20260205T224423Z_472_d_e	http://example.org/stkg/objectEntity	http://example.org/stkg/id/platform_T90
http://example.org/stkg/id/obs_rel_K2BlackPanther_T90_20260205T224423Z_472_d_e	http://example.org/stkg/relationType	http://example.org/stkg/id/relation_ahead_of
http://example.org/stkg/id/obs_rel_K2BlackPanther_T90_20260205T224423Z_472_d_e	http://example.org/stkg/time	"2026-02-05T22:44:23Z"^^<http://www.w3.org/2001/XMLSchema#dateTime>
http://example.org/stkg/id/obs_rel_T90_K2BlackPanther_20260205T224423Z_472_e_d	http://www.w3.org/1999/02/22-rdf-syntax-ns#type	http://example.org/stkg/id/SpatialRelationObservation
http://example.org/stkg/id/obs_rel_T90_K2BlackPanther_20260205T224423Z_472_e_d	http://example.org/stkg/subjectEntity	http://example.org/stkg/id/platform_T90
http://example.org/stkg/id/obs_rel_T90_K2BlackPanther_20260205T224423Z_472_e_d	http://example.org/stkg/objectEntity	http://example.org/stkg/id/platform_K2BlackPanther
http://example.org/stkg/id/obs_rel_T90_K2BlackPanther_20260205T224423Z_472_e_d	http://example.org/stkg/relationType	http://example.org/stkg/id/relation_behind_of
http://example.org/stkg/id/obs_rel_T90_K2BlackPanther_20260205T224423Z_472_e_d	http://example.org/stkg/time	"2026-02-05T22:44:23Z"^^<http://www.w3.org/2001/XMLSchema#dateTime>
http://example.org/stkg/id/obs_rel_BTR80_T90_20260205T224423Z_472_c_e	http://www.w3.org/1999/02/22-rdf-syntax-ns#type	http://example.org/stkg/id/SpatialRelationObservation
http://example.org/stkg/id/obs_rel_BTR80_T90_20260205T224423Z_472_c_e	http://example.org/stkg/subjectEntity	http://example.org/stkg/id/platform_BTR80
http://example.org/stkg/id/obs_rel_BTR80_T90_20260205T224423Z_472_c_e	http://example.org/stkg/objectEntity	http://example.org/stkg/id/platform_T90
http://example.org/stkg/id/obs_rel_BTR80_T90_20260205T224423Z_472_c_e	http://example.org/stkg/relationType	http://example.org/stkg/id/relation_ahead_of
http://example.org/stkg/id/obs_rel_BTR80_T90_20260205T224423Z_472_c_e	http://example.org/stkg/time	"2026-02-05T22:44:23Z"^^<http://www.w3.org/2001/XMLSchema#dateTime>
http://example.org/stkg/id/obs_rel_T90_BTR80_20260205T224423Z_472_e_c	http://www.w3.org/1999/02/22-rdf-syntax-ns#type	http://example.org/stkg/id/SpatialRelationObservation
http://example.org/stkg/id/obs_rel_T90_BTR80_20260205T224423Z_472_e_c	http://example.org/stkg/subjectEntity	http://example.org/stkg/id/platform_T90
http://example.org/stkg/id/obs_rel_T90_BTR80_20260205T224423Z_472_e_c	http://example.org/stkg/objectEntity	http://example.org/stkg/id/platform_BTR80
http://example.org/stkg/id/obs_rel_T90_BTR80_20260205T224423Z_472_e_c	http://example.org/stkg/relationType	http://example.org/stkg/id/relation_behind_of
http://example.org/stkg/id/obs_rel_T90_BTR80_20260205T224423Z_472_e_c	http://example.org/stkg/time	"2026-02-05T22:44:23Z"^^<http://www.w3.org/2001/XMLSchema#dateTime>
http://example.org/stkg/id/obs_rel_BTR80_K2BlackPanther_20260205T224424Z_473_c_d	http://www.w3.org/1999/02/22-rdf-syntax-ns#type	http://example.org/stkg/id/SpatialRelationObservation
http://example.org/stkg/id/obs_rel_BTR80_K2BlackPanther_20260205T224424Z_473_c_d	http://example.org/stkg/subjectEntity	http://example.org/stkg/id/platform_BTR80
http://example.org/stkg/id/obs_rel_BTR80_K2BlackPanther_20260205T224424Z_473_c_d	http://example.org/stkg/objectEntity	http://example.org/stkg/id/platform_K2BlackPanther
http://example.org/stkg/id/obs_rel_BTR80_K2BlackPanther_20260205T224424Z_473_c_d	http://example.org/stkg/relationType	http://example.org/stkg/id/relation_ahead_of
http://example.org/stkg/id/obs_rel_BTR80_K2BlackPanther_20260205T224424Z_473_c_d	http://example.org/stkg/time	"2026-02-05T22:44:24Z"^^<http://www.w3.org/2001/XMLSchema#dateTime>
http://example.org/stkg/id/obs_rel_K2BlackPanther_BTR80_20260205T224424Z_473_d_c	http://www.w3.org/1999/02/22-rdf-syntax-ns#type	http://example.org/stkg/id/SpatialRelationObservation
http://example.org/stkg/id/obs_rel_K2BlackPanther_BTR80_20260205T224424Z_473_d_c	http://example.org/stkg/subjectEntity	http://example.org/stkg/id/platform_K2BlackPanther
http://example.org/stkg/id/obs_rel_K2BlackPanther_BTR80_20260205T224424Z_473_d_c	http://example.org/stkg/objectEntity	http://example.org/stkg/id/platform_BTR80
http://example.org/stkg/id/obs_rel_K2BlackPanther_BTR80_20260205T224424Z_473_d_c	http://example.org/stkg/relationType	http://example.org/stkg/id/relation_behind_of
http://example.org/stkg/id/obs_rel_K2BlackPanther_BTR80_20260205T224424Z_473_d_c	http://example.org/stkg/time	"2026-02-05T22:44:24Z"^^<http://www.w3.org/2001/XMLSchema#dateTime>
http://example.org/stkg/id/obs_rel_K2BlackPanther_T90_20260205T224424Z_473_d_e	http://www.w3.org/1999/02/22-rdf-syntax-ns#type	http://example.org/stkg/id/SpatialRelationObservation
http://example.org/stkg/id/obs_rel_K2BlackPanther_T90_20260205T224424Z_473_d_e	http://example.org/stkg/subjectEntity	http://example.org/stkg/id/platform_K2BlackPanther
http://example.org/stkg/id/obs_rel_K2BlackPanther_T90_20260205T224424Z_473_d_e	http://example.org/stkg/objectEntity	http://example.org/stkg/id/platform_T90
http://example.org/stkg/id/obs_rel_K2BlackPanther_T90_20260205T224424Z_473_d_e	http://example.org/stkg/relationType	http://example.org/stkg/id/relation_ahead_of
http://example.org/stkg/id/obs_rel_K2BlackPanther_T90_20260205T224424Z_473_d_e	http://example.org/stkg/time	"2026-02-05T22:44:24Z"^^<http://www.w3.org/2001/XMLSchema#dateTime>
http://example.org/stkg/id/obs_rel_T90_K2BlackPanther_20260205T224424Z_473_e_d	http://www.w3.org/1999/02/22-rdf-syntax-ns#type	http://example.org/stkg/id/SpatialRelationObservation
http://example.org/stkg/id/obs_rel_T90_K2BlackPanther_20260205T224424Z_473_e_d	http://example.org/stkg/subjectEntity	http://example.org/stkg/id/platform_T90
http://example.org/stkg/id/obs_rel_T90_K2BlackPanther_20260205T224424Z_473_e_d	http://example.org/stkg/objectEntity	http://example.org/stkg/id/platform_K2BlackPanther
http://example.org/stkg/id/obs_rel_T90_K2BlackPanther_20260205T224424Z_473_e_d	http://example.org/stkg/relationType	http://example.org/stkg/id/relation_behind_of
http://example.org/stkg/id/obs_rel_T90_K2BlackPanther_20260205T224424Z_473_e_d	http://example.org/stkg/time	"2026-02-05T22:44:24Z"^^<http://www.w3.org/2001/XMLSchema#dateTime>
http://example.org/stkg/id/obs_rel_BTR80_T90_20260205T224424Z_473_c_e	http://www.w3.org/1999/02/22-rdf-syntax-ns#type	http://example.org/stkg/id/SpatialRelationObservation
http://example.org/stkg/id/obs_rel_BTR80_T90_20260205T224424Z_473_c_e	http://example.org/stkg/subjectEntity	http://example.org/stkg/id/platform_BTR80
http://example.org/stkg/id/obs_rel_BTR80_T90_20260205T224424Z_473_c_e	http://example.org/stkg/objectEntity	http://example.org/stkg/id/platform_T90
http://example.org/stkg/id/obs_rel_BTR80_T90_20260205T224424Z_473_c_e	http://example.org/stkg/relationType	http://example.org/stkg/id/relation_ahead_of
http://example.org/stkg/id/obs_rel_BTR80_T90_20260205T224424Z_473_c_e	http://example.org/stkg/time	"2026-02-05T22:44:24Z"^^<http://www.w3.org/2001/XMLSchema#dateTime>
http://example.org/stkg/id/obs_rel_T90_BTR80_20260205T224424Z_473_e_c	http://www.w3.org/1999/02/22-rdf-syntax-ns#type	http://example.org/stkg/id/SpatialRelationObservation
http://example.org/stkg/id/obs_rel_T90_BTR80_20260205T224424Z_473_e_c	http://example.org/stkg/subjectEntity	http://example.org/stkg/id/platform_T90
http://example.org/stkg/id/obs_rel_T90_BTR80_20260205T224424Z_473_e_c	http://example.org/stkg/objectEntity	http://example.org/stkg/id/platform_BTR80
http://example.org/stkg/id/obs_rel_T90_BTR80_20260205T224424Z_473_e_c	http://example.org/stkg/relationType	http://example.org/stkg/id/relation_behind_of
http://example.org/stkg/id/obs_rel_T90_BTR80_20260205T224424Z_473_e_c	http://example.org/stkg/time	"2026-02-05T22:44:24Z"^^<http://www.w3.org/2001/XMLSchema#dateTime>
http://example.org/stkg/id/obs_rel_BTR80_K2BlackPanther_20260205T224425Z_474_c_d	http://www.w3.org/1999/02/22-rdf-syntax-ns#type	http://example.org/stkg/id/SpatialRelationObservation
http://example.org/stkg/id/obs_rel_BTR80_K2BlackPanther_20260205T224425Z_474_c_d	http://example.org/stkg/subjectEntity	http://example.org/stkg/id/platform_BTR80
http://example.org/stkg/id/obs_rel_BTR80_K2BlackPanther_20260205T224425Z_474_c_d	http://example.org/stkg/objectEntity	http://example.org/stkg/id/platform_K2BlackPanther
http://example.org/stkg/id/obs_rel_BTR80_K2BlackPanther_20260205T224425Z_474_c_d	http://example.org/stkg/relationType	http://example.org/stkg/id/relation_ahead_of
http://example.org/stkg/id/obs_rel_BTR80_K2BlackPanther_20260205T224425Z_474_c_d	http://example.org/stkg/time	"2026-02-05T22:44:25Z"^^<http://www.w3.org/2001/XMLSchema#dateTime>
http://example.org/stkg/id/obs_rel_K2BlackPanther_BTR80_20260205T224425Z_474_d_c	http://www.w3.org/1999/02/22-rdf-syntax-ns#type	http://example.org/stkg/id/SpatialRelationObservation
http://example.org/stkg/id/obs_rel_K2BlackPanther_BTR80_20260205T224425Z_474_d_c	http://example.org/stkg/subjectEntity	http://example.org/stkg/id/platform_K2BlackPanther
http://example.org/stkg/id/obs_rel_K2BlackPanther_BTR80_20260205T224425Z_474_d_c	http://example.org/stkg/objectEntity	http://example.org/stkg/id/platform_BTR80
http://example.org/stkg/id/obs_rel_K2BlackPanther_BTR80_20260205T224425Z_474_d_c	http://example.org/stkg/relationType	http://example.org/stkg/id/relation_behind_of
http://example.org/stkg/id/obs_rel_K2BlackPanther_BTR80_20260205T224425Z_474_d_c	http://example.org/stkg/time	"2026-02-05T22:44:25Z"^^<http://www.w3.org/2001/XMLSchema#dateTime>
http://example.org/stkg/id/obs_rel_K2BlackPanther_T90_20260205T224425Z_474_d_e	http://www.w3.org/1999/02/22-rdf-syntax-ns#type	http://example.org/stkg/id/SpatialRelationObservation
http://example.org/stkg/id/obs_rel_K2BlackPanther_T90_20260205T224425Z_474_d_e	http://example.org/stkg/subjectEntity	http://example.org/stkg/id/platform_K2BlackPanther
http://example.org/stkg/id/obs_rel_K2BlackPanther_T90_20260205T224425Z_474_d_e	http://example.org/stkg/objectEntity	http://example.org/stkg/id/platform_T90
http://example.org/stkg/id/obs_rel_K2BlackPanther_T90_20260205T224425Z_474_d_e	http://example.org/stkg/relationType	http://example.org/stkg/id/relation_ahead_of
http://example.org/stkg/id/obs_rel_K2BlackPanther_T90_20260205T224425Z_474_d_e	http://example.org/stkg/time	"2026-02-05T22:44:25Z"^^<http://www.w3.org/2001/XMLSchema#dateTime>
http://example.org/stkg/id/obs_rel_T90_K2BlackPanther_20260205T224425Z_474_e_d	http://www.w3.org/1999/02/22-rdf-syntax-ns#type	http://example.org/stkg/id/SpatialRelationObservation
http://example.org/stkg/id/obs_rel_T90_K2BlackPanther_20260205T224425Z_474_e_d	http://example.org/stkg/subjectEntity	http://example.org/stkg/id/platform_T90
http://example.org/stkg/id/obs_rel_T90_K2BlackPanther_20260205T224425Z_474_e_d	http://example.org/stkg/objectEntity	http://example.org/stkg/id/platform_K2BlackPanther
http://example.org/stkg/id/obs_rel_T90_K2BlackPanther_20260205T224425Z_474_e_d	http://example.org/stkg/relationType	http://example.org/stkg/id/relation_behind_of
http://example.org/stkg/id/obs_rel_T90_K2BlackPanther_20260205T224425Z_474_e_d	http://example.org/stkg/time	"2026-02-05T22:44:25Z"^^<http://www.w3.org/2001/XMLSchema#dateTime>
http://example.org/stkg/id/obs_rel_BTR80_T90_20260205T224425Z_474_c_e	http://www.w3.org/1999/02/22-rdf-syntax-ns#type	http://example.org/stkg/id/SpatialRelationObservation
http://example.org/stkg/id/obs_rel_BTR80_T90_20260205T224425Z_474_c_e	http://example.org/stkg/subjectEntity	http://example.org/stkg/id/platform_BTR80
http://example.org/stkg/id/obs_rel_BTR80_T90_20260205T224425Z_474_c_e	http://example.org/stkg/objectEntity	http://example.org/stkg/id/platform_T90
http://example.org/stkg/id/obs_rel_BTR80_T90_20260205T224425Z_474_c_e	http://example.org/stkg/relationType	http://example.org/stkg/id/relation_ahead_of
http://example.org/stkg/id/obs_rel_BTR80_T90_20260205T224425Z_474_c_e	http://example.org/stkg/time	"2026-02-05T22:44:25Z"^^<http://www.w3.org/2001/XMLSchema#dateTime>
http://example.org/stkg/id/obs_rel_T90_BTR80_20260205T224425Z_474_e_c	http://www.w3.org/1999/02/22-rdf-syntax-ns#type	http://example.org/stkg/id/SpatialRelationObservation
http://example.org/stkg/id/obs_rel_T90_BTR80_20260205T224425Z_474_e_c	http://example.org/stkg/subjectEntity	http://example.org/stkg/id/platform_T90
http://example.org/stkg/id/obs_rel_T90_BTR80_20260205T224425Z_474_e_c	http://example.org/stkg/objectEntity	http://example.org/stkg/id/platform_BTR80
http://example.org/stkg/id/obs_rel_T90_BTR80_20260205T224425Z_474_e_c	http://example.org/stkg/relationType	http://example.org/stkg/id/relation_behind_of
http://example.org/stkg/id/obs_rel_T90_BTR80_20260205T224425Z_474_e_c	http://example.org/stkg/time	"2026-02-05T22:44:25Z"^^<http://www.w3.org/2001/XMLSchema#dateTime>
http://example.org/stkg/id/obs_rel_BTR80_K2BlackPanther_20260205T224426Z_475_c_d	http://www.w3.org/1999/02/22-rdf-syntax-ns#type	http://example.org/stkg/id/SpatialRelationObservation
http://example.org/stkg/id/obs_rel_BTR80_K2BlackPanther_20260205T224426Z_475_c_d	http://example.org/stkg/subjectEntity	http://example.org/stkg/id/platform_BTR80
http://example.org/stkg/id/obs_rel_BTR80_K2BlackPanther_20260205T224426Z_475_c_d	http://example.org/stkg/objectEntity	http://example.org/stkg/id/platform_K2BlackPanther
http://example.org/stkg/id/obs_rel_BTR80_K2BlackPanther_20260205T224426Z_475_c_d	http://example.org/stkg/relationType	http://example.org/stkg/id/relation_ahead_of
http://example.org/stkg/id/obs_rel_BTR80_K2BlackPanther_20260205T224426Z_475_c_d	http://example.org/stkg/time	"2026-02-05T22:44:26Z"^^<http://www.w3.org/2001/XMLSchema#dateTime>
http://example.org/stkg/id/obs_rel_K2BlackPanther_BTR80_20260205T224426Z_475_d_c	http://www.w3.org/1999/02/22-rdf-syntax-ns#type	http://example.org/stkg/id/SpatialRelationObservation
http://example.org/stkg/id/obs_rel_K2BlackPanther_BTR80_20260205T224426Z_475_d_c	http://example.org/stkg/subjectEntity	http://example.org/stkg/id/platform_K2BlackPanther
http://example.org/stkg/id/obs_rel_K2BlackPanther_BTR80_20260205T224426Z_475_d_c	http://example.org/stkg/objectEntity	http://example.org/stkg/id/platform_BTR80
http://example.org/stkg/id/obs_rel_K2BlackPanther_BTR80_20260205T224426Z_475_d_c	http://example.org/stkg/relationType	http://example.org/stkg/id/relation_behind_of
http://example.org/stkg/id/obs_rel_K2BlackPanther_BTR80_20260205T224426Z_475_d_c	http://example.org/stkg/time	"2026-02-05T22:44:26Z"^^<http://www.w3.org/2001/XMLSchema#dateTime>
http://example.org/stkg/id/obs_rel_K2BlackPanther_T90_20260205T224426Z_475_d_e	http://www.w3.org/1999/02/22-rdf-syntax-ns#type	http://example.org/stkg/id/SpatialRelationObservation
http://example.org/stkg/id/obs_rel_K2BlackPanther_T90_20260205T224426Z_475_d_e	http://example.org/stkg/subjectEntity	http://example.org/stkg/id/platform_K2BlackPanther
http://example.org/stkg/id/obs_rel_K2BlackPanther_T90_20260205T224426Z_475_d_e	http://example.org/stkg/objectEntity	http://example.org/stkg/id/platform_T90
http://example.org/stkg/id/obs_rel_K2BlackPanther_T90_20260205T224426Z_475_d_e	http://example.org/stkg/relationType	http://example.org/stkg/id/relation_ahead_of
http://example.org/stkg/id/obs_rel_K2BlackPanther_T90_20260205T224426Z_475_d_e	http://example.org/stkg/time	"2026-02-05T22:44:26Z"^^<http://www.w3.org/2001/XMLSchema#dateTime>
http://example.org/stkg/id/obs_rel_T90_K2BlackPanther_20260205T224426Z_475_e_d	http://www.w3.org/1999/02/22-rdf-syntax-ns#type	http://example.org/stkg/id/SpatialRelationObservation
http://example.org/stkg/id/obs_rel_T90_K2BlackPanther_20260205T224426Z_475_e_d	http://example.org/stkg/subjectEntity	http://example.org/stkg/id/platform_T90
http://example.org/stkg/id/obs_rel_T90_K2BlackPanther_20260205T224426Z_475_e_d	http://example.org/stkg/objectEntity	http://example.org/stkg/id/platform_K2BlackPanther
http://example.org/stkg/id/obs_rel_T90_K2BlackPanther_20260205T224426Z_475_e_d	http://example.org/stkg/relationType	http://example.org/stkg/id/relation_behind_of
http://example.org/stkg/id/obs_rel_T90_K2BlackPanther_20260205T224426Z_475_e_d	http://example.org/stkg/time	"2026-02-05T22:44:26Z"^^<http://www.w3.org/2001/XMLSchema#dateTime>
http://example.org/stkg/id/obs_rel_BTR80_T90_20260205T224426Z_475_c_e	http://www.w3.org/1999/02/22-rdf-syntax-ns#type	http://example.org/stkg/id/SpatialRelationObservation
http://example.org/stkg/id/obs_rel_BTR80_T90_20260205T224426Z_475_c_e	http://example.org/stkg/subjectEntity	http://example.org/stkg/id/platform_BTR80
http://example.org/stkg/id/obs_rel_BTR80_T90_20260205T224426Z_475_c_e	http://example.org/stkg/objectEntity	http://example.org/stkg/id/platform_T90
http://example.org/stkg/id/obs_rel_BTR80_T90_20260205T224426Z_475_c_e	http://example.org/stkg/relationType	http://example.org/stkg/id/relation_ahead_of
http://example.org/stkg/id/obs_rel_BTR80_T90_20260205T224426Z_475_c_e	http://example.org/stkg/time	"2026-02-05T22:44:26Z"^^<http://www.w3.org/2001/XMLSchema#dateTime>
http://example.org/stkg/id/obs_rel_T90_BTR80_20260205T224426Z_475_e_c	http://www.w3.org/1999/02/22-rdf-syntax-ns#type	http://example.org/stkg/id/SpatialRelationObservation
http://example.org/stkg/id/obs_rel_T90_BTR80_20260205T224426Z_475_e_c	http://example.org/stkg/subjectEntity	http://example.org/stkg/id/platform_T90
http://example.org/stkg/id/obs_rel_T90_BTR80_20260205T224426Z_475_e_c	http://example.org/stkg/objectEntity	http://example.org/stkg/id/platform_BTR80
http://example.org/stkg/id/obs_rel_T90_BTR80_20260205T224426Z_475_e_c	http://example.org/stkg/relationType	http://example.org/stkg/id/relation_behind_of
http://example.org/stkg/id/obs_rel_T90_BTR80_20260205T224426Z_475_e_c	http://example.org/stkg/time	"2026-02-05T22:44:26Z"^^<http://www.w3.org/2001/XMLSchema#dateTime>
http://example.org/stkg/id/obs_rel_BTR80_K2BlackPanther_20260205T224427Z_476_c_d	http://www.w3.org/1999/02/22-rdf-syntax-ns#type	http://example.org/stkg/id/SpatialRelationObservation
http://example.org/stkg/id/obs_rel_BTR80_K2BlackPanther_20260205T224427Z_476_c_d	http://example.org/stkg/subjectEntity	http://example.org/stkg/id/platform_BTR80
http://example.org/stkg/id/obs_rel_BTR80_K2BlackPanther_20260205T224427Z_476_c_d	http://example.org/stkg/objectEntity	http://example.org/stkg/id/platform_K2BlackPanther
http://example.org/stkg/id/obs_rel_BTR80_K2BlackPanther_20260205T224427Z_476_c_d	http://example.org/stkg/relationType	http://example.org/stkg/id/relation_ahead_of
http://example.org/stkg/id/obs_rel_BTR80_K2BlackPanther_20260205T224427Z_476_c_d	http://example.org/stkg/time	"2026-02-05T22:44:27Z"^^<http://www.w3.org/2001/XMLSchema#dateTime>
http://example.org/stkg/id/obs_rel_K2BlackPanther_BTR80_20260205T224427Z_476_d_c	http://www.w3.org/1999/02/22-rdf-syntax-ns#type	http://example.org/stkg/id/SpatialRelationObservation
http://example.org/stkg/id/obs_rel_K2BlackPanther_BTR80_20260205T224427Z_476_d_c	http://example.org/stkg/subjectEntity	http://example.org/stkg/id/platform_K2BlackPanther
http://example.org/stkg/id/obs_rel_K2BlackPanther_BTR80_20260205T224427Z_476_d_c	http://example.org/stkg/objectEntity	http://example.org/stkg/id/platform_BTR80
http://example.org/stkg/id/obs_rel_K2BlackPanther_BTR80_20260205T224427Z_476_d_c	http://example.org/stkg/relationType	http://example.org/stkg/id/relation_behind_of
http://example.org/stkg/id/obs_rel_K2BlackPanther_BTR80_20260205T224427Z_476_d_c	http://example.org/stkg/time	"2026-02-05T22:44:27Z"^^<http://www.w3.org/2001/XMLSchema#dateTime>
http://example.org/stkg/id/obs_rel_K2BlackPanther_T90_20260205T224427Z_476_d_e	http://www.w3.org/1999/02/22-rdf-syntax-ns#type	http://example.org/stkg/id/SpatialRelationObservation
http://example.org/stkg/id/obs_rel_K2BlackPanther_T90_20260205T224427Z_476_d_e	http://example.org/stkg/subjectEntity	http://example.org/stkg/id/platform_K2BlackPanther
http://example.org/stkg/id/obs_rel_K2BlackPanther_T90_20260205T224427Z_476_d_e	http://example.org/stkg/objectEntity	http://example.org/stkg/id/platform_T90
http://example.org/stkg/id/obs_rel_K2BlackPanther_T90_20260205T224427Z_476_d_e	http://example.org/stkg/relationType	http://example.org/stkg/id/relation_ahead_of
http://example.org/stkg/id/obs_rel_K2BlackPanther_T90_20260205T224427Z_476_d_e	http://example.org/stkg/time	"2026-02-05T22:44:27Z"^^<http://www.w3.org/2001/XMLSchema#dateTime>
http://example.org/stkg/id/obs_rel_T90_K2BlackPanther_20260205T224427Z_476_e_d	http://www.w3.org/1999/02/22-rdf-syntax-ns#type	http://example.org/stkg/id/SpatialRelationObservation
http://example.org/stkg/id/obs_rel_T90_K2BlackPanther_20260205T224427Z_476_e_d	http://example.org/stkg/subjectEntity	http://example.org/stkg/id/platform_T90
http://example.org/stkg/id/obs_rel_T90_K2BlackPanther_20260205T224427Z_476_e_d	http://example.org/stkg/objectEntity	http://example.org/stkg/id/platform_K2BlackPanther
http://example.org/stkg/id/obs_rel_T90_K2BlackPanther_20260205T224427Z_476_e_d	http://example.org/stkg/relationType	http://example.org/stkg/id/relation_behind_of
http://example.org/stkg/id/obs_rel_T90_K2BlackPanther_20260205T224427Z_476_e_d	http://example.org/stkg/time	"2026-02-05T22:44:27Z"^^<http://www.w3.org/2001/XMLSchema#dateTime>
http://example.org/stkg/id/obs_rel_BTR80_T90_20260205T224427Z_476_c_e	http://www.w3.org/1999/02/22-rdf-syntax-ns#type	http://example.org/stkg/id/SpatialRelationObservation
http://example.org/stkg/id/obs_rel_BTR80_T90_20260205T224427Z_476_c_e	http://example.org/stkg/subjectEntity	http://example.org/stkg/id/platform_BTR80
http://example.org/stkg/id/obs_rel_BTR80_T90_20260205T224427Z_476_c_e	http://example.org/stkg/objectEntity	http://example.org/stkg/id/platform_T90
http://example.org/stkg/id/obs_rel_BTR80_T90_20260205T224427Z_476_c_e	http://example.org/stkg/relationType	http://example.org/stkg/id/relation_ahead_of
http://example.org/stkg/id/obs_rel_BTR80_T90_20260205T224427Z_476_c_e	http://example.org/stkg/time	"2026-02-05T22:44:27Z"^^<http://www.w3.org/2001/XMLSchema#dateTime>
http://example.org/stkg/id/obs_rel_T90_BTR80_20260205T224427Z_476_e_c	http://www.w3.org/1999/02/22-rdf-syntax-ns#type	http://example.org/stkg/id/SpatialRelationObservation
http://example.org/stkg/id/obs_rel_T90_BTR80_20260205T224427Z_476_e_c	http://example.org/stkg/subjectEntity	http://example.org/stkg/id/platform_T90
http://example.org/stkg/id/obs_rel_T90_BTR80_20260205T224427Z_476_e_c	http://example.org/stkg/objectEntity	http://example.org/stkg/id/platform_BTR80
http://example.org/stkg/id/obs_rel_T90_BTR80_20260205T224427Z_476_e_c	http://example.org/stkg/relationType	http://example.org/stkg/id/relation_behind_of
http://example.org/stkg/id/obs_rel_T90_BTR80_20260205T224427Z_476_e_c	http://example.org/stkg/time	"2026-02-05T22:44:27Z"^^<http://www.w3.org/2001/XMLSchema#dateTime>
http://example.org/stkg/id/obs_rel_BTR80_K2BlackPanther_20260205T224428Z_477_c_d	http://www.w3.org/1999/02/22-rdf-syntax-ns#type	http://example.org/stkg/id/SpatialRelationObservation
http://example.org/stkg/id/obs_rel_BTR80_K2BlackPanther_20260205T224428Z_477_c_d	http://example.org/stkg/subjectEntity	http://example.org/stkg/id/platform_BTR80
http://example.org/stkg/id/obs_rel_BTR80_K2BlackPanther_20260205T224428Z_477_c_d	http://example.org/stkg/objectEntity	http://example.org/stkg/id/platform_K2BlackPanther
http://example.org/stkg/id/obs_rel_BTR80_K2BlackPanther_20260205T224428Z_477_c_d	http://example.org/stkg/relationType	http://example.org/stkg/id/relation_ahead_of
http://example.org/stkg/id/obs_rel_BTR80_K2BlackPanther_20260205T224428Z_477_c_d	http://example.org/stkg/time	"2026-02-05T22:44:28Z"^^<http://www.w3.org/2001/XMLSchema#dateTime>
http://example.org/stkg/id/obs_rel_K2BlackPanther_BTR80_20260205T224428Z_477_d_c	http://www.w3.org/1999/02/22-rdf-syntax-ns#type	http://example.org/stkg/id/SpatialRelationObservation
http://example.org/stkg/id/obs_rel_K2BlackPanther_BTR80_20260205T224428Z_477_d_c	http://example.org/stkg/subjectEntity	http://example.org/stkg/id/platform_K2BlackPanther
http://example.org/stkg/id/obs_rel_K2BlackPanther_BTR80_20260205T224428Z_477_d_c	http://example.org/stkg/objectEntity	http://example.org/stkg/id/platform_BTR80
http://example.org/stkg/id/obs_rel_K2BlackPanther_BTR80_20260205T224428Z_477_d_c	http://example.org/stkg/relationType	http://example.org/stkg/id/relation_behind_of
http://example.org/stkg/id/obs_rel_K2BlackPanther_BTR80_20260205T224428Z_477_d_c	http://example.org/stkg/time	"2026-02-05T22:44:28Z"^^<http://www.w3.org/2001/XMLSchema#dateTime>
http://example.org/stkg/id/obs_rel_K2BlackPanther_T90_20260205T224428Z_477_d_e	http://www.w3.org/1999/02/22-rdf-syntax-ns#type	http://example.org/stkg/id/SpatialRelationObservation
http://example.org/stkg/id/obs_rel_K2BlackPanther_T90_20260205T224428Z_477_d_e	http://example.org/stkg/subjectEntity	http://example.org/stkg/id/platform_K2BlackPanther
http://example.org/stkg/id/obs_rel_K2BlackPanther_T90_20260205T224428Z_477_d_e	http://example.org/stkg/objectEntity	http://example.org/stkg/id/platform_T90
http://example.org/stkg/id/obs_rel_K2BlackPanther_T90_20260205T224428Z_477_d_e	http://example.org/stkg/relationType	http://example.org/stkg/id/relation_ahead_of
http://example.org/stkg/id/obs_rel_K2BlackPanther_T90_20260205T224428Z_477_d_e	http://example.org/stkg/time	"2026-02-05T22:44:28Z"^^<http://www.w3.org/2001/XMLSchema#dateTime>
http://example.org/stkg/id/obs_rel_T90_K2BlackPanther_20260205T224428Z_477_e_d	http://www.w3.org/1999/02/22-rdf-syntax-ns#type	http://example.org/stkg/id/SpatialRelationObservation
http://example.org/stkg/id/obs_rel_T90_K2BlackPanther_20260205T224428Z_477_e_d	http://example.org/stkg/subjectEntity	http://example.org/stkg/id/platform_T90
http://example.org/stkg/id/obs_rel_T90_K2BlackPanther_20260205T224428Z_477_e_d	http://example.org/stkg/objectEntity	http://example.org/stkg/id/platform_K2BlackPanther
http://example.org/stkg/id/obs_rel_T90_K2BlackPanther_20260205T224428Z_477_e_d	http://example.org/stkg/relationType	http://example.org/stkg/id/relation_behind_of
http://example.org/stkg/id/obs_rel_T90_K2BlackPanther_20260205T224428Z_477_e_d	http://example.org/stkg/time	"2026-02-05T22:44:28Z"^^<http://www.w3.org/2001/XMLSchema#dateTime>
http://example.org/stkg/id/obs_rel_BTR80_T90_20260205T224428Z_477_c_e	http://www.w3.org/1999/02/22-rdf-syntax-ns#type	http://example.org/stkg/id/SpatialRelationObservation
http://example.org/stkg/id/obs_rel_BTR80_T90_20260205T224428Z_477_c_e	http://example.org/stkg/subjectEntity	http://example.org/stkg/id/platform_BTR80
http://example.org/stkg/id/obs_rel_BTR80_T90_20260205T224428Z_477_c_e	http://example.org/stkg/objectEntity	http://example.org/stkg/id/platform_T90
http://example.org/stkg/id/obs_rel_BTR80_T90_20260205T224428Z_477_c_e	http://example.org/stkg/relationType	http://example.org/stkg/id/relation_ahead_of
http://example.org/stkg/id/obs_rel_BTR80_T90_20260205T224428Z_477_c_e	http://example.org/stkg/time	"2026-02-05T22:44:28Z"^^<http://www.w3.org/2001/XMLSchema#dateTime>
http://example.org/stkg/id/obs_rel_T90_BTR80_20260205T224428Z_477_e_c	http://www.w3.org/1999/02/22-rdf-syntax-ns#type	http://example.org/stkg/id/SpatialRelationObservation
http://example.org/stkg/id/obs_rel_T90_BTR80_20260205T224428Z_477_e_c	http://example.org/stkg/subjectEntity	http://example.org/stkg/id/platform_T90
http://example.org/stkg/id/obs_rel_T90_BTR80_20260205T224428Z_477_e_c	http://example.org/stkg/objectEntity	http://example.org/stkg/id/platform_BTR80
http://example.org/stkg/id/obs_rel_T90_BTR80_20260205T224428Z_477_e_c	http://example.org/stkg/relationType	http://example.org/stkg/id/relation_behind_of
http://example.org/stkg/id/obs_rel_T90_BTR80_20260205T224428Z_477_e_c	http://example.org/stkg/time	"2026-02-05T22:44:28Z"^^<http://www.w3.org/2001/XMLSchema#dateTime>
http://example.org/stkg/id/obs_rel_BTR80_K2BlackPanther_20260205T224429Z_478_c_d	http://www.w3.org/1999/02/22-rdf-syntax-ns#type	http://example.org/stkg/id/SpatialRelationObservation
http://example.org/stkg/id/obs_rel_BTR80_K2BlackPanther_20260205T224429Z_478_c_d	http://example.org/stkg/subjectEntity	http://example.org/stkg/id/platform_BTR80
http://example.org/stkg/id/obs_rel_BTR80_K2BlackPanther_20260205T224429Z_478_c_d	http://example.org/stkg/objectEntity	http://example.org/stkg/id/platform_K2BlackPanther
http://example.org/stkg/id/obs_rel_BTR80_K2BlackPanther_20260205T224429Z_478_c_d	http://example.org/stkg/relationType	http://example.org/stkg/id/relation_ahead_of
http://example.org/stkg/id/obs_rel_BTR80_K2BlackPanther_20260205T224429Z_478_c_d	http://example.org/stkg/time	"2026-02-05T22:44:29Z"^^<http://www.w3.org/2001/XMLSchema#dateTime>
http://example.org/stkg/id/obs_rel_K2BlackPanther_BTR80_20260205T224429Z_478_d_c	http://www.w3.org/1999/02/22-rdf-syntax-ns#type	http://example.org/stkg/id/SpatialRelationObservation
http://example.org/stkg/id/obs_rel_K2BlackPanther_BTR80_20260205T224429Z_478_d_c	http://example.org/stkg/subjectEntity	http://example.org/stkg/id/platform_K2BlackPanther
http://example.org/stkg/id/obs_rel_K2BlackPanther_BTR80_20260205T224429Z_478_d_c	http://example.org/stkg/objectEntity	http://example.org/stkg/id/platform_BTR80
http://example.org/stkg/id/obs_rel_K2BlackPanther_BTR80_20260205T224429Z_478_d_c	http://example.org/stkg/relationType	http://example.org/stkg/id/relation_behind_of
http://example.org/stkg/id/obs_rel_K2BlackPanther_BTR80_20260205T224429Z_478_d_c	http://example.org/stkg/time	"2026-02-05T22:44:29Z"^^<http://www.w3.org/2001/XMLSchema#dateTime>
http://example.org/stkg/id/obs_rel_K2BlackPanther_T90_20260205T224429Z_478_d_e	http://www.w3.org/1999/02/22-rdf-syntax-ns#type	http://example.org/stkg/id/SpatialRelationObservation
http://example.org/stkg/id/obs_rel_K2BlackPanther_T90_20260205T224429Z_478_d_e	http://example.org/stkg/subjectEntity	http://example.org/stkg/id/platform_K2BlackPanther
http://example.org/stkg/id/obs_rel_K2BlackPanther_T90_20260205T224429Z_478_d_e	http://example.org/stkg/objectEntity	http://example.org/stkg/id/platform_T90
http://example.org/stkg/id/obs_rel_K2BlackPanther_T90_20260205T224429Z_478_d_e	http://example.org/stkg/relationType	http://example.org/stkg/id/relation_ahead_of
http://example.org/stkg/id/obs_rel_K2BlackPanther_T90_20260205T224429Z_478_d_e	http://example.org/stkg/time	"2026-02-05T22:44:29Z"^^<http://www.w3.org/2001/XMLSchema#dateTime>
http://example.org/stkg/id/obs_rel_T90_K2BlackPanther_20260205T224429Z_478_e_d	http://www.w3.org/1999/02/22-rdf-syntax-ns#type	http://example.org/stkg/id/SpatialRelationObservation
http://example.org/stkg/id/obs_rel_T90_K2BlackPanther_20260205T224429Z_478_e_d	http://example.org/stkg/subjectEntity	http://example.org/stkg/id/platform_T90
http://example.org/stkg/id/obs_rel_T90_K2BlackPanther_20260205T224429Z_478_e_d	http://example.org/stkg/objectEntity	http://example.org/stkg/id/platform_K2BlackPanther
http://example.org/stkg/id/obs_rel_T90_K2BlackPanther_20260205T224429Z_478_e_d	http://example.org/stkg/relationType	http://example.org/stkg/id/relation_behind_of
http://example.org/stkg/id/obs_rel_T90_K2BlackPanther_20260205T224429Z_478_e_d	http://example.org/stkg/time	"2026-02-05T22:44:29Z"^^<http://www.w3.org/2001/XMLSchema#dateTime>
http://example.org/stkg/id/obs_rel_BTR80_T90_20260205T224429Z_478_c_e	http://www.w3.org/1999/02/22-rdf-syntax-ns#type	http://example.org/stkg/id/SpatialRelationObservation
http://example.org/stkg/id/obs_rel_BTR80_T90_20260205T224429Z_478_c_e	http://example.org/stkg/subjectEntity	http://example.org/stkg/id/platform_BTR80
http://example.org/stkg/id/obs_rel_BTR80_T90_20260205T224429Z_478_c_e	http://example.org/stkg/objectEntity	http://example.org/stkg/id/platform_T90
http://example.org/stkg/id/obs_rel_BTR80_T90_20260205T224429Z_478_c_e	http://example.org/stkg/relationType	http://example.org/stkg/id/relation_ahead_of
http://example.org/stkg/id/obs_rel_BTR80_T90_20260205T224429Z_478_c_e	http://example.org/stkg/time	"2026-02-05T22:44:29Z"^^<http://www.w3.org/2001/XMLSchema#dateTime>
http://example.org/stkg/id/obs_rel_T90_BTR80_20260205T224429Z_478_e_c	http://www.w3.org/1999/02/22-rdf-syntax-ns#type	http://example.org/stkg/id/SpatialRelationObservation
http://example.org/stkg/id/obs_rel_T90_BTR80_20260205T224429Z_478_e_c	http://example.org/stkg/subjectEntity	http://example.org/stkg/id/platform_T90
http://example.org/stkg/id/obs_rel_T90_BTR80_20260205T224429Z_478_e_c	http://example.org/stkg/objectEntity	http://example.org/stkg/id/platform_BTR80
http://example.org/stkg/id/obs_rel_T90_BTR80_20260205T224429Z_478_e_c	http://example.org/stkg/relationType	http://example.org/stkg/id/relation_behind_of
http://example.org/stkg/id/obs_rel_T90_BTR80_20260205T224429Z_478_e_c	http://example.org/stkg/time	"2026-02-05T22:44:29Z"^^<http://www.w3.org/2001/XMLSchema#dateTime>
http://example.org/stkg/id/obs_rel_BTR80_K2BlackPanther_20260205T224430Z_479_c_d	http://www.w3.org/1999/02/22-rdf-syntax-ns#type	http://example.org/stkg/id/SpatialRelationObservation
http://example.org/stkg/id/obs_rel_BTR80_K2BlackPanther_20260205T224430Z_479_c_d	http://example.org/stkg/subjectEntity	http://example.org/stkg/id/platform_BTR80
http://example.org/stkg/id/obs_rel_BTR80_K2BlackPanther_20260205T224430Z_479_c_d	http://example.org/stkg/objectEntity	http://example.org/stkg/id/platform_K2BlackPanther
http://example.org/stkg/id/obs_rel_BTR80_K2BlackPanther_20260205T224430Z_479_c_d	http://example.org/stkg/relationType	http://example.org/stkg/id/relation_ahead_of
http://example.org/stkg/id/obs_rel_BTR80_K2BlackPanther_20260205T224430Z_479_c_d	http://example.org/stkg/time	"2026-02-05T22:44:30Z"^^<http://www.w3.org/2001/XMLSchema#dateTime>
http://example.org/stkg/id/obs_rel_K2BlackPanther_BTR80_20260205T224430Z_479_d_c	http://www.w3.org/1999/02/22-rdf-syntax-ns#type	http://example.org/stkg/id/SpatialRelationObservation
http://example.org/stkg/id/obs_rel_K2BlackPanther_BTR80_20260205T224430Z_479_d_c	http://example.org/stkg/subjectEntity	http://example.org/stkg/id/platform_K2BlackPanther
http://example.org/stkg/id/obs_rel_K2BlackPanther_BTR80_20260205T224430Z_479_d_c	http://example.org/stkg/objectEntity	http://example.org/stkg/id/platform_BTR80
http://example.org/stkg/id/obs_rel_K2BlackPanther_BTR80_20260205T224430Z_479_d_c	http://example.org/stkg/relationType	http://example.org/stkg/id/relation_behind_of
http://example.org/stkg/id/obs_rel_K2BlackPanther_BTR80_20260205T224430Z_479_d_c	http://example.org/stkg/time	"2026-02-05T22:44:30Z"^^<http://www.w3.org/2001/XMLSchema#dateTime>
http://example.org/stkg/id/obs_rel_K2BlackPanther_T90_20260205T224430Z_479_d_e	http://www.w3.org/1999/02/22-rdf-syntax-ns#type	http://example.org/stkg/id/SpatialRelationObservation
http://example.org/stkg/id/obs_rel_K2BlackPanther_T90_20260205T224430Z_479_d_e	http://example.org/stkg/subjectEntity	http://example.org/stkg/id/platform_K2BlackPanther
http://example.org/stkg/id/obs_rel_K2BlackPanther_T90_20260205T224430Z_479_d_e	http://example.org/stkg/objectEntity	http://example.org/stkg/id/platform_T90
http://example.org/stkg/id/obs_rel_K2BlackPanther_T90_20260205T224430Z_479_d_e	http://example.org/stkg/relationType	http://example.org/stkg/id/relation_ahead_of
http://example.org/stkg/id/obs_rel_K2BlackPanther_T90_20260205T224430Z_479_d_e	http://example.org/stkg/time	"2026-02-05T22:44:30Z"^^<http://www.w3.org/2001/XMLSchema#dateTime>
http://example.org/stkg/id/obs_rel_T90_K2BlackPanther_20260205T224430Z_479_e_d	http://www.w3.org/1999/02/22-rdf-syntax-ns#type	http://example.org/stkg/id/SpatialRelationObservation
http://example.org/stkg/id/obs_rel_T90_K2BlackPanther_20260205T224430Z_479_e_d	http://example.org/stkg/subjectEntity	http://example.org/stkg/id/platform_T90
http://example.org/stkg/id/obs_rel_T90_K2BlackPanther_20260205T224430Z_479_e_d	http://example.org/stkg/objectEntity	http://example.org/stkg/id/platform_K2BlackPanther
http://example.org/stkg/id/obs_rel_T90_K2BlackPanther_20260205T224430Z_479_e_d	http://example.org/stkg/relationType	http://example.org/stkg/id/relation_behind_of
http://example.org/stkg/id/obs_rel_T90_K2BlackPanther_20260205T224430Z_479_e_d	http://example.org/stkg/time	"2026-02-05T22:44:30Z"^^<http://www.w3.org/2001/XMLSchema#dateTime>
http://example.org/stkg/id/obs_rel_BTR80_T90_20260205T224430Z_479_c_e	http://www.w3.org/1999/02/22-rdf-syntax-ns#type	http://example.org/stkg/id/SpatialRelationObservation
http://example.org/stkg/id/obs_rel_BTR80_T90_20260205T224430Z_479_c_e	http://example.org/stkg/subjectEntity	http://example.org/stkg/id/platform_BTR80
http://example.org/stkg/id/obs_rel_BTR80_T90_20260205T224430Z_479_c_e	http://example.org/stkg/objectEntity	http://example.org/stkg/id/platform_T90
http://example.org/stkg/id/obs_rel_BTR80_T90_20260205T224430Z_479_c_e	http://example.org/stkg/relationType	http://example.org/stkg/id/relation_ahead_of
http://example.org/stkg/id/obs_rel_BTR80_T90_20260205T224430Z_479_c_e	http://example.org/stkg/time	"2026-02-05T22:44:30Z"^^<http://www.w3.org/2001/XMLSchema#dateTime>
http://example.org/stkg/id/obs_rel_T90_BTR80_20260205T224430Z_479_e_c	http://www.w3.org/1999/02/22-rdf-syntax-ns#type	http://example.org/stkg/id/SpatialRelationObservation
http://example.org/stkg/id/obs_rel_T90_BTR80_20260205T224430Z_479_e_c	http://example.org/stkg/subjectEntity	http://example.org/stkg/id/platform_T90
http://example.org/stkg/id/obs_rel_T90_BTR80_20260205T224430Z_479_e_c	http://example.org/stkg/objectEntity	http://example.org/stkg/id/platform_BTR80
http://example.org/stkg/id/obs_rel_T90_BTR80_20260205T224430Z_479_e_c	http://example.org/stkg/relationType	http://example.org/stkg/id/relation_behind_of
http://example.org/stkg/id/obs_rel_T90_BTR80_20260205T224430Z_479_e_c	http://example.org/stkg/time	"2026-02-05T22:44:30Z"^^<http://www.w3.org/2001/XMLSchema#dateTime>
http://example.org/stkg/id/obs_rel_BTR80_K2BlackPanther_20260205T224431Z_480_c_d	http://www.w3.org/1999/02/22-rdf-syntax-ns#type	http://example.org/stkg/id/SpatialRelationObservation
http://example.org/stkg/id/obs_rel_BTR80_K2BlackPanther_20260205T224431Z_480_c_d	http://example.org/stkg/subjectEntity	http://example.org/stkg/id/platform_BTR80
http://example.org/stkg/id/obs_rel_BTR80_K2BlackPanther_20260205T224431Z_480_c_d	http://example.org/stkg/objectEntity	http://example.org/stkg/id/platform_K2BlackPanther
http://example.org/stkg/id/obs_rel_BTR80_K2BlackPanther_20260205T224431Z_480_c_d	http://example.org/stkg/relationType	http://example.org/stkg/id/relation_ahead_of
http://example.org/stkg/id/obs_rel_BTR80_K2BlackPanther_20260205T224431Z_480_c_d	http://example.org/stkg/time	"2026-02-05T22:44:31Z"^^<http://www.w3.org/2001/XMLSchema#dateTime>
http://example.org/stkg/id/obs_rel_K2BlackPanther_BTR80_20260205T224431Z_480_d_c	http://www.w3.org/1999/02/22-rdf-syntax-ns#type	http://example.org/stkg/id/SpatialRelationObservation
http://example.org/stkg/id/obs_rel_K2BlackPanther_BTR80_20260205T224431Z_480_d_c	http://example.org/stkg/subjectEntity	http://example.org/stkg/id/platform_K2BlackPanther
http://example.org/stkg/id/obs_rel_K2BlackPanther_BTR80_20260205T224431Z_480_d_c	http://example.org/stkg/objectEntity	http://example.org/stkg/id/platform_BTR80
http://example.org/stkg/id/obs_rel_K2BlackPanther_BTR80_20260205T224431Z_480_d_c	http://example.org/stkg/relationType	http://example.org/stkg/id/relation_behind_of
http://example.org/stkg/id/obs_rel_K2BlackPanther_BTR80_20260205T224431Z_480_d_c	http://example.org/stkg/time	"2026-02-05T22:44:31Z"^^<http://www.w3.org/2001/XMLSchema#dateTime>
http://example.org/stkg/id/obs_rel_K2BlackPanther_T90_20260205T224431Z_480_d_e	http://www.w3.org/1999/02/22-rdf-syntax-ns#type	http://example.org/stkg/id/SpatialRelationObservation
http://example.org/stkg/id/obs_rel_K2BlackPanther_T90_20260205T224431Z_480_d_e	http://example.org/stkg/subjectEntity	http://example.org/stkg/id/platform_K2BlackPanther
http://example.org/stkg/id/obs_rel_K2BlackPanther_T90_20260205T224431Z_480_d_e	http://example.org/stkg/objectEntity	http://example.org/stkg/id/platform_T90
http://example.org/stkg/id/obs_rel_K2BlackPanther_T90_20260205T224431Z_480_d_e	http://example.org/stkg/relationType	http://example.org/stkg/id/relation_ahead_of
http://example.org/stkg/id/obs_rel_K2BlackPanther_T90_20260205T224431Z_480_d_e	http://example.org/stkg/time	"2026-02-05T22:44:31Z"^^<http://www.w3.org/2001/XMLSchema#dateTime>
http://example.org/stkg/id/obs_rel_T90_K2BlackPanther_20260205T224431Z_480_e_d	http://www.w3.org/1999/02/22-rdf-syntax-ns#type	http://example.org/stkg/id/SpatialRelationObservation
http://example.org/stkg/id/obs_rel_T90_K2BlackPanther_20260205T224431Z_480_e_d	http://example.org/stkg/subjectEntity	http://example.org/stkg/id/platform_T90
http://example.org/stkg/id/obs_rel_T90_K2BlackPanther_20260205T224431Z_480_e_d	http://example.org/stkg/objectEntity	http://example.org/stkg/id/platform_K2BlackPanther
http://example.org/stkg/id/obs_rel_T90_K2BlackPanther_20260205T224431Z_480_e_d	http://example.org/stkg/relationType	http://example.org/stkg/id/relation_behind_of
http://example.org/stkg/id/obs_rel_T90_K2BlackPanther_20260205T224431Z_480_e_d	http://example.org/stkg/time	"2026-02-05T22:44:31Z"^^<http://www.w3.org/2001/XMLSchema#dateTime>
http://example.org/stkg/id/obs_rel_BTR80_T90_20260205T224431Z_480_c_e	http://www.w3.org/1999/02/22-rdf-syntax-ns#type	http://example.org/stkg/id/SpatialRelationObservation
http://example.org/stkg/id/obs_rel_BTR80_T90_20260205T224431Z_480_c_e	http://example.org/stkg/subjectEntity	http://example.org/stkg/id/platform_BTR80
http://example.org/stkg/id/obs_rel_BTR80_T90_20260205T224431Z_480_c_e	http://example.org/stkg/objectEntity	http://example.org/stkg/id/platform_T90
http://example.org/stkg/id/obs_rel_BTR80_T90_20260205T224431Z_480_c_e	http://example.org/stkg/relationType	http://example.org/stkg/id/relation_ahead_of
http://example.org/stkg/id/obs_rel_BTR80_T90_20260205T224431Z_480_c_e	http://example.org/stkg/time	"2026-02-05T22:44:31Z"^^<http://www.w3.org/2001/XMLSchema#dateTime>
http://example.org/stkg/id/obs_rel_T90_BTR80_20260205T224431Z_480_e_c	http://www.w3.org/1999/02/22-rdf-syntax-ns#type	http://example.org/stkg/id/SpatialRelationObservation
http://example.org/stkg/id/obs_rel_T90_BTR80_20260205T224431Z_480_e_c	http://example.org/stkg/subjectEntity	http://example.org/stkg/id/platform_T90
http://example.org/stkg/id/obs_rel_T90_BTR80_20260205T224431Z_480_e_c	http://example.org/stkg/objectEntity	http://example.org/stkg/id/platform_BTR80
http://example.org/stkg/id/obs_rel_T90_BTR80_20260205T224431Z_480_e_c	http://example.org/stkg/relationType	http://example.org/stkg/id/relation_behind_of
http://example.org/stkg/id/obs_rel_T90_BTR80_20260205T224431Z_480_e_c	http://example.org/stkg/time	"2026-02-05T22:44:31Z"^^<http://www.w3.org/2001/XMLSchema#dateTime>
http://example.org/stkg/id/obs_rel_BTR80_K2BlackPanther_20260205T224432Z_481_c_d	http://www.w3.org/1999/02/22-rdf-syntax-ns#type	http://example.org/stkg/id/SpatialRelationObservation
http://example.org/stkg/id/obs_rel_BTR80_K2BlackPanther_20260205T224432Z_481_c_d	http://example.org/stkg/subjectEntity	http://example.org/stkg/id/platform_BTR80
http://example.org/stkg/id/obs_rel_BTR80_K2BlackPanther_20260205T224432Z_481_c_d	http://example.org/stkg/objectEntity	http://example.org/stkg/id/platform_K2BlackPanther
http://example.org/stkg/id/obs_rel_BTR80_K2BlackPanther_20260205T224432Z_481_c_d	http://example.org/stkg/relationType	http://example.org/stkg/id/relation_ahead_of
http://example.org/stkg/id/obs_rel_BTR80_K2BlackPanther_20260205T224432Z_481_c_d	http://example.org/stkg/time	"2026-02-05T22:44:32Z"^^<http://www.w3.org/2001/XMLSchema#dateTime>
http://example.org/stkg/id/obs_rel_K2BlackPanther_BTR80_20260205T224432Z_481_d_c	http://www.w3.org/1999/02/22-rdf-syntax-ns#type	http://example.org/stkg/id/SpatialRelationObservation
http://example.org/stkg/id/obs_rel_K2BlackPanther_BTR80_20260205T224432Z_481_d_c	http://example.org/stkg/subjectEntity	http://example.org/stkg/id/platform_K2BlackPanther
http://example.org/stkg/id/obs_rel_K2BlackPanther_BTR80_20260205T224432Z_481_d_c	http://example.org/stkg/objectEntity	http://example.org/stkg/id/platform_BTR80
http://example.org/stkg/id/obs_rel_K2BlackPanther_BTR80_20260205T224432Z_481_d_c	http://example.org/stkg/relationType	http://example.org/stkg/id/relation_behind_of
http://example.org/stkg/id/obs_rel_K2BlackPanther_BTR80_20260205T224432Z_481_d_c	http://example.org/stkg/time	"2026-02-05T22:44:32Z"^^<http://www.w3.org/2001/XMLSchema#dateTime>
http://example.org/stkg/id/obs_rel_K2BlackPanther_T90_20260205T224432Z_481_d_e	http://www.w3.org/1999/02/22-rdf-syntax-ns#type	http://example.org/stkg/id/SpatialRelationObservation
http://example.org/stkg/id/obs_rel_K2BlackPanther_T90_20260205T224432Z_481_d_e	http://example.org/stkg/subjectEntity	http://example.org/stkg/id/platform_K2BlackPanther
http://example.org/stkg/id/obs_rel_K2BlackPanther_T90_20260205T224432Z_481_d_e	http://example.org/stkg/objectEntity	http://example.org/stkg/id/platform_T90
http://example.org/stkg/id/obs_rel_K2BlackPanther_T90_20260205T224432Z_481_d_e	http://example.org/stkg/relationType	http://example.org/stkg/id/relation_ahead_of
http://example.org/stkg/id/obs_rel_K2BlackPanther_T90_20260205T224432Z_481_d_e	http://example.org/stkg/time	"2026-02-05T22:44:32Z"^^<http://www.w3.org/2001/XMLSchema#dateTime>
http://example.org/stkg/id/obs_rel_T90_K2BlackPanther_20260205T224432Z_481_e_d	http://www.w3.org/1999/02/22-rdf-syntax-ns#type	http://example.org/stkg/id/SpatialRelationObservation
http://example.org/stkg/id/obs_rel_T90_K2BlackPanther_20260205T224432Z_481_e_d	http://example.org/stkg/subjectEntity	http://example.org/stkg/id/platform_T90
http://example.org/stkg/id/obs_rel_T90_K2BlackPanther_20260205T224432Z_481_e_d	http://example.org/stkg/objectEntity	http://example.org/stkg/id/platform_K2BlackPanther
http://example.org/stkg/id/obs_rel_T90_K2BlackPanther_20260205T224432Z_481_e_d	http://example.org/stkg/relationType	http://example.org/stkg/id/relation_behind_of
http://example.org/stkg/id/obs_rel_T90_K2BlackPanther_20260205T224432Z_481_e_d	http://example.org/stkg/time	"2026-02-05T22:44:32Z"^^<http://www.w3.org/2001/XMLSchema#dateTime>
http://example.org/stkg/id/obs_rel_BTR80_T90_20260205T224432Z_481_c_e	http://www.w3.org/1999/02/22-rdf-syntax-ns#type	http://example.org/stkg/id/SpatialRelationObservation
http://example.org/stkg/id/obs_rel_BTR80_T90_20260205T224432Z_481_c_e	http://example.org/stkg/subjectEntity	http://example.org/stkg/id/platform_BTR80
http://example.org/stkg/id/obs_rel_BTR80_T90_20260205T224432Z_481_c_e	http://example.org/stkg/objectEntity	http://example.org/stkg/id/platform_T90
http://example.org/stkg/id/obs_rel_BTR80_T90_20260205T224432Z_481_c_e	http://example.org/stkg/relationType	http://example.org/stkg/id/relation_ahead_of
http://example.org/stkg/id/obs_rel_BTR80_T90_20260205T224432Z_481_c_e	http://example.org/stkg/time	"2026-02-05T22:44:32Z"^^<http://www.w3.org/2001/XMLSchema#dateTime>
http://example.org/stkg/id/obs_rel_T90_BTR80_20260205T224432Z_481_e_c	http://www.w3.org/1999/02/22-rdf-syntax-ns#type	http://example.org/stkg/id/SpatialRelationObservation
http://example.org/stkg/id/obs_rel_T90_BTR80_20260205T224432Z_481_e_c	http://example.org/stkg/subjectEntity	http://example.org/stkg/id/platform_T90
http://example.org/stkg/id/obs_rel_T90_BTR80_20260205T224432Z_481_e_c	http://example.org/stkg/objectEntity	http://example.org/stkg/id/platform_BTR80
http://example.org/stkg/id/obs_rel_T90_BTR80_20260205T224432Z_481_e_c	http://example.org/stkg/relationType	http://example.org/stkg/id/relation_behind_of
http://example.org/stkg/id/obs_rel_T90_BTR80_20260205T224432Z_481_e_c	http://example.org/stkg/time	"2026-02-05T22:44:32Z"^^<http://www.w3.org/2001/XMLSchema#dateTime>
http://example.org/stkg/id/obs_rel_BTR80_K2BlackPanther_20260205T224433Z_482_c_d	http://www.w3.org/1999/02/22-rdf-syntax-ns#type	http://example.org/stkg/id/SpatialRelationObservation
http://example.org/stkg/id/obs_rel_BTR80_K2BlackPanther_20260205T224433Z_482_c_d	http://example.org/stkg/subjectEntity	http://example.org/stkg/id/platform_BTR80
http://example.org/stkg/id/obs_rel_BTR80_K2BlackPanther_20260205T224433Z_482_c_d	http://example.org/stkg/objectEntity	http://example.org/stkg/id/platform_K2BlackPanther
http://example.org/stkg/id/obs_rel_BTR80_K2BlackPanther_20260205T224433Z_482_c_d	http://example.org/stkg/relationType	http://example.org/stkg/id/relation_ahead_of
http://example.org/stkg/id/obs_rel_BTR80_K2BlackPanther_20260205T224433Z_482_c_d	http://example.org/stkg/time	"2026-02-05T22:44:33Z"^^<http://www.w3.org/2001/XMLSchema#dateTime>
http://example.org/stkg/id/obs_rel_K2BlackPanther_BTR80_20260205T224433Z_482_d_c	http://www.w3.org/1999/02/22-rdf-syntax-ns#type	http://example.org/stkg/id/SpatialRelationObservation
http://example.org/stkg/id/obs_rel_K2BlackPanther_BTR80_20260205T224433Z_482_d_c	http://example.org/stkg/subjectEntity	http://example.org/stkg/id/platform_K2BlackPanther
http://example.org/stkg/id/obs_rel_K2BlackPanther_BTR80_20260205T224433Z_482_d_c	http://example.org/stkg/objectEntity	http://example.org/stkg/id/platform_BTR80
http://example.org/stkg/id/obs_rel_K2BlackPanther_BTR80_20260205T224433Z_482_d_c	http://example.org/stkg/relationType	http://example.org/stkg/id/relation_behind_of
http://example.org/stkg/id/obs_rel_K2BlackPanther_BTR80_20260205T224433Z_482_d_c	http://example.org/stkg/time	"2026-02-05T22:44:33Z"^^<http://www.w3.org/2001/XMLSchema#dateTime>
http://example.org/stkg/id/obs_rel_K2BlackPanther_T90_20260205T224433Z_482_d_e	http://www.w3.org/1999/02/22-rdf-syntax-ns#type	http://example.org/stkg/id/SpatialRelationObservation
http://example.org/stkg/id/obs_rel_K2BlackPanther_T90_20260205T224433Z_482_d_e	http://example.org/stkg/subjectEntity	http://example.org/stkg/id/platform_K2BlackPanther
http://example.org/stkg/id/obs_rel_K2BlackPanther_T90_20260205T224433Z_482_d_e	http://example.org/stkg/objectEntity	http://example.org/stkg/id/platform_T90
http://example.org/stkg/id/obs_rel_K2BlackPanther_T90_20260205T224433Z_482_d_e	http://example.org/stkg/relationType	http://example.org/stkg/id/relation_ahead_of
http://example.org/stkg/id/obs_rel_K2BlackPanther_T90_20260205T224433Z_482_d_e	http://example.org/stkg/time	"2026-02-05T22:44:33Z"^^<http://www.w3.org/2001/XMLSchema#dateTime>
http://example.org/stkg/id/obs_rel_T90_K2BlackPanther_20260205T224433Z_482_e_d	http://www.w3.org/1999/02/22-rdf-syntax-ns#type	http://example.org/stkg/id/SpatialRelationObservation
http://example.org/stkg/id/obs_rel_T90_K2BlackPanther_20260205T224433Z_482_e_d	http://example.org/stkg/subjectEntity	http://example.org/stkg/id/platform_T90
http://example.org/stkg/id/obs_rel_T90_K2BlackPanther_20260205T224433Z_482_e_d	http://example.org/stkg/objectEntity	http://example.org/stkg/id/platform_K2BlackPanther
http://example.org/stkg/id/obs_rel_T90_K2BlackPanther_20260205T224433Z_482_e_d	http://example.org/stkg/relationType	http://example.org/stkg/id/relation_behind_of
http://example.org/stkg/id/obs_rel_T90_K2BlackPanther_20260205T224433Z_482_e_d	http://example.org/stkg/time	"2026-02-05T22:44:33Z"^^<http://www.w3.org/2001/XMLSchema#dateTime>
http://example.org/stkg/id/obs_rel_BTR80_T90_20260205T224433Z_482_c_e	http://www.w3.org/1999/02/22-rdf-syntax-ns#type	http://example.org/stkg/id/SpatialRelationObservation
http://example.org/stkg/id/obs_rel_BTR80_T90_20260205T224433Z_482_c_e	http://example.org/stkg/subjectEntity	http://example.org/stkg/id/platform_BTR80
http://example.org/stkg/id/obs_rel_BTR80_T90_20260205T224433Z_482_c_e	http://example.org/stkg/objectEntity	http://example.org/stkg/id/platform_T90
http://example.org/stkg/id/obs_rel_BTR80_T90_20260205T224433Z_482_c_e	http://example.org/stkg/relationType	http://example.org/stkg/id/relation_ahead_of
http://example.org/stkg/id/obs_rel_BTR80_T90_20260205T224433Z_482_c_e	http://example.org/stkg/time	"2026-02-05T22:44:33Z"^^<http://www.w3.org/2001/XMLSchema#dateTime>
http://example.org/stkg/id/obs_rel_T90_BTR80_20260205T224433Z_482_e_c	http://www.w3.org/1999/02/22-rdf-syntax-ns#type	http://example.org/stkg/id/SpatialRelationObservation
http://example.org/stkg/id/obs_rel_T90_BTR80_20260205T224433Z_482_e_c	http://example.org/stkg/subjectEntity	http://example.org/stkg/id/platform_T90
http://example.org/stkg/id/obs_rel_T90_BTR80_20260205T224433Z_482_e_c	http://example.org/stkg/objectEntity	http://example.org/stkg/id/platform_BTR80
http://example.org/stkg/id/obs_rel_T90_BTR80_20260205T224433Z_482_e_c	http://example.org/stkg/relationType	http://example.org/stkg/id/relation_behind_of
http://example.org/stkg/id/obs_rel_T90_BTR80_20260205T224433Z_482_e_c	http://example.org/stkg/time	"2026-02-05T22:44:33Z"^^<http://www.w3.org/2001/XMLSchema#dateTime>
http://example.org/stkg/id/obs_rel_BTR80_K2BlackPanther_20260205T224434Z_483_c_d	http://www.w3.org/1999/02/22-rdf-syntax-ns#type	http://example.org/stkg/id/SpatialRelationObservation
http://example.org/stkg/id/obs_rel_BTR80_K2BlackPanther_20260205T224434Z_483_c_d	http://example.org/stkg/subjectEntity	http://example.org/stkg/id/platform_BTR80
http://example.org/stkg/id/obs_rel_BTR80_K2BlackPanther_20260205T224434Z_483_c_d	http://example.org/stkg/objectEntity	http://example.org/stkg/id/platform_K2BlackPanther
http://example.org/stkg/id/obs_rel_BTR80_K2BlackPanther_20260205T224434Z_483_c_d	http://example.org/stkg/relationType	http://example.org/stkg/id/relation_ahead_of
http://example.org/stkg/id/obs_rel_BTR80_K2BlackPanther_20260205T224434Z_483_c_d	http://example.org/stkg/time	"2026-02-05T22:44:34Z"^^<http://www.w3.org/2001/XMLSchema#dateTime>
http://example.org/stkg/id/obs_rel_K2BlackPanther_BTR80_20260205T224434Z_483_d_c	http://www.w3.org/1999/02/22-rdf-syntax-ns#type	http://example.org/stkg/id/SpatialRelationObservation
http://example.org/stkg/id/obs_rel_K2BlackPanther_BTR80_20260205T224434Z_483_d_c	http://example.org/stkg/subjectEntity	http://example.org/stkg/id/platform_K2BlackPanther
http://example.org/stkg/id/obs_rel_K2BlackPanther_BTR80_20260205T224434Z_483_d_c	http://example.org/stkg/objectEntity	http://example.org/stkg/id/platform_BTR80
http://example.org/stkg/id/obs_rel_K2BlackPanther_BTR80_20260205T224434Z_483_d_c	http://example.org/stkg/relationType	http://example.org/stkg/id/relation_behind_of
http://example.org/stkg/id/obs_rel_K2BlackPanther_BTR80_20260205T224434Z_483_d_c	http://example.org/stkg/time	"2026-02-05T22:44:34Z"^^<http://www.w3.org/2001/XMLSchema#dateTime>
http://example.org/stkg/id/obs_rel_K2BlackPanther_T90_20260205T224434Z_483_d_e	http://www.w3.org/1999/02/22-rdf-syntax-ns#type	http://example.org/stkg/id/SpatialRelationObservation
http://example.org/stkg/id/obs_rel_K2BlackPanther_T90_20260205T224434Z_483_d_e	http://example.org/stkg/subjectEntity	http://example.org/stkg/id/platform_K2BlackPanther
http://example.org/stkg/id/obs_rel_K2BlackPanther_T90_20260205T224434Z_483_d_e	http://example.org/stkg/objectEntity	http://example.org/stkg/id/platform_T90
http://example.org/stkg/id/obs_rel_K2BlackPanther_T90_20260205T224434Z_483_d_e	http://example.org/stkg/relationType	http://example.org/stkg/id/relation_ahead_of
http://example.org/stkg/id/obs_rel_K2BlackPanther_T90_20260205T224434Z_483_d_e	http://example.org/stkg/time	"2026-02-05T22:44:34Z"^^<http://www.w3.org/2001/XMLSchema#dateTime>
http://example.org/stkg/id/obs_rel_T90_K2BlackPanther_20260205T224434Z_483_e_d	http://www.w3.org/1999/02/22-rdf-syntax-ns#type	http://example.org/stkg/id/SpatialRelationObservation
http://example.org/stkg/id/obs_rel_T90_K2BlackPanther_20260205T224434Z_483_e_d	http://example.org/stkg/subjectEntity	http://example.org/stkg/id/platform_T90
http://example.org/stkg/id/obs_rel_T90_K2BlackPanther_20260205T224434Z_483_e_d	http://example.org/stkg/objectEntity	http://example.org/stkg/id/platform_K2BlackPanther
http://example.org/stkg/id/obs_rel_T90_K2BlackPanther_20260205T224434Z_483_e_d	http://example.org/stkg/relationType	http://example.org/stkg/id/relation_behind_of
http://example.org/stkg/id/obs_rel_T90_K2BlackPanther_20260205T224434Z_483_e_d	http://example.org/stkg/time	"2026-02-05T22:44:34Z"^^<http://www.w3.org/2001/XMLSchema#dateTime>
http://example.org/stkg/id/obs_rel_BTR80_T90_20260205T224434Z_483_c_e	http://www.w3.org/1999/02/22-rdf-syntax-ns#type	http://example.org/stkg/id/SpatialRelationObservation
http://example.org/stkg/id/obs_rel_BTR80_T90_20260205T224434Z_483_c_e	http://example.org/stkg/subjectEntity	http://example.org/stkg/id/platform_BTR80
http://example.org/stkg/id/obs_rel_BTR80_T90_20260205T224434Z_483_c_e	http://example.org/stkg/objectEntity	http://example.org/stkg/id/platform_T90
http://example.org/stkg/id/obs_rel_BTR80_T90_20260205T224434Z_483_c_e	http://example.org/stkg/relationType	http://example.org/stkg/id/relation_ahead_of
http://example.org/stkg/id/obs_rel_BTR80_T90_20260205T224434Z_483_c_e	http://example.org/stkg/time	"2026-02-05T22:44:34Z"^^<http://www.w3.org/2001/XMLSchema#dateTime>
http://example.org/stkg/id/obs_rel_T90_BTR80_20260205T224434Z_483_e_c	http://www.w3.org/1999/02/22-rdf-syntax-ns#type	http://example.org/stkg/id/SpatialRelationObservation
http://example.org/stkg/id/obs_rel_T90_BTR80_20260205T224434Z_483_e_c	http://example.org/stkg/subjectEntity	http://example.org/stkg/id/platform_T90
http://example.org/stkg/id/obs_rel_T90_BTR80_20260205T224434Z_483_e_c	http://example.org/stkg/objectEntity	http://example.org/stkg/id/platform_BTR80
http://example.org/stkg/id/obs_rel_T90_BTR80_20260205T224434Z_483_e_c	http://example.org/stkg/relationType	http://example.org/stkg/id/relation_behind_of
http://example.org/stkg/id/obs_rel_T90_BTR80_20260205T224434Z_483_e_c	http://example.org/stkg/time	"2026-02-05T22:44:34Z"^^<http://www.w3.org/2001/XMLSchema#dateTime>
http://example.org/stkg/id/obs_rel_BTR80_K2BlackPanther_20260205T224435Z_484_c_d	http://www.w3.org/1999/02/22-rdf-syntax-ns#type	http://example.org/stkg/id/SpatialRelationObservation
http://example.org/stkg/id/obs_rel_BTR80_K2BlackPanther_20260205T224435Z_484_c_d	http://example.org/stkg/subjectEntity	http://example.org/stkg/id/platform_BTR80
http://example.org/stkg/id/obs_rel_BTR80_K2BlackPanther_20260205T224435Z_484_c_d	http://example.org/stkg/objectEntity	http://example.org/stkg/id/platform_K2BlackPanther
http://example.org/stkg/id/obs_rel_BTR80_K2BlackPanther_20260205T224435Z_484_c_d	http://example.org/stkg/relationType	http://example.org/stkg/id/relation_ahead_of
http://example.org/stkg/id/obs_rel_BTR80_K2BlackPanther_20260205T224435Z_484_c_d	http://example.org/stkg/time	"2026-02-05T22:44:35Z"^^<http://www.w3.org/2001/XMLSchema#dateTime>
http://example.org/stkg/id/obs_rel_K2BlackPanther_BTR80_20260205T224435Z_484_d_c	http://www.w3.org/1999/02/22-rdf-syntax-ns#type	http://example.org/stkg/id/SpatialRelationObservation
http://example.org/stkg/id/obs_rel_K2BlackPanther_BTR80_20260205T224435Z_484_d_c	http://example.org/stkg/subjectEntity	http://example.org/stkg/id/platform_K2BlackPanther
http://example.org/stkg/id/obs_rel_K2BlackPanther_BTR80_20260205T224435Z_484_d_c	http://example.org/stkg/objectEntity	http://example.org/stkg/id/platform_BTR80
http://example.org/stkg/id/obs_rel_K2BlackPanther_BTR80_20260205T224435Z_484_d_c	http://example.org/stkg/relationType	http://example.org/stkg/id/relation_behind_of
http://example.org/stkg/id/obs_rel_K2BlackPanther_BTR80_20260205T224435Z_484_d_c	http://example.org/stkg/time	"2026-02-05T22:44:35Z"^^<http://www.w3.org/2001/XMLSchema#dateTime>
http://example.org/stkg/id/obs_rel_K2BlackPanther_T90_20260205T224435Z_484_d_e	http://www.w3.org/1999/02/22-rdf-syntax-ns#type	http://example.org/stkg/id/SpatialRelationObservation
http://example.org/stkg/id/obs_rel_K2BlackPanther_T90_20260205T224435Z_484_d_e	http://example.org/stkg/subjectEntity	http://example.org/stkg/id/platform_K2BlackPanther
http://example.org/stkg/id/obs_rel_K2BlackPanther_T90_20260205T224435Z_484_d_e	http://example.org/stkg/objectEntity	http://example.org/stkg/id/platform_T90
http://example.org/stkg/id/obs_rel_K2BlackPanther_T90_20260205T224435Z_484_d_e	http://example.org/stkg/relationType	http://example.org/stkg/id/relation_ahead_of
http://example.org/stkg/id/obs_rel_K2BlackPanther_T90_20260205T224435Z_484_d_e	http://example.org/stkg/time	"2026-02-05T22:44:35Z"^^<http://www.w3.org/2001/XMLSchema#dateTime>
http://example.org/stkg/id/obs_rel_T90_K2BlackPanther_20260205T224435Z_484_e_d	http://www.w3.org/1999/02/22-rdf-syntax-ns#type	http://example.org/stkg/id/SpatialRelationObservation
http://example.org/stkg/id/obs_rel_T90_K2BlackPanther_20260205T224435Z_484_e_d	http://example.org/stkg/subjectEntity	http://example.org/stkg/id/platform_T90
http://example.org/stkg/id/obs_rel_T90_K2BlackPanther_20260205T224435Z_484_e_d	http://example.org/stkg/objectEntity	http://example.org/stkg/id/platform_K2BlackPanther
http://example.org/stkg/id/obs_rel_T90_K2BlackPanther_20260205T224435Z_484_e_d	http://example.org/stkg/relationType	http://example.org/stkg/id/relation_behind_of
http://example.org/stkg/id/obs_rel_T90_K2BlackPanther_20260205T224435Z_484_e_d	http://example.org/stkg/time	"2026-02-05T22:44:35Z"^^<http://www.w3.org/2001/XMLSchema#dateTime>
http://example.org/stkg/id/obs_rel_BTR80_T90_20260205T224435Z_484_c_e	http://www.w3.org/1999/02/22-rdf-syntax-ns#type	http://example.org/stkg/id/SpatialRelationObservation
http://example.org/stkg/id/obs_rel_BTR80_T90_20260205T224435Z_484_c_e	http://example.org/stkg/subjectEntity	http://example.org/stkg/id/platform_BTR80
http://example.org/stkg/id/obs_rel_BTR80_T90_20260205T224435Z_484_c_e	http://example.org/stkg/objectEntity	http://example.org/stkg/id/platform_T90
http://example.org/stkg/id/obs_rel_BTR80_T90_20260205T224435Z_484_c_e	http://example.org/stkg/relationType	http://example.org/stkg/id/relation_ahead_of
http://example.org/stkg/id/obs_rel_BTR80_T90_20260205T224435Z_484_c_e	http://example.org/stkg/time	"2026-02-05T22:44:35Z"^^<http://www.w3.org/2001/XMLSchema#dateTime>
http://example.org/stkg/id/obs_rel_T90_BTR80_20260205T224435Z_484_e_c	http://www.w3.org/1999/02/22-rdf-syntax-ns#type	http://example.org/stkg/id/SpatialRelationObservation
http://example.org/stkg/id/obs_rel_T90_BTR80_20260205T224435Z_484_e_c	http://example.org/stkg/subjectEntity	http://example.org/stkg/id/platform_T90
http://example.org/stkg/id/obs_rel_T90_BTR80_20260205T224435Z_484_e_c	http://example.org/stkg/objectEntity	http://example.org/stkg/id/platform_BTR80
http://example.org/stkg/id/obs_rel_T90_BTR80_20260205T224435Z_484_e_c	http://example.org/stkg/relationType	http://example.org/stkg/id/relation_behind_of
http://example.org/stkg/id/obs_rel_T90_BTR80_20260205T224435Z_484_e_c	http://example.org/stkg/time	"2026-02-05T22:44:35Z"^^<http://www.w3.org/2001/XMLSchema#dateTime>
http://example.org/stkg/id/obs_rel_BTR80_K2BlackPanther_20260205T224436Z_485_c_d	http://www.w3.org/1999/02/22-rdf-syntax-ns#type	http://example.org/stkg/id/SpatialRelationObservation
http://example.org/stkg/id/obs_rel_BTR80_K2BlackPanther_20260205T224436Z_485_c_d	http://example.org/stkg/subjectEntity	http://example.org/stkg/id/platform_BTR80
http://example.org/stkg/id/obs_rel_BTR80_K2BlackPanther_20260205T224436Z_485_c_d	http://example.org/stkg/objectEntity	http://example.org/stkg/id/platform_K2BlackPanther
http://example.org/stkg/id/obs_rel_BTR80_K2BlackPanther_20260205T224436Z_485_c_d	http://example.org/stkg/relationType	http://example.org/stkg/id/relation_ahead_of
http://example.org/stkg/id/obs_rel_BTR80_K2BlackPanther_20260205T224436Z_485_c_d	http://example.org/stkg/time	"2026-02-05T22:44:36Z"^^<http://www.w3.org/2001/XMLSchema#dateTime>
http://example.org/stkg/id/obs_rel_K2BlackPanther_BTR80_20260205T224436Z_485_d_c	http://www.w3.org/1999/02/22-rdf-syntax-ns#type	http://example.org/stkg/id/SpatialRelationObservation
http://example.org/stkg/id/obs_rel_K2BlackPanther_BTR80_20260205T224436Z_485_d_c	http://example.org/stkg/subjectEntity	http://example.org/stkg/id/platform_K2BlackPanther
http://example.org/stkg/id/obs_rel_K2BlackPanther_BTR80_20260205T224436Z_485_d_c	http://example.org/stkg/objectEntity	http://example.org/stkg/id/platform_BTR80
http://example.org/stkg/id/obs_rel_K2BlackPanther_BTR80_20260205T224436Z_485_d_c	http://example.org/stkg/relationType	http://example.org/stkg/id/relation_behind_of
http://example.org/stkg/id/obs_rel_K2BlackPanther_BTR80_20260205T224436Z_485_d_c	http://example.org/stkg/time	"2026-02-05T22:44:36Z"^^<http://www.w3.org/2001/XMLSchema#dateTime>
http://example.org/stkg/id/obs_rel_K2BlackPanther_T90_20260205T224436Z_485_d_e	http://www.w3.org/1999/02/22-rdf-syntax-ns#type	http://example.org/stkg/id/SpatialRelationObservation
http://example.org/stkg/id/obs_rel_K2BlackPanther_T90_20260205T224436Z_485_d_e	http://example.org/stkg/subjectEntity	http://example.org/stkg/id/platform_K2BlackPanther
http://example.org/stkg/id/obs_rel_K2BlackPanther_T90_20260205T224436Z_485_d_e	http://example.org/stkg/objectEntity	http://example.org/stkg/id/platform_T90
http://example.org/stkg/id/obs_rel_K2BlackPanther_T90_20260205T224436Z_485_d_e	http://example.org/stkg/relationType	http://example.org/stkg/id/relation_ahead_of
http://example.org/stkg/id/obs_rel_K2BlackPanther_T90_20260205T224436Z_485_d_e	http://example.org/stkg/time	"2026-02-05T22:44:36Z"^^<http://www.w3.org/2001/XMLSchema#dateTime>
http://example.org/stkg/id/obs_rel_T90_K2BlackPanther_20260205T224436Z_485_e_d	http://www.w3.org/1999/02/22-rdf-syntax-ns#type	http://example.org/stkg/id/SpatialRelationObservation
http://example.org/stkg/id/obs_rel_T90_K2BlackPanther_20260205T224436Z_485_e_d	http://example.org/stkg/subjectEntity	http://example.org/stkg/id/platform_T90
http://example.org/stkg/id/obs_rel_T90_K2BlackPanther_20260205T224436Z_485_e_d	http://example.org/stkg/objectEntity	http://example.org/stkg/id/platform_K2BlackPanther
http://example.org/stkg/id/obs_rel_T90_K2BlackPanther_20260205T224436Z_485_e_d	http://example.org/stkg/relationType	http://example.org/stkg/id/relation_behind_of
http://example.org/stkg/id/obs_rel_T90_K2BlackPanther_20260205T224436Z_485_e_d	http://example.org/stkg/time	"2026-02-05T22:44:36Z"^^<http://www.w3.org/2001/XMLSchema#dateTime>
http://example.org/stkg/id/obs_rel_BTR80_T90_20260205T224436Z_485_c_e	http://www.w3.org/1999/02/22-rdf-syntax-ns#type	http://example.org/stkg/id/SpatialRelationObservation
http://example.org/stkg/id/obs_rel_BTR80_T90_20260205T224436Z_485_c_e	http://example.org/stkg/subjectEntity	http://example.org/stkg/id/platform_BTR80
http://example.org/stkg/id/obs_rel_BTR80_T90_20260205T224436Z_485_c_e	http://example.org/stkg/objectEntity	http://example.org/stkg/id/platform_T90
http://example.org/stkg/id/obs_rel_BTR80_T90_20260205T224436Z_485_c_e	http://example.org/stkg/relationType	http://example.org/stkg/id/relation_ahead_of
http://example.org/stkg/id/obs_rel_BTR80_T90_20260205T224436Z_485_c_e	http://example.org/stkg/time	"2026-02-05T22:44:36Z"^^<http://www.w3.org/2001/XMLSchema#dateTime>
http://example.org/stkg/id/obs_rel_T90_BTR80_20260205T224436Z_485_e_c	http://www.w3.org/1999/02/22-rdf-syntax-ns#type	http://example.org/stkg/id/SpatialRelationObservation
http://example.org/stkg/id/obs_rel_T90_BTR80_20260205T224436Z_485_e_c	http://example.org/stkg/subjectEntity	http://example.org/stkg/id/platform_T90
http://example.org/stkg/id/obs_rel_T90_BTR80_20260205T224436Z_485_e_c	http://example.org/stkg/objectEntity	http://example.org/stkg/id/platform_BTR80
http://example.org/stkg/id/obs_rel_T90_BTR80_20260205T224436Z_485_e_c	http://example.org/stkg/relationType	http://example.org/stkg/id/relation_behind_of
http://example.org/stkg/id/obs_rel_T90_BTR80_20260205T224436Z_485_e_c	http://example.org/stkg/time	"2026-02-05T22:44:36Z"^^<http://www.w3.org/2001/XMLSchema#dateTime>
http://example.org/stkg/id/obs_rel_BTR80_K2BlackPanther_20260205T224437Z_486_c_d	http://www.w3.org/1999/02/22-rdf-syntax-ns#type	http://example.org/stkg/id/SpatialRelationObservation
http://example.org/stkg/id/obs_rel_BTR80_K2BlackPanther_20260205T224437Z_486_c_d	http://example.org/stkg/subjectEntity	http://example.org/stkg/id/platform_BTR80
http://example.org/stkg/id/obs_rel_BTR80_K2BlackPanther_20260205T224437Z_486_c_d	http://example.org/stkg/objectEntity	http://example.org/stkg/id/platform_K2BlackPanther
http://example.org/stkg/id/obs_rel_BTR80_K2BlackPanther_20260205T224437Z_486_c_d	http://example.org/stkg/relationType	http://example.org/stkg/id/relation_ahead_of
http://example.org/stkg/id/obs_rel_BTR80_K2BlackPanther_20260205T224437Z_486_c_d	http://example.org/stkg/time	"2026-02-05T22:44:37Z"^^<http://www.w3.org/2001/XMLSchema#dateTime>
http://example.org/stkg/id/obs_rel_K2BlackPanther_BTR80_20260205T224437Z_486_d_c	http://www.w3.org/1999/02/22-rdf-syntax-ns#type	http://example.org/stkg/id/SpatialRelationObservation
http://example.org/stkg/id/obs_rel_K2BlackPanther_BTR80_20260205T224437Z_486_d_c	http://example.org/stkg/subjectEntity	http://example.org/stkg/id/platform_K2BlackPanther
http://example.org/stkg/id/obs_rel_K2BlackPanther_BTR80_20260205T224437Z_486_d_c	http://example.org/stkg/objectEntity	http://example.org/stkg/id/platform_BTR80
http://example.org/stkg/id/obs_rel_K2BlackPanther_BTR80_20260205T224437Z_486_d_c	http://example.org/stkg/relationType	http://example.org/stkg/id/relation_behind_of
http://example.org/stkg/id/obs_rel_K2BlackPanther_BTR80_20260205T224437Z_486_d_c	http://example.org/stkg/time	"2026-02-05T22:44:37Z"^^<http://www.w3.org/2001/XMLSchema#dateTime>
http://example.org/stkg/id/obs_rel_K2BlackPanther_T90_20260205T224437Z_486_d_e	http://www.w3.org/1999/02/22-rdf-syntax-ns#type	http://example.org/stkg/id/SpatialRelationObservation
http://example.org/stkg/id/obs_rel_K2BlackPanther_T90_20260205T224437Z_486_d_e	http://example.org/stkg/subjectEntity	http://example.org/stkg/id/platform_K2BlackPanther
http://example.org/stkg/id/obs_rel_K2BlackPanther_T90_20260205T224437Z_486_d_e	http://example.org/stkg/objectEntity	http://example.org/stkg/id/platform_T90
http://example.org/stkg/id/obs_rel_K2BlackPanther_T90_20260205T224437Z_486_d_e	http://example.org/stkg/relationType	http://example.org/stkg/id/relation_ahead_of
http://example.org/stkg/id/obs_rel_K2BlackPanther_T90_20260205T224437Z_486_d_e	http://example.org/stkg/time	"2026-02-05T22:44:37Z"^^<http://www.w3.org/2001/XMLSchema#dateTime>
http://example.org/stkg/id/obs_rel_T90_K2BlackPanther_20260205T224437Z_486_e_d	http://www.w3.org/1999/02/22-rdf-syntax-ns#type	http://example.org/stkg/id/SpatialRelationObservation
http://example.org/stkg/id/obs_rel_T90_K2BlackPanther_20260205T224437Z_486_e_d	http://example.org/stkg/subjectEntity	http://example.org/stkg/id/platform_T90
http://example.org/stkg/id/obs_rel_T90_K2BlackPanther_20260205T224437Z_486_e_d	http://example.org/stkg/objectEntity	http://example.org/stkg/id/platform_K2BlackPanther
http://example.org/stkg/id/obs_rel_T90_K2BlackPanther_20260205T224437Z_486_e_d	http://example.org/stkg/relationType	http://example.org/stkg/id/relation_behind_of
http://example.org/stkg/id/obs_rel_T90_K2BlackPanther_20260205T224437Z_486_e_d	http://example.org/stkg/time	"2026-02-05T22:44:37Z"^^<http://www.w3.org/2001/XMLSchema#dateTime>
http://example.org/stkg/id/obs_rel_BTR80_T90_20260205T224437Z_486_c_e	http://www.w3.org/1999/02/22-rdf-syntax-ns#type	http://example.org/stkg/id/SpatialRelationObservation
http://example.org/stkg/id/obs_rel_BTR80_T90_20260205T224437Z_486_c_e	http://example.org/stkg/subjectEntity	http://example.org/stkg/id/platform_BTR80
http://example.org/stkg/id/obs_rel_BTR80_T90_20260205T224437Z_486_c_e	http://example.org/stkg/objectEntity	http://example.org/stkg/id/platform_T90
http://example.org/stkg/id/obs_rel_BTR80_T90_20260205T224437Z_486_c_e	http://example.org/stkg/relationType	http://example.org/stkg/id/relation_ahead_of
http://example.org/stkg/id/obs_rel_BTR80_T90_20260205T224437Z_486_c_e	http://example.org/stkg/time	"2026-02-05T22:44:37Z"^^<http://www.w3.org/2001/XMLSchema#dateTime>
http://example.org/stkg/id/obs_rel_T90_BTR80_20260205T224437Z_486_e_c	http://www.w3.org/1999/02/22-rdf-syntax-ns#type	http://example.org/stkg/id/SpatialRelationObservation
http://example.org/stkg/id/obs_rel_T90_BTR80_20260205T224437Z_486_e_c	http://example.org/stkg/subjectEntity	http://example.org/stkg/id/platform_T90
http://example.org/stkg/id/obs_rel_T90_BTR80_20260205T224437Z_486_e_c	http://example.org/stkg/objectEntity	http://example.org/stkg/id/platform_BTR80
http://example.org/stkg/id/obs_rel_T90_BTR80_20260205T224437Z_486_e_c	http://example.org/stkg/relationType	http://example.org/stkg/id/relation_behind_of
http://example.org/stkg/id/obs_rel_T90_BTR80_20260205T224437Z_486_e_c	http://example.org/stkg/time	"2026-02-05T22:44:37Z"^^<http://www.w3.org/2001/XMLSchema#dateTime>
http://example.org/stkg/id/obs_rel_BTR80_K2BlackPanther_20260205T224438Z_487_c_d	http://www.w3.org/1999/02/22-rdf-syntax-ns#type	http://example.org/stkg/id/SpatialRelationObservation
http://example.org/stkg/id/obs_rel_BTR80_K2BlackPanther_20260205T224438Z_487_c_d	http://example.org/stkg/subjectEntity	http://example.org/stkg/id/platform_BTR80
http://example.org/stkg/id/obs_rel_BTR80_K2BlackPanther_20260205T224438Z_487_c_d	http://example.org/stkg/objectEntity	http://example.org/stkg/id/platform_K2BlackPanther
http://example.org/stkg/id/obs_rel_BTR80_K2BlackPanther_20260205T224438Z_487_c_d	http://example.org/stkg/relationType	http://example.org/stkg/id/relation_ahead_of
http://example.org/stkg/id/obs_rel_BTR80_K2BlackPanther_20260205T224438Z_487_c_d	http://example.org/stkg/time	"2026-02-05T22:44:38Z"^^<http://www.w3.org/2001/XMLSchema#dateTime>
http://example.org/stkg/id/obs_rel_K2BlackPanther_BTR80_20260205T224438Z_487_d_c	http://www.w3.org/1999/02/22-rdf-syntax-ns#type	http://example.org/stkg/id/SpatialRelationObservation
http://example.org/stkg/id/obs_rel_K2BlackPanther_BTR80_20260205T224438Z_487_d_c	http://example.org/stkg/subjectEntity	http://example.org/stkg/id/platform_K2BlackPanther
http://example.org/stkg/id/obs_rel_K2BlackPanther_BTR80_20260205T224438Z_487_d_c	http://example.org/stkg/objectEntity	http://example.org/stkg/id/platform_BTR80
http://example.org/stkg/id/obs_rel_K2BlackPanther_BTR80_20260205T224438Z_487_d_c	http://example.org/stkg/relationType	http://example.org/stkg/id/relation_behind_of
http://example.org/stkg/id/obs_rel_K2BlackPanther_BTR80_20260205T224438Z_487_d_c	http://example.org/stkg/time	"2026-02-05T22:44:38Z"^^<http://www.w3.org/2001/XMLSchema#dateTime>
http://example.org/stkg/id/obs_rel_K2BlackPanther_T90_20260205T224438Z_487_d_e	http://www.w3.org/1999/02/22-rdf-syntax-ns#type	http://example.org/stkg/id/SpatialRelationObservation
http://example.org/stkg/id/obs_rel_K2BlackPanther_T90_20260205T224438Z_487_d_e	http://example.org/stkg/subjectEntity	http://example.org/stkg/id/platform_K2BlackPanther
http://example.org/stkg/id/obs_rel_K2BlackPanther_T90_20260205T224438Z_487_d_e	http://example.org/stkg/objectEntity	http://example.org/stkg/id/platform_T90
http://example.org/stkg/id/obs_rel_K2BlackPanther_T90_20260205T224438Z_487_d_e	http://example.org/stkg/relationType	http://example.org/stkg/id/relation_ahead_of
http://example.org/stkg/id/obs_rel_K2BlackPanther_T90_20260205T224438Z_487_d_e	http://example.org/stkg/time	"2026-02-05T22:44:38Z"^^<http://www.w3.org/2001/XMLSchema#dateTime>
http://example.org/stkg/id/obs_rel_T90_K2BlackPanther_20260205T224438Z_487_e_d	http://www.w3.org/1999/02/22-rdf-syntax-ns#type	http://example.org/stkg/id/SpatialRelationObservation
http://example.org/stkg/id/obs_rel_T90_K2BlackPanther_20260205T224438Z_487_e_d	http://example.org/stkg/subjectEntity	http://example.org/stkg/id/platform_T90
http://example.org/stkg/id/obs_rel_T90_K2BlackPanther_20260205T224438Z_487_e_d	http://example.org/stkg/objectEntity	http://example.org/stkg/id/platform_K2BlackPanther
http://example.org/stkg/id/obs_rel_T90_K2BlackPanther_20260205T224438Z_487_e_d	http://example.org/stkg/relationType	http://example.org/stkg/id/relation_behind_of
http://example.org/stkg/id/obs_rel_T90_K2BlackPanther_20260205T224438Z_487_e_d	http://example.org/stkg/time	"2026-02-05T22:44:38Z"^^<http://www.w3.org/2001/XMLSchema#dateTime>
http://example.org/stkg/id/obs_rel_BTR80_T90_20260205T224438Z_487_c_e	http://www.w3.org/1999/02/22-rdf-syntax-ns#type	http://example.org/stkg/id/SpatialRelationObservation
http://example.org/stkg/id/obs_rel_BTR80_T90_20260205T224438Z_487_c_e	http://example.org/stkg/subjectEntity	http://example.org/stkg/id/platform_BTR80
http://example.org/stkg/id/obs_rel_BTR80_T90_20260205T224438Z_487_c_e	http://example.org/stkg/objectEntity	http://example.org/stkg/id/platform_T90
http://example.org/stkg/id/obs_rel_BTR80_T90_20260205T224438Z_487_c_e	http://example.org/stkg/relationType	http://example.org/stkg/id/relation_ahead_of
http://example.org/stkg/id/obs_rel_BTR80_T90_20260205T224438Z_487_c_e	http://example.org/stkg/time	"2026-02-05T22:44:38Z"^^<http://www.w3.org/2001/XMLSchema#dateTime>
http://example.org/stkg/id/obs_rel_T90_BTR80_20260205T224438Z_487_e_c	http://www.w3.org/1999/02/22-rdf-syntax-ns#type	http://example.org/stkg/id/SpatialRelationObservation
http://example.org/stkg/id/obs_rel_T90_BTR80_20260205T224438Z_487_e_c	http://example.org/stkg/subjectEntity	http://example.org/stkg/id/platform_T90
http://example.org/stkg/id/obs_rel_T90_BTR80_20260205T224438Z_487_e_c	http://example.org/stkg/objectEntity	http://example.org/stkg/id/platform_BTR80
http://example.org/stkg/id/obs_rel_T90_BTR80_20260205T224438Z_487_e_c	http://example.org/stkg/relationType	http://example.org/stkg/id/relation_behind_of
http://example.org/stkg/id/obs_rel_T90_BTR80_20260205T224438Z_487_e_c	http://example.org/stkg/time	"2026-02-05T22:44:38Z"^^<http://www.w3.org/2001/XMLSchema#dateTime>
http://example.org/stkg/id/obs_rel_BTR80_K2BlackPanther_20260205T224439Z_488_c_d	http://www.w3.org/1999/02/22-rdf-syntax-ns#type	http://example.org/stkg/id/SpatialRelationObservation
http://example.org/stkg/id/obs_rel_BTR80_K2BlackPanther_20260205T224439Z_488_c_d	http://example.org/stkg/subjectEntity	http://example.org/stkg/id/platform_BTR80
http://example.org/stkg/id/obs_rel_BTR80_K2BlackPanther_20260205T224439Z_488_c_d	http://example.org/stkg/objectEntity	http://example.org/stkg/id/platform_K2BlackPanther
http://example.org/stkg/id/obs_rel_BTR80_K2BlackPanther_20260205T224439Z_488_c_d	http://example.org/stkg/relationType	http://example.org/stkg/id/relation_ahead_of
http://example.org/stkg/id/obs_rel_BTR80_K2BlackPanther_20260205T224439Z_488_c_d	http://example.org/stkg/time	"2026-02-05T22:44:39Z"^^<http://www.w3.org/2001/XMLSchema#dateTime>
http://example.org/stkg/id/obs_rel_K2BlackPanther_BTR80_20260205T224439Z_488_d_c	http://www.w3.org/1999/02/22-rdf-syntax-ns#type	http://example.org/stkg/id/SpatialRelationObservation
http://example.org/stkg/id/obs_rel_K2BlackPanther_BTR80_20260205T224439Z_488_d_c	http://example.org/stkg/subjectEntity	http://example.org/stkg/id/platform_K2BlackPanther
http://example.org/stkg/id/obs_rel_K2BlackPanther_BTR80_20260205T224439Z_488_d_c	http://example.org/stkg/objectEntity	http://example.org/stkg/id/platform_BTR80
http://example.org/stkg/id/obs_rel_K2BlackPanther_BTR80_20260205T224439Z_488_d_c	http://example.org/stkg/relationType	http://example.org/stkg/id/relation_behind_of
http://example.org/stkg/id/obs_rel_K2BlackPanther_BTR80_20260205T224439Z_488_d_c	http://example.org/stkg/time	"2026-02-05T22:44:39Z"^^<http://www.w3.org/2001/XMLSchema#dateTime>
http://example.org/stkg/id/obs_rel_K2BlackPanther_T90_20260205T224439Z_488_d_e	http://www.w3.org/1999/02/22-rdf-syntax-ns#type	http://example.org/stkg/id/SpatialRelationObservation
http://example.org/stkg/id/obs_rel_K2BlackPanther_T90_20260205T224439Z_488_d_e	http://example.org/stkg/subjectEntity	http://example.org/stkg/id/platform_K2BlackPanther
http://example.org/stkg/id/obs_rel_K2BlackPanther_T90_20260205T224439Z_488_d_e	http://example.org/stkg/objectEntity	http://example.org/stkg/id/platform_T90
http://example.org/stkg/id/obs_rel_K2BlackPanther_T90_20260205T224439Z_488_d_e	http://example.org/stkg/relationType	http://example.org/stkg/id/relation_ahead_of
http://example.org/stkg/id/obs_rel_K2BlackPanther_T90_20260205T224439Z_488_d_e	http://example.org/stkg/time	"2026-02-05T22:44:39Z"^^<http://www.w3.org/2001/XMLSchema#dateTime>
http://example.org/stkg/id/obs_rel_T90_K2BlackPanther_20260205T224439Z_488_e_d	http://www.w3.org/1999/02/22-rdf-syntax-ns#type	http://example.org/stkg/id/SpatialRelationObservation
http://example.org/stkg/id/obs_rel_T90_K2BlackPanther_20260205T224439Z_488_e_d	http://example.org/stkg/subjectEntity	http://example.org/stkg/id/platform_T90
http://example.org/stkg/id/obs_rel_T90_K2BlackPanther_20260205T224439Z_488_e_d	http://example.org/stkg/objectEntity	http://example.org/stkg/id/platform_K2BlackPanther
http://example.org/stkg/id/obs_rel_T90_K2BlackPanther_20260205T224439Z_488_e_d	http://example.org/stkg/relationType	http://example.org/stkg/id/relation_behind_of
http://example.org/stkg/id/obs_rel_T90_K2BlackPanther_20260205T224439Z_488_e_d	http://example.org/stkg/time	"2026-02-05T22:44:39Z"^^<http://www.w3.org/2001/XMLSchema#dateTime>
http://example.org/stkg/id/obs_rel_BTR80_T90_20260205T224439Z_488_c_e	http://www.w3.org/1999/02/22-rdf-syntax-ns#type	http://example.org/stkg/id/SpatialRelationObservation
http://example.org/stkg/id/obs_rel_BTR80_T90_20260205T224439Z_488_c_e	http://example.org/stkg/subjectEntity	http://example.org/stkg/id/platform_BTR80
http://example.org/stkg/id/obs_rel_BTR80_T90_20260205T224439Z_488_c_e	http://example.org/stkg/objectEntity	http://example.org/stkg/id/platform_T90
http://example.org/stkg/id/obs_rel_BTR80_T90_20260205T224439Z_488_c_e	http://example.org/stkg/relationType	http://example.org/stkg/id/relation_ahead_of
http://example.org/stkg/id/obs_rel_BTR80_T90_20260205T224439Z_488_c_e	http://example.org/stkg/time	"2026-02-05T22:44:39Z"^^<http://www.w3.org/2001/XMLSchema#dateTime>
http://example.org/stkg/id/obs_rel_T90_BTR80_20260205T224439Z_488_e_c	http://www.w3.org/1999/02/22-rdf-syntax-ns#type	http://example.org/stkg/id/SpatialRelationObservation
http://example.org/stkg/id/obs_rel_T90_BTR80_20260205T224439Z_488_e_c	http://example.org/stkg/subjectEntity	http://example.org/stkg/id/platform_T90
http://example.org/stkg/id/obs_rel_T90_BTR80_20260205T224439Z_488_e_c	http://example.org/stkg/objectEntity	http://example.org/stkg/id/platform_BTR80
http://example.org/stkg/id/obs_rel_T90_BTR80_20260205T224439Z_488_e_c	http://example.org/stkg/relationType	http://example.org/stkg/id/relation_behind_of
http://example.org/stkg/id/obs_rel_T90_BTR80_20260205T224439Z_488_e_c	http://example.org/stkg/time	"2026-02-05T22:44:39Z"^^<http://www.w3.org/2001/XMLSchema#dateTime>
http://example.org/stkg/id/obs_rel_BTR80_K2BlackPanther_20260205T224440Z_489_c_d	http://www.w3.org/1999/02/22-rdf-syntax-ns#type	http://example.org/stkg/id/SpatialRelationObservation
http://example.org/stkg/id/obs_rel_BTR80_K2BlackPanther_20260205T224440Z_489_c_d	http://example.org/stkg/subjectEntity	http://example.org/stkg/id/platform_BTR80
http://example.org/stkg/id/obs_rel_BTR80_K2BlackPanther_20260205T224440Z_489_c_d	http://example.org/stkg/objectEntity	http://example.org/stkg/id/platform_K2BlackPanther
http://example.org/stkg/id/obs_rel_BTR80_K2BlackPanther_20260205T224440Z_489_c_d	http://example.org/stkg/relationType	http://example.org/stkg/id/relation_ahead_of
http://example.org/stkg/id/obs_rel_BTR80_K2BlackPanther_20260205T224440Z_489_c_d	http://example.org/stkg/time	"2026-02-05T22:44:40Z"^^<http://www.w3.org/2001/XMLSchema#dateTime>
http://example.org/stkg/id/obs_rel_K2BlackPanther_BTR80_20260205T224440Z_489_d_c	http://www.w3.org/1999/02/22-rdf-syntax-ns#type	http://example.org/stkg/id/SpatialRelationObservation
http://example.org/stkg/id/obs_rel_K2BlackPanther_BTR80_20260205T224440Z_489_d_c	http://example.org/stkg/subjectEntity	http://example.org/stkg/id/platform_K2BlackPanther
http://example.org/stkg/id/obs_rel_K2BlackPanther_BTR80_20260205T224440Z_489_d_c	http://example.org/stkg/objectEntity	http://example.org/stkg/id/platform_BTR80
http://example.org/stkg/id/obs_rel_K2BlackPanther_BTR80_20260205T224440Z_489_d_c	http://example.org/stkg/relationType	http://example.org/stkg/id/relation_behind_of
http://example.org/stkg/id/obs_rel_K2BlackPanther_BTR80_20260205T224440Z_489_d_c	http://example.org/stkg/time	"2026-02-05T22:44:40Z"^^<http://www.w3.org/2001/XMLSchema#dateTime>
http://example.org/stkg/id/obs_rel_K2BlackPanther_T90_20260205T224440Z_489_d_e	http://www.w3.org/1999/02/22-rdf-syntax-ns#type	http://example.org/stkg/id/SpatialRelationObservation
http://example.org/stkg/id/obs_rel_K2BlackPanther_T90_20260205T224440Z_489_d_e	http://example.org/stkg/subjectEntity	http://example.org/stkg/id/platform_K2BlackPanther
http://example.org/stkg/id/obs_rel_K2BlackPanther_T90_20260205T224440Z_489_d_e	http://example.org/stkg/objectEntity	http://example.org/stkg/id/platform_T90
http://example.org/stkg/id/obs_rel_K2BlackPanther_T90_20260205T224440Z_489_d_e	http://example.org/stkg/relationType	http://example.org/stkg/id/relation_ahead_of
http://example.org/stkg/id/obs_rel_K2BlackPanther_T90_20260205T224440Z_489_d_e	http://example.org/stkg/time	"2026-02-05T22:44:40Z"^^<http://www.w3.org/2001/XMLSchema#dateTime>
http://example.org/stkg/id/obs_rel_T90_K2BlackPanther_20260205T224440Z_489_e_d	http://www.w3.org/1999/02/22-rdf-syntax-ns#type	http://example.org/stkg/id/SpatialRelationObservation
http://example.org/stkg/id/obs_rel_T90_K2BlackPanther_20260205T224440Z_489_e_d	http://example.org/stkg/subjectEntity	http://example.org/stkg/id/platform_T90
http://example.org/stkg/id/obs_rel_T90_K2BlackPanther_20260205T224440Z_489_e_d	http://example.org/stkg/objectEntity	http://example.org/stkg/id/platform_K2BlackPanther
http://example.org/stkg/id/obs_rel_T90_K2BlackPanther_20260205T224440Z_489_e_d	http://example.org/stkg/relationType	http://example.org/stkg/id/relation_behind_of
http://example.org/stkg/id/obs_rel_T90_K2BlackPanther_20260205T224440Z_489_e_d	http://example.org/stkg/time	"2026-02-05T22:44:40Z"^^<http://www.w3.org/2001/XMLSchema#dateTime>
http://example.org/stkg/id/obs_rel_BTR80_T90_20260205T224440Z_489_c_e	http://www.w3.org/1999/02/22-rdf-syntax-ns#type	http://example.org/stkg/id/SpatialRelationObservation
http://example.org/stkg/id/obs_rel_BTR80_T90_20260205T224440Z_489_c_e	http://example.org/stkg/subjectEntity	http://example.org/stkg/id/platform_BTR80
http://example.org/stkg/id/obs_rel_BTR80_T90_20260205T224440Z_489_c_e	http://example.org/stkg/objectEntity	http://example.org/stkg/id/platform_T90
http://example.org/stkg/id/obs_rel_BTR80_T90_20260205T224440Z_489_c_e	http://example.org/stkg/relationType	http://example.org/stkg/id/relation_ahead_of
http://example.org/stkg/id/obs_rel_BTR80_T90_20260205T224440Z_489_c_e	http://example.org/stkg/time	"2026-02-05T22:44:40Z"^^<http://www.w3.org/2001/XMLSchema#dateTime>
http://example.org/stkg/id/obs_rel_T90_BTR80_20260205T224440Z_489_e_c	http://www.w3.org/1999/02/22-rdf-syntax-ns#type	http://example.org/stkg/id/SpatialRelationObservation
http://example.org/stkg/id/obs_rel_T90_BTR80_20260205T224440Z_489_e_c	http://example.org/stkg/subjectEntity	http://example.org/stkg/id/platform_T90
http://example.org/stkg/id/obs_rel_T90_BTR80_20260205T224440Z_489_e_c	http://example.org/stkg/objectEntity	http://example.org/stkg/id/platform_BTR80
http://example.org/stkg/id/obs_rel_T90_BTR80_20260205T224440Z_489_e_c	http://example.org/stkg/relationType	http://example.org/stkg/id/relation_behind_of
http://example.org/stkg/id/obs_rel_T90_BTR80_20260205T224440Z_489_e_c	http://example.org/stkg/time	"2026-02-05T22:44:40Z"^^<http://www.w3.org/2001/XMLSchema#dateTime>
http://example.org/stkg/id/obs_rel_BTR80_K2BlackPanther_20260205T224441Z_490_c_d	http://www.w3.org/1999/02/22-rdf-syntax-ns#type	http://example.org/stkg/id/SpatialRelationObservation
http://example.org/stkg/id/obs_rel_BTR80_K2BlackPanther_20260205T224441Z_490_c_d	http://example.org/stkg/subjectEntity	http://example.org/stkg/id/platform_BTR80
http://example.org/stkg/id/obs_rel_BTR80_K2BlackPanther_20260205T224441Z_490_c_d	http://example.org/stkg/objectEntity	http://example.org/stkg/id/platform_K2BlackPanther
http://example.org/stkg/id/obs_rel_BTR80_K2BlackPanther_20260205T224441Z_490_c_d	http://example.org/stkg/relationType	http://example.org/stkg/id/relation_ahead_of
http://example.org/stkg/id/obs_rel_BTR80_K2BlackPanther_20260205T224441Z_490_c_d	http://example.org/stkg/time	"2026-02-05T22:44:41Z"^^<http://www.w3.org/2001/XMLSchema#dateTime>
http://example.org/stkg/id/obs_rel_K2BlackPanther_BTR80_20260205T224441Z_490_d_c	http://www.w3.org/1999/02/22-rdf-syntax-ns#type	http://example.org/stkg/id/SpatialRelationObservation
http://example.org/stkg/id/obs_rel_K2BlackPanther_BTR80_20260205T224441Z_490_d_c	http://example.org/stkg/subjectEntity	http://example.org/stkg/id/platform_K2BlackPanther
http://example.org/stkg/id/obs_rel_K2BlackPanther_BTR80_20260205T224441Z_490_d_c	http://example.org/stkg/objectEntity	http://example.org/stkg/id/platform_BTR80
http://example.org/stkg/id/obs_rel_K2BlackPanther_BTR80_20260205T224441Z_490_d_c	http://example.org/stkg/relationType	http://example.org/stkg/id/relation_behind_of
http://example.org/stkg/id/obs_rel_K2BlackPanther_BTR80_20260205T224441Z_490_d_c	http://example.org/stkg/time	"2026-02-05T22:44:41Z"^^<http://www.w3.org/2001/XMLSchema#dateTime>
http://example.org/stkg/id/obs_rel_K2BlackPanther_T90_20260205T224441Z_490_d_e	http://www.w3.org/1999/02/22-rdf-syntax-ns#type	http://example.org/stkg/id/SpatialRelationObservation
http://example.org/stkg/id/obs_rel_K2BlackPanther_T90_20260205T224441Z_490_d_e	http://example.org/stkg/subjectEntity	http://example.org/stkg/id/platform_K2BlackPanther
http://example.org/stkg/id/obs_rel_K2BlackPanther_T90_20260205T224441Z_490_d_e	http://example.org/stkg/objectEntity	http://example.org/stkg/id/platform_T90
http://example.org/stkg/id/obs_rel_K2BlackPanther_T90_20260205T224441Z_490_d_e	http://example.org/stkg/relationType	http://example.org/stkg/id/relation_ahead_of
http://example.org/stkg/id/obs_rel_K2BlackPanther_T90_20260205T224441Z_490_d_e	http://example.org/stkg/time	"2026-02-05T22:44:41Z"^^<http://www.w3.org/2001/XMLSchema#dateTime>
http://example.org/stkg/id/obs_rel_T90_K2BlackPanther_20260205T224441Z_490_e_d	http://www.w3.org/1999/02/22-rdf-syntax-ns#type	http://example.org/stkg/id/SpatialRelationObservation
http://example.org/stkg/id/obs_rel_T90_K2BlackPanther_20260205T224441Z_490_e_d	http://example.org/stkg/subjectEntity	http://example.org/stkg/id/platform_T90
http://example.org/stkg/id/obs_rel_T90_K2BlackPanther_20260205T224441Z_490_e_d	http://example.org/stkg/objectEntity	http://example.org/stkg/id/platform_K2BlackPanther
http://example.org/stkg/id/obs_rel_T90_K2BlackPanther_20260205T224441Z_490_e_d	http://example.org/stkg/relationType	http://example.org/stkg/id/relation_behind_of
http://example.org/stkg/id/obs_rel_T90_K2BlackPanther_20260205T224441Z_490_e_d	http://example.org/stkg/time	"2026-02-05T22:44:41Z"^^<http://www.w3.org/2001/XMLSchema#dateTime>
http://example.org/stkg/id/obs_rel_BTR80_T90_20260205T224441Z_490_c_e	http://www.w3.org/1999/02/22-rdf-syntax-ns#type	http://example.org/stkg/id/SpatialRelationObservation
http://example.org/stkg/id/obs_rel_BTR80_T90_20260205T224441Z_490_c_e	http://example.org/stkg/subjectEntity	http://example.org/stkg/id/platform_BTR80
http://example.org/stkg/id/obs_rel_BTR80_T90_20260205T224441Z_490_c_e	http://example.org/stkg/objectEntity	http://example.org/stkg/id/platform_T90
http://example.org/stkg/id/obs_rel_BTR80_T90_20260205T224441Z_490_c_e	http://example.org/stkg/relationType	http://example.org/stkg/id/relation_ahead_of
http://example.org/stkg/id/obs_rel_BTR80_T90_20260205T224441Z_490_c_e	http://example.org/stkg/time	"2026-02-05T22:44:41Z"^^<http://www.w3.org/2001/XMLSchema#dateTime>
http://example.org/stkg/id/obs_rel_T90_BTR80_20260205T224441Z_490_e_c	http://www.w3.org/1999/02/22-rdf-syntax-ns#type	http://example.org/stkg/id/SpatialRelationObservation
http://example.org/stkg/id/obs_rel_T90_BTR80_20260205T224441Z_490_e_c	http://example.org/stkg/subjectEntity	http://example.org/stkg/id/platform_T90
http://example.org/stkg/id/obs_rel_T90_BTR80_20260205T224441Z_490_e_c	http://example.org/stkg/objectEntity	http://example.org/stkg/id/platform_BTR80
http://example.org/stkg/id/obs_rel_T90_BTR80_20260205T224441Z_490_e_c	http://example.org/stkg/relationType	http://example.org/stkg/id/relation_behind_of
http://example.org/stkg/id/obs_rel_T90_BTR80_20260205T224441Z_490_e_c	http://example.org/stkg/time	"2026-02-05T22:44:41Z"^^<http://www.w3.org/2001/XMLSchema#dateTime>
http://example.org/stkg/id/obs_rel_BTR80_K2BlackPanther_20260205T224442Z_491_c_d	http://www.w3.org/1999/02/22-rdf-syntax-ns#type	http://example.org/stkg/id/SpatialRelationObservation
http://example.org/stkg/id/obs_rel_BTR80_K2BlackPanther_20260205T224442Z_491_c_d	http://example.org/stkg/subjectEntity	http://example.org/stkg/id/platform_BTR80
http://example.org/stkg/id/obs_rel_BTR80_K2BlackPanther_20260205T224442Z_491_c_d	http://example.org/stkg/objectEntity	http://example.org/stkg/id/platform_K2BlackPanther
http://example.org/stkg/id/obs_rel_BTR80_K2BlackPanther_20260205T224442Z_491_c_d	http://example.org/stkg/relationType	http://example.org/stkg/id/relation_ahead_of
http://example.org/stkg/id/obs_rel_BTR80_K2BlackPanther_20260205T224442Z_491_c_d	http://example.org/stkg/time	"2026-02-05T22:44:42Z"^^<http://www.w3.org/2001/XMLSchema#dateTime>
http://example.org/stkg/id/obs_rel_K2BlackPanther_BTR80_20260205T224442Z_491_d_c	http://www.w3.org/1999/02/22-rdf-syntax-ns#type	http://example.org/stkg/id/SpatialRelationObservation
http://example.org/stkg/id/obs_rel_K2BlackPanther_BTR80_20260205T224442Z_491_d_c	http://example.org/stkg/subjectEntity	http://example.org/stkg/id/platform_K2BlackPanther
http://example.org/stkg/id/obs_rel_K2BlackPanther_BTR80_20260205T224442Z_491_d_c	http://example.org/stkg/objectEntity	http://example.org/stkg/id/platform_BTR80
http://example.org/stkg/id/obs_rel_K2BlackPanther_BTR80_20260205T224442Z_491_d_c	http://example.org/stkg/relationType	http://example.org/stkg/id/relation_behind_of
http://example.org/stkg/id/obs_rel_K2BlackPanther_BTR80_20260205T224442Z_491_d_c	http://example.org/stkg/time	"2026-02-05T22:44:42Z"^^<http://www.w3.org/2001/XMLSchema#dateTime>
http://example.org/stkg/id/obs_rel_K2BlackPanther_T90_20260205T224442Z_491_d_e	http://www.w3.org/1999/02/22-rdf-syntax-ns#type	http://example.org/stkg/id/SpatialRelationObservation
http://example.org/stkg/id/obs_rel_K2BlackPanther_T90_20260205T224442Z_491_d_e	http://example.org/stkg/subjectEntity	http://example.org/stkg/id/platform_K2BlackPanther
http://example.org/stkg/id/obs_rel_K2BlackPanther_T90_20260205T224442Z_491_d_e	http://example.org/stkg/objectEntity	http://example.org/stkg/id/platform_T90
http://example.org/stkg/id/obs_rel_K2BlackPanther_T90_20260205T224442Z_491_d_e	http://example.org/stkg/relationType	http://example.org/stkg/id/relation_ahead_of
http://example.org/stkg/id/obs_rel_K2BlackPanther_T90_20260205T224442Z_491_d_e	http://example.org/stkg/time	"2026-02-05T22:44:42Z"^^<http://www.w3.org/2001/XMLSchema#dateTime>
http://example.org/stkg/id/obs_rel_T90_K2BlackPanther_20260205T224442Z_491_e_d	http://www.w3.org/1999/02/22-rdf-syntax-ns#type	http://example.org/stkg/id/SpatialRelationObservation
http://example.org/stkg/id/obs_rel_T90_K2BlackPanther_20260205T224442Z_491_e_d	http://example.org/stkg/subjectEntity	http://example.org/stkg/id/platform_T90
http://example.org/stkg/id/obs_rel_T90_K2BlackPanther_20260205T224442Z_491_e_d	http://example.org/stkg/objectEntity	http://example.org/stkg/id/platform_K2BlackPanther
http://example.org/stkg/id/obs_rel_T90_K2BlackPanther_20260205T224442Z_491_e_d	http://example.org/stkg/relationType	http://example.org/stkg/id/relation_behind_of
http://example.org/stkg/id/obs_rel_T90_K2BlackPanther_20260205T224442Z_491_e_d	http://example.org/stkg/time	"2026-02-05T22:44:42Z"^^<http://www.w3.org/2001/XMLSchema#dateTime>
http://example.org/stkg/id/obs_rel_BTR80_T90_20260205T224442Z_491_c_e	http://www.w3.org/1999/02/22-rdf-syntax-ns#type	http://example.org/stkg/id/SpatialRelationObservation
http://example.org/stkg/id/obs_rel_BTR80_T90_20260205T224442Z_491_c_e	http://example.org/stkg/subjectEntity	http://example.org/stkg/id/platform_BTR80
http://example.org/stkg/id/obs_rel_BTR80_T90_20260205T224442Z_491_c_e	http://example.org/stkg/objectEntity	http://example.org/stkg/id/platform_T90
http://example.org/stkg/id/obs_rel_BTR80_T90_20260205T224442Z_491_c_e	http://example.org/stkg/relationType	http://example.org/stkg/id/relation_ahead_of
http://example.org/stkg/id/obs_rel_BTR80_T90_20260205T224442Z_491_c_e	http://example.org/stkg/time	"2026-02-05T22:44:42Z"^^<http://www.w3.org/2001/XMLSchema#dateTime>
http://example.org/stkg/id/obs_rel_T90_BTR80_20260205T224442Z_491_e_c	http://www.w3.org/1999/02/22-rdf-syntax-ns#type	http://example.org/stkg/id/SpatialRelationObservation
http://example.org/stkg/id/obs_rel_T90_BTR80_20260205T224442Z_491_e_c	http://example.org/stkg/subjectEntity	http://example.org/stkg/id/platform_T90
http://example.org/stkg/id/obs_rel_T90_BTR80_20260205T224442Z_491_e_c	http://example.org/stkg/objectEntity	http://example.org/stkg/id/platform_BTR80
http://example.org/stkg/id/obs_rel_T90_BTR80_20260205T224442Z_491_e_c	http://example.org/stkg/relationType	http://example.org/stkg/id/relation_behind_of
http://example.org/stkg/id/obs_rel_T90_BTR80_20260205T224442Z_491_e_c	http://example.org/stkg/time	"2026-02-05T22:44:42Z"^^<http://www.w3.org/2001/XMLSchema#dateTime>
http://example.org/stkg/id/obs_rel_BTR80_K2BlackPanther_20260205T224443Z_492_c_d	http://www.w3.org/1999/02/22-rdf-syntax-ns#type	http://example.org/stkg/id/SpatialRelationObservation
http://example.org/stkg/id/obs_rel_BTR80_K2BlackPanther_20260205T224443Z_492_c_d	http://example.org/stkg/subjectEntity	http://example.org/stkg/id/platform_BTR80
http://example.org/stkg/id/obs_rel_BTR80_K2BlackPanther_20260205T224443Z_492_c_d	http://example.org/stkg/objectEntity	http://example.org/stkg/id/platform_K2BlackPanther
http://example.org/stkg/id/obs_rel_BTR80_K2BlackPanther_20260205T224443Z_492_c_d	http://example.org/stkg/relationType	http://example.org/stkg/id/relation_ahead_of
http://example.org/stkg/id/obs_rel_BTR80_K2BlackPanther_20260205T224443Z_492_c_d	http://example.org/stkg/time	"2026-02-05T22:44:43Z"^^<http://www.w3.org/2001/XMLSchema#dateTime>
http://example.org/stkg/id/obs_rel_K2BlackPanther_BTR80_20260205T224443Z_492_d_c	http://www.w3.org/1999/02/22-rdf-syntax-ns#type	http://example.org/stkg/id/SpatialRelationObservation
http://example.org/stkg/id/obs_rel_K2BlackPanther_BTR80_20260205T224443Z_492_d_c	http://example.org/stkg/subjectEntity	http://example.org/stkg/id/platform_K2BlackPanther
http://example.org/stkg/id/obs_rel_K2BlackPanther_BTR80_20260205T224443Z_492_d_c	http://example.org/stkg/objectEntity	http://example.org/stkg/id/platform_BTR80
http://example.org/stkg/id/obs_rel_K2BlackPanther_BTR80_20260205T224443Z_492_d_c	http://example.org/stkg/relationType	http://example.org/stkg/id/relation_behind_of
http://example.org/stkg/id/obs_rel_K2BlackPanther_BTR80_20260205T224443Z_492_d_c	http://example.org/stkg/time	"2026-02-05T22:44:43Z"^^<http://www.w3.org/2001/XMLSchema#dateTime>
http://example.org/stkg/id/obs_rel_K2BlackPanther_T90_20260205T224443Z_492_d_e	http://www.w3.org/1999/02/22-rdf-syntax-ns#type	http://example.org/stkg/id/SpatialRelationObservation
http://example.org/stkg/id/obs_rel_K2BlackPanther_T90_20260205T224443Z_492_d_e	http://example.org/stkg/subjectEntity	http://example.org/stkg/id/platform_K2BlackPanther
http://example.org/stkg/id/obs_rel_K2BlackPanther_T90_20260205T224443Z_492_d_e	http://example.org/stkg/objectEntity	http://example.org/stkg/id/platform_T90
http://example.org/stkg/id/obs_rel_K2BlackPanther_T90_20260205T224443Z_492_d_e	http://example.org/stkg/relationType	http://example.org/stkg/id/relation_ahead_of
http://example.org/stkg/id/obs_rel_K2BlackPanther_T90_20260205T224443Z_492_d_e	http://example.org/stkg/time	"2026-02-05T22:44:43Z"^^<http://www.w3.org/2001/XMLSchema#dateTime>
http://example.org/stkg/id/obs_rel_T90_K2BlackPanther_20260205T224443Z_492_e_d	http://www.w3.org/1999/02/22-rdf-syntax-ns#type	http://example.org/stkg/id/SpatialRelationObservation
http://example.org/stkg/id/obs_rel_T90_K2BlackPanther_20260205T224443Z_492_e_d	http://example.org/stkg/subjectEntity	http://example.org/stkg/id/platform_T90
http://example.org/stkg/id/obs_rel_T90_K2BlackPanther_20260205T224443Z_492_e_d	http://example.org/stkg/objectEntity	http://example.org/stkg/id/platform_K2BlackPanther
http://example.org/stkg/id/obs_rel_T90_K2BlackPanther_20260205T224443Z_492_e_d	http://example.org/stkg/relationType	http://example.org/stkg/id/relation_behind_of
http://example.org/stkg/id/obs_rel_T90_K2BlackPanther_20260205T224443Z_492_e_d	http://example.org/stkg/time	"2026-02-05T22:44:43Z"^^<http://www.w3.org/2001/XMLSchema#dateTime>
http://example.org/stkg/id/obs_rel_BTR80_T90_20260205T224443Z_492_c_e	http://www.w3.org/1999/02/22-rdf-syntax-ns#type	http://example.org/stkg/id/SpatialRelationObservation
http://example.org/stkg/id/obs_rel_BTR80_T90_20260205T224443Z_492_c_e	http://example.org/stkg/subjectEntity	http://example.org/stkg/id/platform_BTR80
http://example.org/stkg/id/obs_rel_BTR80_T90_20260205T224443Z_492_c_e	http://example.org/stkg/objectEntity	http://example.org/stkg/id/platform_T90
http://example.org/stkg/id/obs_rel_BTR80_T90_20260205T224443Z_492_c_e	http://example.org/stkg/relationType	http://example.org/stkg/id/relation_ahead_of
http://example.org/stkg/id/obs_rel_BTR80_T90_20260205T224443Z_492_c_e	http://example.org/stkg/time	"2026-02-05T22:44:43Z"^^<http://www.w3.org/2001/XMLSchema#dateTime>
http://example.org/stkg/id/obs_rel_T90_BTR80_20260205T224443Z_492_e_c	http://www.w3.org/1999/02/22-rdf-syntax-ns#type	http://example.org/stkg/id/SpatialRelationObservation
http://example.org/stkg/id/obs_rel_T90_BTR80_20260205T224443Z_492_e_c	http://example.org/stkg/subjectEntity	http://example.org/stkg/id/platform_T90
http://example.org/stkg/id/obs_rel_T90_BTR80_20260205T224443Z_492_e_c	http://example.org/stkg/objectEntity	http://example.org/stkg/id/platform_BTR80
http://example.org/stkg/id/obs_rel_T90_BTR80_20260205T224443Z_492_e_c	http://example.org/stkg/relationType	http://example.org/stkg/id/relation_behind_of
http://example.org/stkg/id/obs_rel_T90_BTR80_20260205T224443Z_492_e_c	http://example.org/stkg/time	"2026-02-05T22:44:43Z"^^<http://www.w3.org/2001/XMLSchema#dateTime>
http://example.org/stkg/id/obs_rel_BTR80_K2BlackPanther_20260205T224444Z_493_c_d	http://www.w3.org/1999/02/22-rdf-syntax-ns#type	http://example.org/stkg/id/SpatialRelationObservation
http://example.org/stkg/id/obs_rel_BTR80_K2BlackPanther_20260205T224444Z_493_c_d	http://example.org/stkg/subjectEntity	http://example.org/stkg/id/platform_BTR80
http://example.org/stkg/id/obs_rel_BTR80_K2BlackPanther_20260205T224444Z_493_c_d	http://example.org/stkg/objectEntity	http://example.org/stkg/id/platform_K2BlackPanther
http://example.org/stkg/id/obs_rel_BTR80_K2BlackPanther_20260205T224444Z_493_c_d	http://example.org/stkg/relationType	http://example.org/stkg/id/relation_ahead_of
http://example.org/stkg/id/obs_rel_BTR80_K2BlackPanther_20260205T224444Z_493_c_d	http://example.org/stkg/time	"2026-02-05T22:44:44Z"^^<http://www.w3.org/2001/XMLSchema#dateTime>
http://example.org/stkg/id/obs_rel_K2BlackPanther_BTR80_20260205T224444Z_493_d_c	http://www.w3.org/1999/02/22-rdf-syntax-ns#type	http://example.org/stkg/id/SpatialRelationObservation
http://example.org/stkg/id/obs_rel_K2BlackPanther_BTR80_20260205T224444Z_493_d_c	http://example.org/stkg/subjectEntity	http://example.org/stkg/id/platform_K2BlackPanther
http://example.org/stkg/id/obs_rel_K2BlackPanther_BTR80_20260205T224444Z_493_d_c	http://example.org/stkg/objectEntity	http://example.org/stkg/id/platform_BTR80
http://example.org/stkg/id/obs_rel_K2BlackPanther_BTR80_20260205T224444Z_493_d_c	http://example.org/stkg/relationType	http://example.org/stkg/id/relation_behind_of
http://example.org/stkg/id/obs_rel_K2BlackPanther_BTR80_20260205T224444Z_493_d_c	http://example.org/stkg/time	"2026-02-05T22:44:44Z"^^<http://www.w3.org/2001/XMLSchema#dateTime>
http://example.org/stkg/id/obs_rel_K2BlackPanther_T90_20260205T224444Z_493_d_e	http://www.w3.org/1999/02/22-rdf-syntax-ns#type	http://example.org/stkg/id/SpatialRelationObservation
http://example.org/stkg/id/obs_rel_K2BlackPanther_T90_20260205T224444Z_493_d_e	http://example.org/stkg/subjectEntity	http://example.org/stkg/id/platform_K2BlackPanther
http://example.org/stkg/id/obs_rel_K2BlackPanther_T90_20260205T224444Z_493_d_e	http://example.org/stkg/objectEntity	http://example.org/stkg/id/platform_T90
http://example.org/stkg/id/obs_rel_K2BlackPanther_T90_20260205T224444Z_493_d_e	http://example.org/stkg/relationType	http://example.org/stkg/id/relation_ahead_of
http://example.org/stkg/id/obs_rel_K2BlackPanther_T90_20260205T224444Z_493_d_e	http://example.org/stkg/time	"2026-02-05T22:44:44Z"^^<http://www.w3.org/2001/XMLSchema#dateTime>
http://example.org/stkg/id/obs_rel_T90_K2BlackPanther_20260205T224444Z_493_e_d	http://www.w3.org/1999/02/22-rdf-syntax-ns#type	http://example.org/stkg/id/SpatialRelationObservation
http://example.org/stkg/id/obs_rel_T90_K2BlackPanther_20260205T224444Z_493_e_d	http://example.org/stkg/subjectEntity	http://example.org/stkg/id/platform_T90
http://example.org/stkg/id/obs_rel_T90_K2BlackPanther_20260205T224444Z_493_e_d	http://example.org/stkg/objectEntity	http://example.org/stkg/id/platform_K2BlackPanther
http://example.org/stkg/id/obs_rel_T90_K2BlackPanther_20260205T224444Z_493_e_d	http://example.org/stkg/relationType	http://example.org/stkg/id/relation_behind_of
http://example.org/stkg/id/obs_rel_T90_K2BlackPanther_20260205T224444Z_493_e_d	http://example.org/stkg/time	"2026-02-05T22:44:44Z"^^<http://www.w3.org/2001/XMLSchema#dateTime>
http://example.org/stkg/id/obs_rel_BTR80_T90_20260205T224444Z_493_c_e	http://www.w3.org/1999/02/22-rdf-syntax-ns#type	http://example.org/stkg/id/SpatialRelationObservation
http://example.org/stkg/id/obs_rel_BTR80_T90_20260205T224444Z_493_c_e	http://example.org/stkg/subjectEntity	http://example.org/stkg/id/platform_BTR80
http://example.org/stkg/id/obs_rel_BTR80_T90_20260205T224444Z_493_c_e	http://example.org/stkg/objectEntity	http://example.org/stkg/id/platform_T90
http://example.org/stkg/id/obs_rel_BTR80_T90_20260205T224444Z_493_c_e	http://example.org/stkg/relationType	http://example.org/stkg/id/relation_ahead_of
http://example.org/stkg/id/obs_rel_BTR80_T90_20260205T224444Z_493_c_e	http://example.org/stkg/time	"2026-02-05T22:44:44Z"^^<http://www.w3.org/2001/XMLSchema#dateTime>
http://example.org/stkg/id/obs_rel_T90_BTR80_20260205T224444Z_493_e_c	http://www.w3.org/1999/02/22-rdf-syntax-ns#type	http://example.org/stkg/id/SpatialRelationObservation
http://example.org/stkg/id/obs_rel_T90_BTR80_20260205T224444Z_493_e_c	http://example.org/stkg/subjectEntity	http://example.org/stkg/id/platform_T90
http://example.org/stkg/id/obs_rel_T90_BTR80_20260205T224444Z_493_e_c	http://example.org/stkg/objectEntity	http://example.org/stkg/id/platform_BTR80
http://example.org/stkg/id/obs_rel_T90_BTR80_20260205T224444Z_493_e_c	http://example.org/stkg/relationType	http://example.org/stkg/id/relation_behind_of
http://example.org/stkg/id/obs_rel_T90_BTR80_20260205T224444Z_493_e_c	http://example.org/stkg/time	"2026-02-05T22:44:44Z"^^<http://www.w3.org/2001/XMLSchema#dateTime>
http://example.org/stkg/id/obs_rel_BTR80_K2BlackPanther_20260205T224445Z_494_c_d	http://www.w3.org/1999/02/22-rdf-syntax-ns#type	http://example.org/stkg/id/SpatialRelationObservation
http://example.org/stkg/id/obs_rel_BTR80_K2BlackPanther_20260205T224445Z_494_c_d	http://example.org/stkg/subjectEntity	http://example.org/stkg/id/platform_BTR80
http://example.org/stkg/id/obs_rel_BTR80_K2BlackPanther_20260205T224445Z_494_c_d	http://example.org/stkg/objectEntity	http://example.org/stkg/id/platform_K2BlackPanther
http://example.org/stkg/id/obs_rel_BTR80_K2BlackPanther_20260205T224445Z_494_c_d	http://example.org/stkg/relationType	http://example.org/stkg/id/relation_ahead_of
http://example.org/stkg/id/obs_rel_BTR80_K2BlackPanther_20260205T224445Z_494_c_d	http://example.org/stkg/time	"2026-02-05T22:44:45Z"^^<http://www.w3.org/2001/XMLSchema#dateTime>
http://example.org/stkg/id/obs_rel_K2BlackPanther_BTR80_20260205T224445Z_494_d_c	http://www.w3.org/1999/02/22-rdf-syntax-ns#type	http://example.org/stkg/id/SpatialRelationObservation
http://example.org/stkg/id/obs_rel_K2BlackPanther_BTR80_20260205T224445Z_494_d_c	http://example.org/stkg/subjectEntity	http://example.org/stkg/id/platform_K2BlackPanther
http://example.org/stkg/id/obs_rel_K2BlackPanther_BTR80_20260205T224445Z_494_d_c	http://example.org/stkg/objectEntity	http://example.org/stkg/id/platform_BTR80
http://example.org/stkg/id/obs_rel_K2BlackPanther_BTR80_20260205T224445Z_494_d_c	http://example.org/stkg/relationType	http://example.org/stkg/id/relation_behind_of
http://example.org/stkg/id/obs_rel_K2BlackPanther_BTR80_20260205T224445Z_494_d_c	http://example.org/stkg/time	"2026-02-05T22:44:45Z"^^<http://www.w3.org/2001/XMLSchema#dateTime>
http://example.org/stkg/id/obs_rel_K2BlackPanther_T90_20260205T224445Z_494_d_e	http://www.w3.org/1999/02/22-rdf-syntax-ns#type	http://example.org/stkg/id/SpatialRelationObservation
http://example.org/stkg/id/obs_rel_K2BlackPanther_T90_20260205T224445Z_494_d_e	http://example.org/stkg/subjectEntity	http://example.org/stkg/id/platform_K2BlackPanther
http://example.org/stkg/id/obs_rel_K2BlackPanther_T90_20260205T224445Z_494_d_e	http://example.org/stkg/objectEntity	http://example.org/stkg/id/platform_T90
http://example.org/stkg/id/obs_rel_K2BlackPanther_T90_20260205T224445Z_494_d_e	http://example.org/stkg/relationType	http://example.org/stkg/id/relation_ahead_of
http://example.org/stkg/id/obs_rel_K2BlackPanther_T90_20260205T224445Z_494_d_e	http://example.org/stkg/time	"2026-02-05T22:44:45Z"^^<http://www.w3.org/2001/XMLSchema#dateTime>
http://example.org/stkg/id/obs_rel_T90_K2BlackPanther_20260205T224445Z_494_e_d	http://www.w3.org/1999/02/22-rdf-syntax-ns#type	http://example.org/stkg/id/SpatialRelationObservation
http://example.org/stkg/id/obs_rel_T90_K2BlackPanther_20260205T224445Z_494_e_d	http://example.org/stkg/subjectEntity	http://example.org/stkg/id/platform_T90
http://example.org/stkg/id/obs_rel_T90_K2BlackPanther_20260205T224445Z_494_e_d	http://example.org/stkg/objectEntity	http://example.org/stkg/id/platform_K2BlackPanther
http://example.org/stkg/id/obs_rel_T90_K2BlackPanther_20260205T224445Z_494_e_d	http://example.org/stkg/relationType	http://example.org/stkg/id/relation_behind_of
http://example.org/stkg/id/obs_rel_T90_K2BlackPanther_20260205T224445Z_494_e_d	http://example.org/stkg/time	"2026-02-05T22:44:45Z"^^<http://www.w3.org/2001/XMLSchema#dateTime>
http://example.org/stkg/id/obs_rel_BTR80_T90_20260205T224445Z_494_c_e	http://www.w3.org/1999/02/22-rdf-syntax-ns#type	http://example.org/stkg/id/SpatialRelationObservation
http://example.org/stkg/id/obs_rel_BTR80_T90_20260205T224445Z_494_c_e	http://example.org/stkg/subjectEntity	http://example.org/stkg/id/platform_BTR80
http://example.org/stkg/id/obs_rel_BTR80_T90_20260205T224445Z_494_c_e	http://example.org/stkg/objectEntity	http://example.org/stkg/id/platform_T90
http://example.org/stkg/id/obs_rel_BTR80_T90_20260205T224445Z_494_c_e	http://example.org/stkg/relationType	http://example.org/stkg/id/relation_ahead_of
http://example.org/stkg/id/obs_rel_BTR80_T90_20260205T224445Z_494_c_e	http://example.org/stkg/time	"2026-02-05T22:44:45Z"^^<http://www.w3.org/2001/XMLSchema#dateTime>
http://example.org/stkg/id/obs_rel_T90_BTR80_20260205T224445Z_494_e_c	http://www.w3.org/1999/02/22-rdf-syntax-ns#type	http://example.org/stkg/id/SpatialRelationObservation
http://example.org/stkg/id/obs_rel_T90_BTR80_20260205T224445Z_494_e_c	http://example.org/stkg/subjectEntity	http://example.org/stkg/id/platform_T90
http://example.org/stkg/id/obs_rel_T90_BTR80_20260205T224445Z_494_e_c	http://example.org/stkg/objectEntity	http://example.org/stkg/id/platform_BTR80
http://example.org/stkg/id/obs_rel_T90_BTR80_20260205T224445Z_494_e_c	http://example.org/stkg/relationType	http://example.org/stkg/id/relation_behind_of
http://example.org/stkg/id/obs_rel_T90_BTR80_20260205T224445Z_494_e_c	http://example.org/stkg/time	"2026-02-05T22:44:45Z"^^<http://www.w3.org/2001/XMLSchema#dateTime>
http://example.org/stkg/id/obs_rel_BTR80_K2BlackPanther_20260205T224446Z_495_c_d	http://www.w3.org/1999/02/22-rdf-syntax-ns#type	http://example.org/stkg/id/SpatialRelationObservation
http://example.org/stkg/id/obs_rel_BTR80_K2BlackPanther_20260205T224446Z_495_c_d	http://example.org/stkg/subjectEntity	http://example.org/stkg/id/platform_BTR80
http://example.org/stkg/id/obs_rel_BTR80_K2BlackPanther_20260205T224446Z_495_c_d	http://example.org/stkg/objectEntity	http://example.org/stkg/id/platform_K2BlackPanther
http://example.org/stkg/id/obs_rel_BTR80_K2BlackPanther_20260205T224446Z_495_c_d	http://example.org/stkg/relationType	http://example.org/stkg/id/relation_ahead_of
http://example.org/stkg/id/obs_rel_BTR80_K2BlackPanther_20260205T224446Z_495_c_d	http://example.org/stkg/time	"2026-02-05T22:44:46Z"^^<http://www.w3.org/2001/XMLSchema#dateTime>
http://example.org/stkg/id/obs_rel_K2BlackPanther_BTR80_20260205T224446Z_495_d_c	http://www.w3.org/1999/02/22-rdf-syntax-ns#type	http://example.org/stkg/id/SpatialRelationObservation
http://example.org/stkg/id/obs_rel_K2BlackPanther_BTR80_20260205T224446Z_495_d_c	http://example.org/stkg/subjectEntity	http://example.org/stkg/id/platform_K2BlackPanther
http://example.org/stkg/id/obs_rel_K2BlackPanther_BTR80_20260205T224446Z_495_d_c	http://example.org/stkg/objectEntity	http://example.org/stkg/id/platform_BTR80
http://example.org/stkg/id/obs_rel_K2BlackPanther_BTR80_20260205T224446Z_495_d_c	http://example.org/stkg/relationType	http://example.org/stkg/id/relation_behind_of
http://example.org/stkg/id/obs_rel_K2BlackPanther_BTR80_20260205T224446Z_495_d_c	http://example.org/stkg/time	"2026-02-05T22:44:46Z"^^<http://www.w3.org/2001/XMLSchema#dateTime>
http://example.org/stkg/id/obs_rel_K2BlackPanther_T90_20260205T224446Z_495_d_e	http://www.w3.org/1999/02/22-rdf-syntax-ns#type	http://example.org/stkg/id/SpatialRelationObservation
http://example.org/stkg/id/obs_rel_K2BlackPanther_T90_20260205T224446Z_495_d_e	http://example.org/stkg/subjectEntity	http://example.org/stkg/id/platform_K2BlackPanther
http://example.org/stkg/id/obs_rel_K2BlackPanther_T90_20260205T224446Z_495_d_e	http://example.org/stkg/objectEntity	http://example.org/stkg/id/platform_T90
http://example.org/stkg/id/obs_rel_K2BlackPanther_T90_20260205T224446Z_495_d_e	http://example.org/stkg/relationType	http://example.org/stkg/id/relation_ahead_of
http://example.org/stkg/id/obs_rel_K2BlackPanther_T90_20260205T224446Z_495_d_e	http://example.org/stkg/time	"2026-02-05T22:44:46Z"^^<http://www.w3.org/2001/XMLSchema#dateTime>
http://example.org/stkg/id/obs_rel_T90_K2BlackPanther_20260205T224446Z_495_e_d	http://www.w3.org/1999/02/22-rdf-syntax-ns#type	http://example.org/stkg/id/SpatialRelationObservation
http://example.org/stkg/id/obs_rel_T90_K2BlackPanther_20260205T224446Z_495_e_d	http://example.org/stkg/subjectEntity	http://example.org/stkg/id/platform_T90
http://example.org/stkg/id/obs_rel_T90_K2BlackPanther_20260205T224446Z_495_e_d	http://example.org/stkg/objectEntity	http://example.org/stkg/id/platform_K2BlackPanther
http://example.org/stkg/id/obs_rel_T90_K2BlackPanther_20260205T224446Z_495_e_d	http://example.org/stkg/relationType	http://example.org/stkg/id/relation_behind_of
http://example.org/stkg/id/obs_rel_T90_K2BlackPanther_20260205T224446Z_495_e_d	http://example.org/stkg/time	"2026-02-05T22:44:46Z"^^<http://www.w3.org/2001/XMLSchema#dateTime>
http://example.org/stkg/id/obs_rel_BTR80_T90_20260205T224446Z_495_c_e	http://www.w3.org/1999/02/22-rdf-syntax-ns#type	http://example.org/stkg/id/SpatialRelationObservation
http://example.org/stkg/id/obs_rel_BTR80_T90_20260205T224446Z_495_c_e	http://example.org/stkg/subjectEntity	http://example.org/stkg/id/platform_BTR80
http://example.org/stkg/id/obs_rel_BTR80_T90_20260205T224446Z_495_c_e	http://example.org/stkg/objectEntity	http://example.org/stkg/id/platform_T90
http://example.org/stkg/id/obs_rel_BTR80_T90_20260205T224446Z_495_c_e	http://example.org/stkg/relationType	http://example.org/stkg/id/relation_ahead_of
http://example.org/stkg/id/obs_rel_BTR80_T90_20260205T224446Z_495_c_e	http://example.org/stkg/time	"2026-02-05T22:44:46Z"^^<http://www.w3.org/2001/XMLSchema#dateTime>
http://example.org/stkg/id/obs_rel_T90_BTR80_20260205T224446Z_495_e_c	http://www.w3.org/1999/02/22-rdf-syntax-ns#type	http://example.org/stkg/id/SpatialRelationObservation
http://example.org/stkg/id/obs_rel_T90_BTR80_20260205T224446Z_495_e_c	http://example.org/stkg/subjectEntity	http://example.org/stkg/id/platform_T90
http://example.org/stkg/id/obs_rel_T90_BTR80_20260205T224446Z_495_e_c	http://example.org/stkg/objectEntity	http://example.org/stkg/id/platform_BTR80
http://example.org/stkg/id/obs_rel_T90_BTR80_20260205T224446Z_495_e_c	http://example.org/stkg/relationType	http://example.org/stkg/id/relation_behind_of
http://example.org/stkg/id/obs_rel_T90_BTR80_20260205T224446Z_495_e_c	http://example.org/stkg/time	"2026-02-05T22:44:46Z"^^<http://www.w3.org/2001/XMLSchema#dateTime>
http://example.org/stkg/id/obs_rel_BTR80_K2BlackPanther_20260205T224447Z_496_c_d	http://www.w3.org/1999/02/22-rdf-syntax-ns#type	http://example.org/stkg/id/SpatialRelationObservation
http://example.org/stkg/id/obs_rel_BTR80_K2BlackPanther_20260205T224447Z_496_c_d	http://example.org/stkg/subjectEntity	http://example.org/stkg/id/platform_BTR80
http://example.org/stkg/id/obs_rel_BTR80_K2BlackPanther_20260205T224447Z_496_c_d	http://example.org/stkg/objectEntity	http://example.org/stkg/id/platform_K2BlackPanther
http://example.org/stkg/id/obs_rel_BTR80_K2BlackPanther_20260205T224447Z_496_c_d	http://example.org/stkg/relationType	http://example.org/stkg/id/relation_ahead_of
http://example.org/stkg/id/obs_rel_BTR80_K2BlackPanther_20260205T224447Z_496_c_d	http://example.org/stkg/time	"2026-02-05T22:44:47Z"^^<http://www.w3.org/2001/XMLSchema#dateTime>
http://example.org/stkg/id/obs_rel_K2BlackPanther_BTR80_20260205T224447Z_496_d_c	http://www.w3.org/1999/02/22-rdf-syntax-ns#type	http://example.org/stkg/id/SpatialRelationObservation
http://example.org/stkg/id/obs_rel_K2BlackPanther_BTR80_20260205T224447Z_496_d_c	http://example.org/stkg/subjectEntity	http://example.org/stkg/id/platform_K2BlackPanther
http://example.org/stkg/id/obs_rel_K2BlackPanther_BTR80_20260205T224447Z_496_d_c	http://example.org/stkg/objectEntity	http://example.org/stkg/id/platform_BTR80
http://example.org/stkg/id/obs_rel_K2BlackPanther_BTR80_20260205T224447Z_496_d_c	http://example.org/stkg/relationType	http://example.org/stkg/id/relation_behind_of
http://example.org/stkg/id/obs_rel_K2BlackPanther_BTR80_20260205T224447Z_496_d_c	http://example.org/stkg/time	"2026-02-05T22:44:47Z"^^<http://www.w3.org/2001/XMLSchema#dateTime>
http://example.org/stkg/id/obs_rel_K2BlackPanther_T90_20260205T224447Z_496_d_e	http://www.w3.org/1999/02/22-rdf-syntax-ns#type	http://example.org/stkg/id/SpatialRelationObservation
http://example.org/stkg/id/obs_rel_K2BlackPanther_T90_20260205T224447Z_496_d_e	http://example.org/stkg/subjectEntity	http://example.org/stkg/id/platform_K2BlackPanther
http://example.org/stkg/id/obs_rel_K2BlackPanther_T90_20260205T224447Z_496_d_e	http://example.org/stkg/objectEntity	http://example.org/stkg/id/platform_T90
http://example.org/stkg/id/obs_rel_K2BlackPanther_T90_20260205T224447Z_496_d_e	http://example.org/stkg/relationType	http://example.org/stkg/id/relation_ahead_of
http://example.org/stkg/id/obs_rel_K2BlackPanther_T90_20260205T224447Z_496_d_e	http://example.org/stkg/time	"2026-02-05T22:44:47Z"^^<http://www.w3.org/2001/XMLSchema#dateTime>
http://example.org/stkg/id/obs_rel_T90_K2BlackPanther_20260205T224447Z_496_e_d	http://www.w3.org/1999/02/22-rdf-syntax-ns#type	http://example.org/stkg/id/SpatialRelationObservation
http://example.org/stkg/id/obs_rel_T90_K2BlackPanther_20260205T224447Z_496_e_d	http://example.org/stkg/subjectEntity	http://example.org/stkg/id/platform_T90
http://example.org/stkg/id/obs_rel_T90_K2BlackPanther_20260205T224447Z_496_e_d	http://example.org/stkg/objectEntity	http://example.org/stkg/id/platform_K2BlackPanther
http://example.org/stkg/id/obs_rel_T90_K2BlackPanther_20260205T224447Z_496_e_d	http://example.org/stkg/relationType	http://example.org/stkg/id/relation_behind_of
http://example.org/stkg/id/obs_rel_T90_K2BlackPanther_20260205T224447Z_496_e_d	http://example.org/stkg/time	"2026-02-05T22:44:47Z"^^<http://www.w3.org/2001/XMLSchema#dateTime>
http://example.org/stkg/id/obs_rel_BTR80_T90_20260205T224447Z_496_c_e	http://www.w3.org/1999/02/22-rdf-syntax-ns#type	http://example.org/stkg/id/SpatialRelationObservation
http://example.org/stkg/id/obs_rel_BTR80_T90_20260205T224447Z_496_c_e	http://example.org/stkg/subjectEntity	http://example.org/stkg/id/platform_BTR80
http://example.org/stkg/id/obs_rel_BTR80_T90_20260205T224447Z_496_c_e	http://example.org/stkg/objectEntity	http://example.org/stkg/id/platform_T90
http://example.org/stkg/id/obs_rel_BTR80_T90_20260205T224447Z_496_c_e	http://example.org/stkg/relationType	http://example.org/stkg/id/relation_ahead_of
http://example.org/stkg/id/obs_rel_BTR80_T90_20260205T224447Z_496_c_e	http://example.org/stkg/time	"2026-02-05T22:44:47Z"^^<http://www.w3.org/2001/XMLSchema#dateTime>
http://example.org/stkg/id/obs_rel_T90_BTR80_20260205T224447Z_496_e_c	http://www.w3.org/1999/02/22-rdf-syntax-ns#type	http://example.org/stkg/id/SpatialRelationObservation
http://example.org/stkg/id/obs_rel_T90_BTR80_20260205T224447Z_496_e_c	http://example.org/stkg/subjectEntity	http://example.org/stkg/id/platform_T90
http://example.org/stkg/id/obs_rel_T90_BTR80_20260205T224447Z_496_e_c	http://example.org/stkg/objectEntity	http://example.org/stkg/id/platform_BTR80
http://example.org/stkg/id/obs_rel_T90_BTR80_20260205T224447Z_496_e_c	http://example.org/stkg/relationType	http://example.org/stkg/id/relation_behind_of
http://example.org/stkg/id/obs_rel_T90_BTR80_20260205T224447Z_496_e_c	http://example.org/stkg/time	"2026-02-05T22:44:47Z"^^<http://www.w3.org/2001/XMLSchema#dateTime>
http://example.org/stkg/id/obs_rel_BTR80_K2BlackPanther_20260205T224448Z_497_c_d	http://www.w3.org/1999/02/22-rdf-syntax-ns#type	http://example.org/stkg/id/SpatialRelationObservation
http://example.org/stkg/id/obs_rel_BTR80_K2BlackPanther_20260205T224448Z_497_c_d	http://example.org/stkg/subjectEntity	http://example.org/stkg/id/platform_BTR80
http://example.org/stkg/id/obs_rel_BTR80_K2BlackPanther_20260205T224448Z_497_c_d	http://example.org/stkg/objectEntity	http://example.org/stkg/id/platform_K2BlackPanther
http://example.org/stkg/id/obs_rel_BTR80_K2BlackPanther_20260205T224448Z_497_c_d	http://example.org/stkg/relationType	http://example.org/stkg/id/relation_ahead_of
http://example.org/stkg/id/obs_rel_BTR80_K2BlackPanther_20260205T224448Z_497_c_d	http://example.org/stkg/time	"2026-02-05T22:44:48Z"^^<http://www.w3.org/2001/XMLSchema#dateTime>
http://example.org/stkg/id/obs_rel_K2BlackPanther_BTR80_20260205T224448Z_497_d_c	http://www.w3.org/1999/02/22-rdf-syntax-ns#type	http://example.org/stkg/id/SpatialRelationObservation
http://example.org/stkg/id/obs_rel_K2BlackPanther_BTR80_20260205T224448Z_497_d_c	http://example.org/stkg/subjectEntity	http://example.org/stkg/id/platform_K2BlackPanther
http://example.org/stkg/id/obs_rel_K2BlackPanther_BTR80_20260205T224448Z_497_d_c	http://example.org/stkg/objectEntity	http://example.org/stkg/id/platform_BTR80
http://example.org/stkg/id/obs_rel_K2BlackPanther_BTR80_20260205T224448Z_497_d_c	http://example.org/stkg/relationType	http://example.org/stkg/id/relation_behind_of
http://example.org/stkg/id/obs_rel_K2BlackPanther_BTR80_20260205T224448Z_497_d_c	http://example.org/stkg/time	"2026-02-05T22:44:48Z"^^<http://www.w3.org/2001/XMLSchema#dateTime>
http://example.org/stkg/id/obs_rel_K2BlackPanther_T90_20260205T224448Z_497_d_e	http://www.w3.org/1999/02/22-rdf-syntax-ns#type	http://example.org/stkg/id/SpatialRelationObservation
http://example.org/stkg/id/obs_rel_K2BlackPanther_T90_20260205T224448Z_497_d_e	http://example.org/stkg/subjectEntity	http://example.org/stkg/id/platform_K2BlackPanther
http://example.org/stkg/id/obs_rel_K2BlackPanther_T90_20260205T224448Z_497_d_e	http://example.org/stkg/objectEntity	http://example.org/stkg/id/platform_T90
http://example.org/stkg/id/obs_rel_K2BlackPanther_T90_20260205T224448Z_497_d_e	http://example.org/stkg/relationType	http://example.org/stkg/id/relation_ahead_of
http://example.org/stkg/id/obs_rel_K2BlackPanther_T90_20260205T224448Z_497_d_e	http://example.org/stkg/time	"2026-02-05T22:44:48Z"^^<http://www.w3.org/2001/XMLSchema#dateTime>
http://example.org/stkg/id/obs_rel_T90_K2BlackPanther_20260205T224448Z_497_e_d	http://www.w3.org/1999/02/22-rdf-syntax-ns#type	http://example.org/stkg/id/SpatialRelationObservation
http://example.org/stkg/id/obs_rel_T90_K2BlackPanther_20260205T224448Z_497_e_d	http://example.org/stkg/subjectEntity	http://example.org/stkg/id/platform_T90
http://example.org/stkg/id/obs_rel_T90_K2BlackPanther_20260205T224448Z_497_e_d	http://example.org/stkg/objectEntity	http://example.org/stkg/id/platform_K2BlackPanther
http://example.org/stkg/id/obs_rel_T90_K2BlackPanther_20260205T224448Z_497_e_d	http://example.org/stkg/relationType	http://example.org/stkg/id/relation_behind_of
http://example.org/stkg/id/obs_rel_T90_K2BlackPanther_20260205T224448Z_497_e_d	http://example.org/stkg/time	"2026-02-05T22:44:48Z"^^<http://www.w3.org/2001/XMLSchema#dateTime>
http://example.org/stkg/id/obs_rel_BTR80_T90_20260205T224448Z_497_c_e	http://www.w3.org/1999/02/22-rdf-syntax-ns#type	http://example.org/stkg/id/SpatialRelationObservation
http://example.org/stkg/id/obs_rel_BTR80_T90_20260205T224448Z_497_c_e	http://example.org/stkg/subjectEntity	http://example.org/stkg/id/platform_BTR80
http://example.org/stkg/id/obs_rel_BTR80_T90_20260205T224448Z_497_c_e	http://example.org/stkg/objectEntity	http://example.org/stkg/id/platform_T90
http://example.org/stkg/id/obs_rel_BTR80_T90_20260205T224448Z_497_c_e	http://example.org/stkg/relationType	http://example.org/stkg/id/relation_ahead_of
http://example.org/stkg/id/obs_rel_BTR80_T90_20260205T224448Z_497_c_e	http://example.org/stkg/time	"2026-02-05T22:44:48Z"^^<http://www.w3.org/2001/XMLSchema#dateTime>
http://example.org/stkg/id/obs_rel_T90_BTR80_20260205T224448Z_497_e_c	http://www.w3.org/1999/02/22-rdf-syntax-ns#type	http://example.org/stkg/id/SpatialRelationObservation
http://example.org/stkg/id/obs_rel_T90_BTR80_20260205T224448Z_497_e_c	http://example.org/stkg/subjectEntity	http://example.org/stkg/id/platform_T90
http://example.org/stkg/id/obs_rel_T90_BTR80_20260205T224448Z_497_e_c	http://example.org/stkg/objectEntity	http://example.org/stkg/id/platform_BTR80
http://example.org/stkg/id/obs_rel_T90_BTR80_20260205T224448Z_497_e_c	http://example.org/stkg/relationType	http://example.org/stkg/id/relation_behind_of
http://example.org/stkg/id/obs_rel_T90_BTR80_20260205T224448Z_497_e_c	http://example.org/stkg/time	"2026-02-05T22:44:48Z"^^<http://www.w3.org/2001/XMLSchema#dateTime>
http://example.org/stkg/id/obs_rel_BTR80_K2BlackPanther_20260205T224449Z_498_c_d	http://www.w3.org/1999/02/22-rdf-syntax-ns#type	http://example.org/stkg/id/SpatialRelationObservation
http://example.org/stkg/id/obs_rel_BTR80_K2BlackPanther_20260205T224449Z_498_c_d	http://example.org/stkg/subjectEntity	http://example.org/stkg/id/platform_BTR80
http://example.org/stkg/id/obs_rel_BTR80_K2BlackPanther_20260205T224449Z_498_c_d	http://example.org/stkg/objectEntity	http://example.org/stkg/id/platform_K2BlackPanther
http://example.org/stkg/id/obs_rel_BTR80_K2BlackPanther_20260205T224449Z_498_c_d	http://example.org/stkg/relationType	http://example.org/stkg/id/relation_ahead_of
http://example.org/stkg/id/obs_rel_BTR80_K2BlackPanther_20260205T224449Z_498_c_d	http://example.org/stkg/time	"2026-02-05T22:44:49Z"^^<http://www.w3.org/2001/XMLSchema#dateTime>
http://example.org/stkg/id/obs_rel_K2BlackPanther_BTR80_20260205T224449Z_498_d_c	http://www.w3.org/1999/02/22-rdf-syntax-ns#type	http://example.org/stkg/id/SpatialRelationObservation
http://example.org/stkg/id/obs_rel_K2BlackPanther_BTR80_20260205T224449Z_498_d_c	http://example.org/stkg/subjectEntity	http://example.org/stkg/id/platform_K2BlackPanther
http://example.org/stkg/id/obs_rel_K2BlackPanther_BTR80_20260205T224449Z_498_d_c	http://example.org/stkg/objectEntity	http://example.org/stkg/id/platform_BTR80
http://example.org/stkg/id/obs_rel_K2BlackPanther_BTR80_20260205T224449Z_498_d_c	http://example.org/stkg/relationType	http://example.org/stkg/id/relation_behind_of
http://example.org/stkg/id/obs_rel_K2BlackPanther_BTR80_20260205T224449Z_498_d_c	http://example.org/stkg/time	"2026-02-05T22:44:49Z"^^<http://www.w3.org/2001/XMLSchema#dateTime>
http://example.org/stkg/id/obs_rel_K2BlackPanther_T90_20260205T224449Z_498_d_e	http://www.w3.org/1999/02/22-rdf-syntax-ns#type	http://example.org/stkg/id/SpatialRelationObservation
http://example.org/stkg/id/obs_rel_K2BlackPanther_T90_20260205T224449Z_498_d_e	http://example.org/stkg/subjectEntity	http://example.org/stkg/id/platform_K2BlackPanther
http://example.org/stkg/id/obs_rel_K2BlackPanther_T90_20260205T224449Z_498_d_e	http://example.org/stkg/objectEntity	http://example.org/stkg/id/platform_T90
http://example.org/stkg/id/obs_rel_K2BlackPanther_T90_20260205T224449Z_498_d_e	http://example.org/stkg/relationType	http://example.org/stkg/id/relation_ahead_of
http://example.org/stkg/id/obs_rel_K2BlackPanther_T90_20260205T224449Z_498_d_e	http://example.org/stkg/time	"2026-02-05T22:44:49Z"^^<http://www.w3.org/2001/XMLSchema#dateTime>
http://example.org/stkg/id/obs_rel_T90_K2BlackPanther_20260205T224449Z_498_e_d	http://www.w3.org/1999/02/22-rdf-syntax-ns#type	http://example.org/stkg/id/SpatialRelationObservation
http://example.org/stkg/id/obs_rel_T90_K2BlackPanther_20260205T224449Z_498_e_d	http://example.org/stkg/subjectEntity	http://example.org/stkg/id/platform_T90
http://example.org/stkg/id/obs_rel_T90_K2BlackPanther_20260205T224449Z_498_e_d	http://example.org/stkg/objectEntity	http://example.org/stkg/id/platform_K2BlackPanther
http://example.org/stkg/id/obs_rel_T90_K2BlackPanther_20260205T224449Z_498_e_d	http://example.org/stkg/relationType	http://example.org/stkg/id/relation_behind_of
http://example.org/stkg/id/obs_rel_T90_K2BlackPanther_20260205T224449Z_498_e_d	http://example.org/stkg/time	"2026-02-05T22:44:49Z"^^<http://www.w3.org/2001/XMLSchema#dateTime>
http://example.org/stkg/id/obs_rel_BTR80_T90_20260205T224449Z_498_c_e	http://www.w3.org/1999/02/22-rdf-syntax-ns#type	http://example.org/stkg/id/SpatialRelationObservation
http://example.org/stkg/id/obs_rel_BTR80_T90_20260205T224449Z_498_c_e	http://example.org/stkg/subjectEntity	http://example.org/stkg/id/platform_BTR80
http://example.org/stkg/id/obs_rel_BTR80_T90_20260205T224449Z_498_c_e	http://example.org/stkg/objectEntity	http://example.org/stkg/id/platform_T90
http://example.org/stkg/id/obs_rel_BTR80_T90_20260205T224449Z_498_c_e	http://example.org/stkg/relationType	http://example.org/stkg/id/relation_ahead_of
http://example.org/stkg/id/obs_rel_BTR80_T90_20260205T224449Z_498_c_e	http://example.org/stkg/time	"2026-02-05T22:44:49Z"^^<http://www.w3.org/2001/XMLSchema#dateTime>
http://example.org/stkg/id/obs_rel_T90_BTR80_20260205T224449Z_498_e_c	http://www.w3.org/1999/02/22-rdf-syntax-ns#type	http://example.org/stkg/id/SpatialRelationObservation
http://example.org/stkg/id/obs_rel_T90_BTR80_20260205T224449Z_498_e_c	http://example.org/stkg/subjectEntity	http://example.org/stkg/id/platform_T90
http://example.org/stkg/id/obs_rel_T90_BTR80_20260205T224449Z_498_e_c	http://example.org/stkg/objectEntity	http://example.org/stkg/id/platform_BTR80
http://example.org/stkg/id/obs_rel_T90_BTR80_20260205T224449Z_498_e_c	http://example.org/stkg/relationType	http://example.org/stkg/id/relation_behind_of
http://example.org/stkg/id/obs_rel_T90_BTR80_20260205T224449Z_498_e_c	http://example.org/stkg/time	"2026-02-05T22:44:49Z"^^<http://www.w3.org/2001/XMLSchema#dateTime>
http://example.org/stkg/id/obs_rel_BTR80_K2BlackPanther_20260205T224450Z_499_c_d	http://www.w3.org/1999/02/22-rdf-syntax-ns#type	http://example.org/stkg/id/SpatialRelationObservation
http://example.org/stkg/id/obs_rel_BTR80_K2BlackPanther_20260205T224450Z_499_c_d	http://example.org/stkg/subjectEntity	http://example.org/stkg/id/platform_BTR80
http://example.org/stkg/id/obs_rel_BTR80_K2BlackPanther_20260205T224450Z_499_c_d	http://example.org/stkg/objectEntity	http://example.org/stkg/id/platform_K2BlackPanther
http://example.org/stkg/id/obs_rel_BTR80_K2BlackPanther_20260205T224450Z_499_c_d	http://example.org/stkg/relationType	http://example.org/stkg/id/relation_ahead_of
http://example.org/stkg/id/obs_rel_BTR80_K2BlackPanther_20260205T224450Z_499_c_d	http://example.org/stkg/time	"2026-02-05T22:44:50Z"^^<http://www.w3.org/2001/XMLSchema#dateTime>
http://example.org/stkg/id/obs_rel_K2BlackPanther_BTR80_20260205T224450Z_499_d_c	http://www.w3.org/1999/02/22-rdf-syntax-ns#type	http://example.org/stkg/id/SpatialRelationObservation
http://example.org/stkg/id/obs_rel_K2BlackPanther_BTR80_20260205T224450Z_499_d_c	http://example.org/stkg/subjectEntity	http://example.org/stkg/id/platform_K2BlackPanther
http://example.org/stkg/id/obs_rel_K2BlackPanther_BTR80_20260205T224450Z_499_d_c	http://example.org/stkg/objectEntity	http://example.org/stkg/id/platform_BTR80
http://example.org/stkg/id/obs_rel_K2BlackPanther_BTR80_20260205T224450Z_499_d_c	http://example.org/stkg/relationType	http://example.org/stkg/id/relation_behind_of
http://example.org/stkg/id/obs_rel_K2BlackPanther_BTR80_20260205T224450Z_499_d_c	http://example.org/stkg/time	"2026-02-05T22:44:50Z"^^<http://www.w3.org/2001/XMLSchema#dateTime>
http://example.org/stkg/id/obs_rel_K2BlackPanther_T90_20260205T224450Z_499_d_e	http://www.w3.org/1999/02/22-rdf-syntax-ns#type	http://example.org/stkg/id/SpatialRelationObservation
http://example.org/stkg/id/obs_rel_K2BlackPanther_T90_20260205T224450Z_499_d_e	http://example.org/stkg/subjectEntity	http://example.org/stkg/id/platform_K2BlackPanther
http://example.org/stkg/id/obs_rel_K2BlackPanther_T90_20260205T224450Z_499_d_e	http://example.org/stkg/objectEntity	http://example.org/stkg/id/platform_T90
http://example.org/stkg/id/obs_rel_K2BlackPanther_T90_20260205T224450Z_499_d_e	http://example.org/stkg/relationType	http://example.org/stkg/id/relation_ahead_of
http://example.org/stkg/id/obs_rel_K2BlackPanther_T90_20260205T224450Z_499_d_e	http://example.org/stkg/time	"2026-02-05T22:44:50Z"^^<http://www.w3.org/2001/XMLSchema#dateTime>
http://example.org/stkg/id/obs_rel_T90_K2BlackPanther_20260205T224450Z_499_e_d	http://www.w3.org/1999/02/22-rdf-syntax-ns#type	http://example.org/stkg/id/SpatialRelationObservation
http://example.org/stkg/id/obs_rel_T90_K2BlackPanther_20260205T224450Z_499_e_d	http://example.org/stkg/subjectEntity	http://example.org/stkg/id/platform_T90
http://example.org/stkg/id/obs_rel_T90_K2BlackPanther_20260205T224450Z_499_e_d	http://example.org/stkg/objectEntity	http://example.org/stkg/id/platform_K2BlackPanther
http://example.org/stkg/id/obs_rel_T90_K2BlackPanther_20260205T224450Z_499_e_d	http://example.org/stkg/relationType	http://example.org/stkg/id/relation_behind_of
http://example.org/stkg/id/obs_rel_T90_K2BlackPanther_20260205T224450Z_499_e_d	http://example.org/stkg/time	"2026-02-05T22:44:50Z"^^<http://www.w3.org/2001/XMLSchema#dateTime>
http://example.org/stkg/id/obs_rel_BTR80_T90_20260205T224450Z_499_c_e	http://www.w3.org/1999/02/22-rdf-syntax-ns#type	http://example.org/stkg/id/SpatialRelationObservation
http://example.org/stkg/id/obs_rel_BTR80_T90_20260205T224450Z_499_c_e	http://example.org/stkg/subjectEntity	http://example.org/stkg/id/platform_BTR80
http://example.org/stkg/id/obs_rel_BTR80_T90_20260205T224450Z_499_c_e	http://example.org/stkg/objectEntity	http://example.org/stkg/id/platform_T90
http://example.org/stkg/id/obs_rel_BTR80_T90_20260205T224450Z_499_c_e	http://example.org/stkg/relationType	http://example.org/stkg/id/relation_ahead_of
http://example.org/stkg/id/obs_rel_BTR80_T90_20260205T224450Z_499_c_e	http://example.org/stkg/time	"2026-02-05T22:44:50Z"^^<http://www.w3.org/2001/XMLSchema#dateTime>
http://example.org/stkg/id/obs_rel_T90_BTR80_20260205T224450Z_499_e_c	http://www.w3.org/1999/02/22-rdf-syntax-ns#type	http://example.org/stkg/id/SpatialRelationObservation
http://example.org/stkg/id/obs_rel_T90_BTR80_20260205T224450Z_499_e_c	http://example.org/stkg/subjectEntity	http://example.org/stkg/id/platform_T90
http://example.org/stkg/id/obs_rel_T90_BTR80_20260205T224450Z_499_e_c	http://example.org/stkg/objectEntity	http://example.org/stkg/id/platform_BTR80
http://example.org/stkg/id/obs_rel_T90_BTR80_20260205T224450Z_499_e_c	http://example.org/stkg/relationType	http://example.org/stkg/id/relation_behind_of
http://example.org/stkg/id/obs_rel_T90_BTR80_20260205T224450Z_499_e_c	http://example.org/stkg/time	"2026-02-05T22:44:50Z"^^<http://www.w3.org/2001/XMLSchema#dateTime>
http://example.org/stkg/id/obs_rel_BTR80_K2BlackPanther_20260205T224451Z_500_c_d	http://www.w3.org/1999/02/22-rdf-syntax-ns#type	http://example.org/stkg/id/SpatialRelationObservation
http://example.org/stkg/id/obs_rel_BTR80_K2BlackPanther_20260205T224451Z_500_c_d	http://example.org/stkg/subjectEntity	http://example.org/stkg/id/platform_BTR80
http://example.org/stkg/id/obs_rel_BTR80_K2BlackPanther_20260205T224451Z_500_c_d	http://example.org/stkg/objectEntity	http://example.org/stkg/id/platform_K2BlackPanther
http://example.org/stkg/id/obs_rel_BTR80_K2BlackPanther_20260205T224451Z_500_c_d	http://example.org/stkg/relationType	http://example.org/stkg/id/relation_ahead_of
http://example.org/stkg/id/obs_rel_BTR80_K2BlackPanther_20260205T224451Z_500_c_d	http://example.org/stkg/time	"2026-02-05T22:44:51Z"^^<http://www.w3.org/2001/XMLSchema#dateTime>
http://example.org/stkg/id/obs_rel_K2BlackPanther_BTR80_20260205T224451Z_500_d_c	http://www.w3.org/1999/02/22-rdf-syntax-ns#type	http://example.org/stkg/id/SpatialRelationObservation
http://example.org/stkg/id/obs_rel_K2BlackPanther_BTR80_20260205T224451Z_500_d_c	http://example.org/stkg/subjectEntity	http://example.org/stkg/id/platform_K2BlackPanther
http://example.org/stkg/id/obs_rel_K2BlackPanther_BTR80_20260205T224451Z_500_d_c	http://example.org/stkg/objectEntity	http://example.org/stkg/id/platform_BTR80
http://example.org/stkg/id/obs_rel_K2BlackPanther_BTR80_20260205T224451Z_500_d_c	http://example.org/stkg/relationType	http://example.org/stkg/id/relation_behind_of
http://example.org/stkg/id/obs_rel_K2BlackPanther_BTR80_20260205T224451Z_500_d_c	http://example.org/stkg/time	"2026-02-05T22:44:51Z"^^<http://www.w3.org/2001/XMLSchema#dateTime>
http://example.org/stkg/id/obs_rel_K2BlackPanther_T90_20260205T224451Z_500_d_e	http://www.w3.org/1999/02/22-rdf-syntax-ns#type	http://example.org/stkg/id/SpatialRelationObservation
http://example.org/stkg/id/obs_rel_K2BlackPanther_T90_20260205T224451Z_500_d_e	http://example.org/stkg/subjectEntity	http://example.org/stkg/id/platform_K2BlackPanther
http://example.org/stkg/id/obs_rel_K2BlackPanther_T90_20260205T224451Z_500_d_e	http://example.org/stkg/objectEntity	http://example.org/stkg/id/platform_T90
http://example.org/stkg/id/obs_rel_K2BlackPanther_T90_20260205T224451Z_500_d_e	http://example.org/stkg/relationType	http://example.org/stkg/id/relation_ahead_of
http://example.org/stkg/id/obs_rel_K2BlackPanther_T90_20260205T224451Z_500_d_e	http://example.org/stkg/time	"2026-02-05T22:44:51Z"^^<http://www.w3.org/2001/XMLSchema#dateTime>
http://example.org/stkg/id/obs_rel_T90_K2BlackPanther_20260205T224451Z_500_e_d	http://www.w3.org/1999/02/22-rdf-syntax-ns#type	http://example.org/stkg/id/SpatialRelationObservation
http://example.org/stkg/id/obs_rel_T90_K2BlackPanther_20260205T224451Z_500_e_d	http://example.org/stkg/subjectEntity	http://example.org/stkg/id/platform_T90
http://example.org/stkg/id/obs_rel_T90_K2BlackPanther_20260205T224451Z_500_e_d	http://example.org/stkg/objectEntity	http://example.org/stkg/id/platform_K2BlackPanther
http://example.org/stkg/id/obs_rel_T90_K2BlackPanther_20260205T224451Z_500_e_d	http://example.org/stkg/relationType	http://example.org/stkg/id/relation_behind_of
http://example.org/stkg/id/obs_rel_T90_K2BlackPanther_20260205T224451Z_500_e_d	http://example.org/stkg/time	"2026-02-05T22:44:51Z"^^<http://www.w3.org/2001/XMLSchema#dateTime>
http://example.org/stkg/id/obs_rel_BTR80_T90_20260205T224451Z_500_c_e	http://www.w3.org/1999/02/22-rdf-syntax-ns#type	http://example.org/stkg/id/SpatialRelationObservation
http://example.org/stkg/id/obs_rel_BTR80_T90_20260205T224451Z_500_c_e	http://example.org/stkg/subjectEntity	http://example.org/stkg/id/platform_BTR80
http://example.org/stkg/id/obs_rel_BTR80_T90_20260205T224451Z_500_c_e	http://example.org/stkg/objectEntity	http://example.org/stkg/id/platform_T90
http://example.org/stkg/id/obs_rel_BTR80_T90_20260205T224451Z_500_c_e	http://example.org/stkg/relationType	http://example.org/stkg/id/relation_ahead_of
http://example.org/stkg/id/obs_rel_BTR80_T90_20260205T224451Z_500_c_e	http://example.org/stkg/time	"2026-02-05T22:44:51Z"^^<http://www.w3.org/2001/XMLSchema#dateTime>
http://example.org/stkg/id/obs_rel_T90_BTR80_20260205T224451Z_500_e_c	http://www.w3.org/1999/02/22-rdf-syntax-ns#type	http://example.org/stkg/id/SpatialRelationObservation
http://example.org/stkg/id/obs_rel_T90_BTR80_20260205T224451Z_500_e_c	http://example.org/stkg/subjectEntity	http://example.org/stkg/id/platform_T90
http://example.org/stkg/id/obs_rel_T90_BTR80_20260205T224451Z_500_e_c	http://example.org/stkg/objectEntity	http://example.org/stkg/id/platform_BTR80
http://example.org/stkg/id/obs_rel_T90_BTR80_20260205T224451Z_500_e_c	http://example.org/stkg/relationType	http://example.org/stkg/id/relation_behind_of
http://example.org/stkg/id/obs_rel_T90_BTR80_20260205T224451Z_500_e_c	http://example.org/stkg/time	"2026-02-05T22:44:51Z"^^<http://www.w3.org/2001/XMLSchema#dateTime>
